3.880813202750101332e-01 -4.251315199494478114e-01
3.239789679760001206e-01 -1.263228835206063327e-01
5.795661779429693850e-01 6.986147538008369295e-02
7.532632540628006468e-02 -5.744316412057615118e-01
1.109126623974775905e+00 7.731635163718258985e-01
8.913896301427960411e-01 -3.293481467442408994e-01
4.886377345887408796e-01 -6.620930418614565660e-01
-3.215904544243692320e-01 -5.900954257875822700e-02
7.217482880526050748e-02 6.434025887649643671e-01
-3.014745901456002408e-01 9.779573012724849246e-01
-7.100795533326812459e-01 1.740222674911207301e+00
-3.904574849460065722e-01 -3.502330732479492781e-01
-7.030865851932418531e-01 -3.405612806549009053e-02
2.314271751551234269e-01 1.293761532674043924e+00
-9.351089369379481653e-01 -2.382851336209285964e-01
8.635796817529254321e-01 -1.318200455410641014e+00
1.581712842649708739e-01 6.144737780982874042e-01
5.005672823553936057e-01 2.470417146865163449e+00
1.720187794210310761e+00 -1.239319319538069397e+00
1.519753421837046092e+00 3.447462589454003967e-01
8.096096476455525437e-01 1.667476455773688970e+00
-4.319662608535557169e-01 -2.788144637673498072e-01
-2.669383724555509652e-01 -1.647174206101808647e+00
1.471993098691522395e+00 1.481807609341580401e+00
8.427599844376222338e-01 5.877249600478721969e-02
2.398584152447426343e-01 -1.741607983734679621e+00
-8.701428897245451211e-01 1.186946853731499996e+00
-5.722340745991206790e-01 1.337998898565736505e+00
1.105957644434872433e+00 -1.664264713694176556e-01
-3.532899075944178485e-02 -2.091151040157374075e-01
1.511169637201040139e+00 1.152282405169983148e+00
3.806957774630498337e-01 -3.392194601398549336e-01
-1.750859686131469140e+00 -1.409685819950902808e+00
6.405255602442784246e-01 -1.565004703499267791e+00
3.750715268592325069e-01 1.501861980002501040e+00
1.262082060379301041e+00 6.936277930873508968e-01
-1.310896784637576529e+00 -8.785396113609961199e-01
1.374050122105546112e+00 -1.431367288364143286e+00
1.161391517135610396e+00 4.653068601875128274e-01
-1.033805702344244404e+00 1.967641456809816836e+00
4.382838686920169646e-01 6.116430588552183023e-01
-1.460167875218695066e+00 -1.132745356468114029e+00
1.101717671993435177e+00 9.156860584816994830e-01
-1.109904318480344543e+00 4.312950229814520586e-01
6.468634476447148174e-01 7.615744140690733355e-01
-8.369477172597284964e-01 7.681400744984422380e-01
-1.660058242293378949e+00 -7.449042001384601486e-01
7.382148659242921962e-01 -8.307804324174548061e-01
5.677053385630510540e-01 -1.402372750864384898e-01
-5.684951901814931929e-01 -1.063875580540132759e+00
-8.591066036024110897e-01 7.890257991013635008e-01
1.446893338295224485e+00 -3.194663387061578708e-01
-3.317558520103730535e-01 1.786177304041333125e-01
1.838284821195091734e+00 5.793755763890799937e-01
8.749381547466862363e-01 7.311008380315807687e-01
1.622007428665526607e+00 4.494179420656057578e-01
