-9.584441741891004396e-01 -1.452706500029650460e-01
1.363302985141975565e+00 2.929603879206531258e-02
2.484526447661542514e-01 2.699651193466197641e-01
-1.247750000662841696e+00 -5.951847011578289548e-01
2.125519783557507481e+00 -1.401325154833297226e-01
1.391806412703224805e-01 -1.020749856777733555e+00
-2.332679146710401330e-01 -3.637997369835790917e-02
-8.676856996974657843e-02 -2.964757243320351177e-01
1.448399422553418914e+00 2.454662102045487571e-01
3.292761384631374133e-01 6.404762241044315019e-01
1.336278732948368853e-01 9.107208204151517883e-01
1.470749814594960458e+00 1.890444324984637436e+00
-6.189256863531976682e-01 -7.616431913466954473e-01
-1.023317813248903363e+00 -9.602076224461842946e-01
-6.465167956486079781e-01 1.352944505229705385e-01
6.802068900067453905e-01 3.761504370473093273e-01
3.051128923395261539e-01 -1.778131303728174573e-01
-3.362192841948465766e-03 -6.133423126869839148e-01
-3.509397604140870319e-01 -1.153503050362773230e+00
8.972475833464665929e-01 7.515385046516264156e-01
6.713570956742725970e-02 2.342318854455595734e+00
2.011295448034693401e-01 1.096253027847626127e+00
-1.436744079052056033e+00 -9.822781341819323275e-01
4.655036058831614199e-01 -1.830283104504101477e+00
1.049346299668213689e+00 -3.444851778945311194e-02
6.762097865932263918e-01 9.555046251097307763e-01
3.252462644538024750e-03 -1.738198545397223738e+00
-3.810142969191057660e-01 -3.836235058031814971e-01
-2.100195598752378601e+00 7.614749660545385712e-01
1.607021994137715515e+00 -1.239290037746428874e+00
-6.440545806028070697e-01 5.437994635077507688e-01
-1.783119218303854003e+00 -7.962050043679074207e-01
-8.531438152552394127e-01 2.584074468425057169e-01
2.446894656430155912e+00 -4.338032914595341821e-02
-1.205568883965642546e-01 -1.478320291867095237e+00
8.407912297718067585e-01 5.735609371428158215e-03
-2.182192610067470312e-02 2.053093054155012975e+00
-3.924446865029545539e-01 4.814409376233284021e-01
-7.171715339657952493e-01 -6.961359025704895453e-02
-1.113884493621041694e+00 -3.932832331365121448e-01
2.846528231486663008e-01 -3.866170282853508833e-01
1.230818603379488785e+00 4.221390155085597007e-01
1.114843681375096818e+00 -2.074507318931061661e+00
-1.148429818244220524e+00 2.085910457027675413e-01
5.232751852798918080e-01 -6.157813016120071703e-01
-8.344727407636520766e-01 -8.158157352746614466e-01
-1.942479169443007470e+00 9.458026588900622089e-01
-1.278589452817028072e+00 1.194324960595773977e+00
-2.103415324027617661e+00 -1.648654084348893267e+00
8.516477781045914686e-01 1.866602223549947981e-01
1.036636544772544521e+00 -1.296471467207387096e-01
3.936607165529523722e-01 5.085491089575471246e-01
-1.999299416727266243e-01 -5.563120682960902286e-02
5.084143677036986331e-01 6.624661053301615921e-01
1.062855448833642358e+00 -2.954666312156190688e+00
2.280097068589915510e-01 2.010522897108948936e-02
