-3.312250810589835726e-01 -2.063942631030783459e-01
5.345156697561027626e-01 -9.285054445113671839e-01
-7.658918978254982690e-01 7.668158879843654796e-02
2.533221542002673729e-02 -6.679157545903326998e-01
-1.834740006265969559e+00 2.789195480485521794e-01
5.391759487008540574e-01 -1.558953145686145403e+00
1.399794074060288107e+00 5.490916739261049173e-01
2.233650553976573583e-01 -7.274481378406466581e-01
1.472406240305775514e-02 -1.108464817106940226e+00
-7.390846379421250889e-01 1.629454468284040392e+00
5.847214029999433516e-01 -2.497785860867177909e+00
-2.154720623928183976e+00 -5.510939137736415860e-01
1.403782354122518755e-02 8.718918105399766638e-01
1.496074394868063484e+00 4.328660129813197699e-01
-6.378986014065951560e-01 -1.298627946010984191e+00
9.327412956618573725e-01 7.541402060135781182e-01
2.813737821939258921e-01 -8.927393078872102039e-02
-5.124645216164937234e-02 1.942963721232062596e-02
-1.852684235569129756e+00 -5.343140612368671438e-02
-2.664814894541868706e-01 -7.621340113110633974e-01
3.213831368920964660e-01 -2.279422901898768006e-01
1.695397735985562759e+00 8.679232449933924065e-02
-5.063582515829341268e-01 5.757344649835222095e-01
-9.565010908769464582e-01 1.286928131428970445e+00
1.156352280405499311e+00 3.523296855971665975e-01
-2.939220655967568763e-01 -1.007518799316547531e+00
-1.281634709129291227e-01 -1.303671408772805629e+00
-1.381463992637408600e+00 1.061221876865999336e+00
-4.236098020197641700e-01 -3.110709863922608842e-01
-8.778197448964933924e-01 -1.797936602765847491e-01
-5.838808443150811378e-01 -8.639822050339683590e-02
-5.020935725791599857e-01 2.571841431148664259e-01
2.978002136911132580e-01 9.323913919429519526e-01
1.470353271904983883e+00 -7.685245951780027562e-01
1.071883777858737785e+00 -6.786169017859536301e-02
-9.188105289752677984e-02 6.530848671246531900e-01
-3.610661668986744899e-01 -5.110559433528174544e-01
-1.605526424074585345e-01 2.522213958762078434e-01
2.898872958854360471e-01 1.429242227842765223e+00
-6.558642830499692433e-01 1.809274313877967888e+00
-3.734014512148581266e-01 -1.382756040315049839e+00
-1.188431267082316944e+00 -8.488377094903558628e-01
-8.734128338917104273e-01 1.519324887578374882e-02
1.397147622668093447e-01 -2.746428152519567525e-02
-1.464098713724986567e+00 -3.498316041169299284e-01
4.872413315623873586e-01 -1.474568141093824281e+00
-1.252179686905128708e+00 -9.708107438625060981e-01
1.323792717034916411e+00 -3.685869034154951596e-01
-4.705504485284646710e-01 -9.506540028093210526e-02
-1.540423842852396863e+00 6.441241335230463941e-04
1.466333537549586508e+00 1.962111347058764110e+00
1.444027758498963310e-01 1.274329294651439515e+00
-7.328476794883020951e-01 -4.774429565408579990e-01
-2.192340220785041205e-01 1.510146917632532171e+00
-5.441878117606172571e-01 -5.942088749452484331e-01
-4.991681111572678076e-02 1.326411126786227968e+00
