-8.331512282767543631e-01 2.412430918628375165e-01
1.016074920829616923e+00 -2.548283606422062884e-03
4.492047700291039725e-01 1.788101157114665440e+00
-9.741894878096335475e-02 2.359549277686906754e-01
4.775092548006253379e-01 2.177877482239720663e+00
1.055675803719206662e+00 -2.158076585384085914e-03
1.423773639518647771e+00 -2.012403185475830081e-01
6.004495574515739120e-01 -1.363123981371334947e+00
-2.758976848361112122e-01 3.560802371662774579e-01
-4.225279612217953673e-01 4.550603216554613972e-01
-2.630209308424038550e+00 -2.197793744729445109e+00
3.930005313587183746e-01 9.387201945642408285e-01
-2.647764411787863814e+00 -9.808269299905113536e-01
1.533132523324193253e+00 3.467843103773968205e-01
9.876955009268943986e-01 -1.088797315688584622e+00
1.014000080027579909e+00 -1.689943951157072632e+00
-1.901642242222146562e-01 1.484957216294571447e+00
6.771178514914101276e-01 -2.535086413243505810e-01
-1.530141699666805799e+00 -2.771340754721856037e-01
-6.710499449732655608e-02 -8.079261683902837499e-01
1.394473790450425632e-01 -2.161594763470990055e-01
-3.030545492517598416e-01 -9.787569546944766552e-01
2.612615992824873778e-01 1.436835045470804761e+00
9.193375704825812456e-01 2.047094942410134510e-01
-8.126241932112902022e-01 -3.710170569638543969e-01
-2.625302604367663051e-01 1.814473439892458684e+00
-2.951754792309467246e-01 -2.215582847163753311e+00
-4.093794712505441358e-01 3.741512593081687821e-01
-6.794195859499498891e-01 1.797727606434088854e-01
1.066518967268158813e-01 -1.705081072145438803e+00
1.655958754547098177e+00 9.652918667873430225e-01
-1.968118987385224575e-02 -9.440544508908160770e-01
-7.073650666900013206e-01 -8.324066611876150823e-01
8.194362891332055421e-01 6.374930069089138618e-01
-6.093628200025406061e-01 -2.808984024678475300e-01
3.400911542841690283e-01 6.243447758096447586e-01
-2.135278754168084825e-01 -9.970498483404754975e-01
1.415363406585208983e+00 6.101194985877633759e-01
2.248199778794757464e-01 -1.781519671851975239e+00
-1.430080032816783087e+00 -7.436064981811670860e-01
-1.462051019603177460e-01 4.412352946872984960e-01
3.256597240998801435e-02 2.824326985740491583e-02
1.998413781424141222e-01 -1.345013376156981577e+00
2.017506785339891195e-01 4.089204387232882043e-01
-3.654895257879947068e-01 -1.184872247207108487e+00
4.338379411424701515e-01 6.769287244026376271e-01
-5.267018851371000482e-02 3.957368479928174421e-01
8.865886917133727341e-01 -2.609834063650660618e-01
4.283258489819225662e-02 2.036652987829084438e+00
-1.080810429872332668e+00 -2.830810390511133701e-01
1.520338085182993404e-01 -7.579829763819374566e-01
1.939834813182214068e-01 -9.302899180957605596e-01
-5.055783475902262403e-01 -1.341165145175159168e+00
-3.643796445421387253e-01 -2.208573790919088065e-01
3.359845989752275330e-01 -3.278886171521166321e-02
9.119193175371553828e-01 -3.960773296862134529e-01
