1.189725236062006974e+00 -1.648853809290568018e+00
2.276139708272123530e-01 -6.520606348022682797e-01
8.164759897383956355e-01 8.150789816270801458e-01
-4.665895070748091178e-01 -9.364925337543028583e-01
-3.037940210596274393e-01 -1.664821584266283461e+00
-9.039999006863292941e-01 6.039581976184429379e-01
-1.297297867324261222e+00 6.837046375092056261e-01
1.818007744233725465e+00 -1.811194022082289301e+00
2.051337935657386591e-01 -5.963659337500704094e-01
-3.245167123789308161e-01 4.536300251370920522e-01
-1.296259888412802042e+00 -8.538352123069118393e-01
1.195244077084731682e+00 1.253442806975696655e+00
-1.025330455177531963e+00 2.646445026924519883e-01
-2.504942479768597630e-01 -7.498364187862085473e-01
-8.791883239788633730e-01 -5.269838008397531581e-01
4.001655803456976024e-01 3.085594926947592964e-01
-5.670112823312296602e-01 1.031000689307496332e+00
1.365682152037331898e-01 -8.171940096274793452e-01
8.330629518402380418e-01 -1.171322154723320130e+00
-1.362061168799023170e+00 2.360105657248738886e+00
-1.720575489047629705e-02 3.735885494212393132e-01
2.330640207222644644e+00 -2.691720487943482620e+00
-1.631959039955163560e+00 -9.474315271395893356e-01
1.230965243373560059e+00 -2.293224196707821239e-01
-1.616792739350505270e+00 -1.754569348663800099e+00
-9.798867177877039758e-01 -6.399792452691328848e-02
4.473259904959044075e-02 -2.587824620011831556e-01
1.831565751291602540e-01 -1.049567226477337689e+00
-9.898983254160258205e-02 6.018678413820566231e-01
-7.552738028167602646e-01 2.791455706742089315e+00
-3.270797075902216910e+00 -2.718854515513571476e-02
-8.216538595580422655e-01 -9.114494621682942554e-01
-1.138901257939345824e+00 3.130068249250259060e-01
-1.250806576247427859e+00 2.628385932801902691e-01
1.038036400365424244e-01 1.429216350989874484e-01
-2.720232464382968396e-01 -2.544433540669616689e-01
9.308989673887944072e-01 -5.305769791663603741e-01
6.168073629016956883e-01 4.135614339785989579e-01
5.809790572858299085e-02 4.395998312234478123e-01
9.907585627954032526e-02 -4.933326417800548702e-01
1.090098889343406041e-01 1.897610190240024863e+00
1.779372895658517306e+00 -6.685223952174601525e-01
1.859292455006357203e+00 -1.849967613374455144e+00
6.430192538816823511e-01 -4.416290466403815507e-01
4.607120882989028665e-01 -4.794104942094391808e-02
-1.780286064573877447e-01 -2.750906312087169070e-01
2.654530349969405068e-01 -2.742435551661943083e-01
-2.825759757303441533e-01 -2.865205121065004801e-01
-1.630935104972345062e+00 -1.422537385435948820e-01
-3.525986315081761080e-01 8.439821199831740728e-01
9.526803470813717256e-01 1.675289400930655148e+00
4.830380350276292090e-01 -1.612593068442576882e+00
-1.225582388457243210e+00 -9.948397483340081227e-01
2.948318289191271258e-01 3.148869157134854824e-01
-1.385703866385356919e+00 -1.400309207413027168e-01
1.820737325765271475e-01 -1.627210730115013493e-01
