-1.701694831707933675e+00 -2.950990608118866376e-01
-3.971215692370844152e-01 -9.214057130251075700e-02
1.015293513567614575e-01 -4.210387084798445367e-01
4.061714208845345064e-01 1.650311641462117174e-01
-4.731947542637433834e-02 2.519123472804541963e-01
1.080251663062349321e-01 -1.503295845813549247e+00
-1.074436961263288026e+00 -4.762070577189551068e-01
-2.290828768859585640e+00 2.187596850355491895e+00
1.223491804087437185e+00 -1.517302194804226900e+00
4.898330890190905756e-02 -4.111986642434718037e-02
8.020060941311034641e-01 -2.070267628743902577e+00
-4.913158817981964077e-01 -2.400956933945829430e+00
-1.116299845096579535e+00 2.315699692820919253e+00
2.991637459773568639e-02 -7.851835693429083385e-01
-3.060654968531023590e-02 1.194938350648705017e+00
6.214747884956124402e-01 -4.088521589749615215e-01
-1.002177231355303899e+00 -1.383582587194617464e+00
-1.822431535197999641e-03 -4.268433979425200753e-01
-2.206620629901573927e-01 1.181574340289915037e+00
2.007108938788316532e+00 1.224279950243829074e+00
-1.339926136249342425e+00 1.000535547043988338e-01
-1.670246576509454517e+00 -1.519931064707196189e-01
4.629631100666082855e-01 -5.393704704102486591e-01
-2.048715830903964086e-01 3.697022965771908920e-01
-2.781726264338870228e-02 -8.711314282505087103e-01
-6.554988240024050006e-01 6.501465378726123401e-01
9.043603557976371832e-01 1.418342347055573383e-01
-1.373846506229123632e+00 -9.829611408680390960e-01
3.845628619287742023e-01 1.027462002469131219e+00
1.383641607318296884e+00 -3.120467912990463333e-01
3.753504800902285332e-01 -1.648685541857225267e+00
-1.059796605833476457e+00 -7.950752659625118790e-01
3.199705939634766017e-01 -7.012224482907223333e-01
7.967632581432227967e-01 -1.052130826799244412e+00
-2.986771315028932117e-01 -6.399449106139059040e-01
1.224236698825183212e-01 8.794448642685372963e-01
-1.263762456474621487e+00 -8.085693696966553823e-01
-3.343326405726917416e-01 -3.556196993313693322e-01
-5.180519384050329412e-01 1.341045076286031534e+00
1.652379549108534462e+00 -2.977124950664292724e-01
-1.729718984111393354e+00 3.398039089364718324e-01
5.781389858969103734e-01 1.437575920495044901e+00
-6.155371530182592865e-01 2.899077301026801723e-01
1.157325016094077119e+00 8.979787494240027979e-01
2.509312145577133002e+00 3.405988628111366046e-01
1.304181481718195590e+00 4.814751585619773677e-01
2.403866290593898447e-01 -2.151989914616131705e-01
-1.286466498921255308e+00 -7.951102451693621287e-01
-1.165393096643421167e+00 -1.117370641811238352e+00
1.462361597845969863e+00 -9.548167986861001433e-01
-3.759984000734192811e-01 6.313004876242546137e-01
1.004767160145846744e-01 -6.953174886115695008e-01
1.771632018245389573e-01 7.569260104447683712e-01
2.775106438720538748e-01 1.383535975156074072e+00
1.294107678879187484e-01 -7.330987683123374454e-02
6.172248502581006990e-01 -5.622378914995089794e-01
