-1.049872545580500693e+00 2.277144682385225938e+00
-1.789371094325055589e+00 -6.966847449905188006e-01
-2.728654382209657614e-01 1.403748479759786338e+00
2.458102204468379348e+00 2.978125400679643153e-01
1.047883112830205743e+00 -1.967418829720042339e-01
-1.444248705986286962e+00 9.588783998307700562e-01
-1.176436366782479120e-01 -2.694428888112219700e-01
-1.246160458664007598e+00 1.954356393378838819e-01
1.322513677808883736e+00 -1.874367031777169235e+00
1.545104057313783974e+00 -6.440301845410809634e-01
-6.767856654325181409e-02 -8.472059971378977927e-01
1.833349033912264892e-01 -9.695519329890032179e-01
3.140074026736784374e-01 6.573125548412874775e-01
-4.193369848035006231e-01 2.301180699492205439e-01
1.878346777268997680e+00 -1.031434049498539007e+00
-9.748617104118707521e-01 3.455550646457116737e-01
-1.014272351586932019e-01 7.134237216118191061e-01
4.414660048451296004e-01 -6.096764658531831360e-01
-9.423063355968631927e-02 1.019754071158748276e+00
-8.054554712640759062e-01 -1.545945745543243710e+00
5.672311182479650160e-01 9.226997052516570097e-01
-9.456928230857145623e-01 -5.739246654495240296e-01
9.477358124419965613e-02 1.526572363877696903e+00
1.482282431339394746e+00 -3.132583925595471830e-01
-8.920185153448795257e-01 1.238605195746515841e+00
1.542966456939756092e+00 1.245573530040071208e+00
-2.961598427791918731e+00 7.080875129076901198e-01
7.884024624726971853e-01 -1.098537464026348776e+00
7.963450565583400920e-01 2.131767770598367751e+00
9.622869858624769068e-02 -3.293209255264040736e-01
-7.750148598683165302e-01 3.140319104615660328e-01
-4.752268347913095048e-01 -1.238680874620248611e-02
4.544758376773535002e-01 -1.353449219983062224e-01
4.531681657595108548e-01 -5.332249260920067790e-01
-7.373653454849884992e-02 -1.041608126663531975e+00
4.155439073898288815e-01 -9.231255975646288636e-01
3.175353566133859440e-01 -1.692147846649643683e-01
2.367403233374459348e-01 7.202586339753651590e-01
2.204173396209649916e+00 -4.217923891994433405e-01
-3.151433228905549111e-01 2.285880821478020852e+00
-6.904049261387034120e-01 -5.251565376336680274e-02
1.659035067019116461e-01 -3.924276126827769828e-01
4.947029254867478243e-01 3.773616670658099803e-01
8.170230887081160187e-01 6.658399359501799841e-01
2.298395202571288820e+00 -6.352255397650422575e-01
7.871622908968207710e-01 -1.568767895888740771e+00
-5.974360032817309651e-01 7.602287194909937984e-01
1.871418242289009326e+00 -1.616651312392557716e-01
-1.200102403619897951e+00 -1.076525724814478557e-01
1.532875357521694681e+00 -2.230477585611080116e+00
-1.050397512565825364e+00 1.247519472719954420e-01
-4.489940006264826755e-02 1.123938947370408004e+00
1.994821116678073547e-01 8.868164666190080370e-01
-9.860116995795230599e-01 1.594622459235669476e-01
1.006643631891755541e+00 -1.028002852478932416e+00
-4.079228908572381518e-01 -1.121670677658277659e+00
