-1.153137854466510737e+00 8.125440095950344777e-01
-1.844094138574885244e+00 1.661949456785687118e-02
6.395914680119932916e-01 -9.319348366405730832e-01
4.022533610919386965e-02 -2.401940375067586064e+00
8.757029286894335574e-01 1.119433226697337469e+00
-5.864032948632994513e-01 5.342252339368842584e-01
2.946600230014460031e-01 -8.909173029851256143e-01
-1.018643256454315971e+00 -7.119784259991531750e-01
7.603971474534714226e-01 1.072981984508184050e+00
8.563643352654326871e-03 4.568183016407310615e-01
-3.576555766390153712e-01 -2.081427231839550362e+00
1.147420924798248087e+00 9.727386055071488569e-01
-1.484474133346897151e+00 1.230459633590676560e+00
1.171486997971504573e+00 -2.366995494894291452e-01
6.766723963729019686e-02 -1.332927827007357235e+00
3.491951662386058031e-01 -1.496868746793112548e+00
9.015435287591144764e-01 -2.766895117138065685e-01
1.451120450862100793e-02 -6.301543804536542392e-01
7.697415021928599548e-03 6.630637114725590475e-01
-1.637478855742550976e-01 1.534153097311986569e+00
-1.314288427991038288e+00 -1.310576191193657314e+00
-1.223521801359122474e+00 1.185452656280302941e+00
4.246614578958387565e-01 -1.096822674358806093e+00
-5.881576365111084170e-01 -3.080776498660438567e-01
-1.988906384073913791e-01 -2.167746959437478971e+00
-2.754444533075953716e-01 -1.836433252795547366e-01
3.392861678936862635e-01 -5.049822922789450885e-01
-1.507748640707174959e+00 -8.370455774193451548e-01
9.171046565719229715e-01 -4.620955213826705155e-01
-1.646603140976493351e-01 -8.546396547678329902e-01
5.161255348435898060e-01 1.157072588876147501e+00
-8.627457561824051213e-01 -3.603181469990068830e-01
1.261156775365611216e+00 1.283935455133227377e+00
6.059310831354151050e-01 -5.611971280871239642e-01
6.035050719416102938e-01 1.864644298079922269e+00
-4.227399195465574300e-01 -5.557253555516979970e-01
-1.097625829493606986e+00 3.656428340055932757e-01
2.630745582062487542e-01 -7.032542390099686402e-01
6.890613316145315359e-01 4.953606381248291113e-01
1.485468018003209378e+00 2.960340026051823115e-01
1.090273254165118999e+00 -8.825013734622769723e-01
-8.876057329495476989e-01 -1.739825545968535891e+00
3.327686652478932250e-01 8.780157826951219269e-01
4.675153475748783372e-01 9.409106722703837189e-01
2.799031565744405370e-01 -1.072317995226480747e+00
1.058113125418620681e+00 -7.622292471533965719e-01
-8.164634684560597711e-01 -1.603455192338542057e+00
9.968332543007111246e-01 -4.012618788568493855e-01
5.029414482777205819e-01 8.289718675234293288e-01
1.365638851468659709e+00 -1.023846988312729911e+00
-1.154027712848921139e+00 3.907536774052724482e-01
3.133626248317120805e-02 2.507786023363241523e-01
-4.547361477900472293e-01 1.936999833494750689e+00
4.773708759955509473e-01 3.825841981391941427e-01
2.075851933407065197e-01 -4.159882395423233348e-01
4.738084150830650376e-01 -1.022395626629136745e+00
