6.629910315078301197e-01 -1.341732639967532670e+00
4.519291682351576078e-01 -5.189166663735541585e-01
-1.126731727875719402e+00 1.559271875897325632e+00
-6.342489772921056090e-01 1.119341468665898898e+00
-3.227107323979459819e-02 -1.493680577780237773e+00
1.166904725892123240e+00 1.252159569696071617e-01
-7.158268787477170547e-02 -7.042291469590409303e-01
1.265782209527946289e+00 -1.595933429236206180e+00
9.397817141060089696e-01 -3.405841446552414498e-01
-6.501909168958522889e-01 9.382642376941996432e-02
4.878094197290461231e-02 7.524245705963129582e-01
-9.870046970040511347e-01 -6.576313342984199117e-01
4.872741256683200128e-01 6.154331558403717262e-01
-1.098855673072391737e+00 -1.906661806774011536e-01
-5.634418403553821397e-01 8.611948934615640816e-01
2.930830679274839312e+00 -9.836398968055006797e-01
1.471070813744055350e+00 9.858433565188273739e-01
-8.744468772260584055e-01 -6.315449322857462633e-01
-9.861577935037793008e-01 2.166136864417688990e-01
-5.475434999928471269e-01 -1.257236020631782747e+00
-1.305690815840046870e+00 -5.770746761104040834e-01
3.233807637371152177e-01 -1.750891086767040639e+00
1.756166213068872217e+00 1.193896297223279168e+00
3.524275937454974250e-01 2.928315026231930185e-01
-9.466808533605399756e-01 -7.206847254385333190e-02
1.500533194605374154e+00 -1.323061244037915696e+00
7.110206857886992582e-01 -4.681354893209702106e-01
2.724266511414814018e-01 4.077942462176715743e-01
5.159367966783313664e-01 -1.685649003744023322e-01
-5.534955914261405763e-01 1.020843192000270017e-01
7.730778426377363788e-01 -6.630326457670518980e-01
1.793948525872542943e-01 -1.362783942771249590e-01
1.766326632835223953e-01 1.001667643400910190e+00
1.384126764931927767e+00 2.479442373775957720e-01
-6.478932210900758548e-01 -6.319129423295549719e-01
4.564358926100517411e-01 -2.180714568374693574e+00
1.715031783042849423e+00 8.387718726160615645e-01
-2.160348197071813303e-01 -5.208354001638619835e-01
-1.167890530606810057e-01 6.406941633520470969e-01
-8.073537917237223471e-01 -6.230970290749137108e-01
1.785436702056199809e-01 -1.731415968733018840e-01
1.883678800966998579e-01 1.403807210156107432e+00
-1.741884401640040103e+00 -4.340152241874793981e-01
-6.856051890245090652e-02 -6.039804066405080052e-01
-5.886022832170314523e-01 1.775205042524649501e+00
-1.005035858517625974e-01 1.884538006576110536e-01
3.962329862856920903e-01 -1.529602295929926248e+00
-1.895186119652888301e+00 -1.755535867773002190e+00
-6.809598230698807875e-01 1.814124086739500097e+00
7.476382589535508494e-01 9.406423926000989644e-01
-6.990975564559037680e-01 -8.462851822430962623e-02
4.955898604451678957e-01 2.806004885080624622e-01
-2.852953761276029732e-01 4.292514960447704753e-01
-1.571226491071076037e-02 1.381229208246090301e-01
-4.148681445313772143e-01 7.557097771834662137e-01
6.617577013383781903e-01 -5.651152972976009048e-01
