5.436150645451405250e-01 6.684238315197253977e-01
7.886605326930630211e-01 -1.389901278000457152e+00
2.985605912005394602e-01 5.730301834949719231e-01
-4.126607272950972849e-01 -1.573054516519311052e-01
1.076938855264149231e+00 2.062700708933681071e+00
-1.296757673831853808e+00 -4.084452707373152358e-01
-4.403220792250111537e-01 -1.542429675438438563e+00
-1.615146768747065531e-01 6.369512458304767977e-01
9.033130912709106397e-01 -3.237203525989643116e-01
3.871099851101050815e-01 5.319278423324026450e-01
-9.876933612417178043e-01 8.920909147762304814e-01
-4.188909230123899485e-01 6.481529541386419346e-01
8.423955080819341967e-01 6.665963789598238209e-01
-2.313803924480134500e-01 -1.474570611937930043e+00
-1.073489950384231006e+00 5.476581678302211431e-01
4.977447294212862805e-01 -4.049697328886913139e-01
4.297641561661736387e-01 -4.056843830513330307e-01
-1.874468603536122782e-02 8.987266356111858756e-02
1.256094441803789173e-02 1.964428991521398604e+00
5.995406403464513811e-01 1.300021929098815088e+00
1.480368448585309138e-01 -1.897699021819946097e+00
-3.193761038962039112e-01 -1.159615425034560721e+00
1.770394525729426793e-01 -2.017653149855721750e+00
-1.079527858061873680e+00 9.454857397169077471e-01
-9.148236965118626829e-01 -1.670889044071387275e+00
2.305650489599489483e-01 -1.478871561804480983e+00
4.392093232886348231e-01 -4.183962464192280128e-01
1.309027906929440155e+00 -4.640823185686243635e-01
-2.911985760392939993e-01 -6.604389793325531333e-01
-1.157014226739224716e+00 -8.790384087697641347e-01
-1.005472200442016212e-01 -8.789723676730423207e-01
2.999790450307853740e-01 -1.949357562885329465e+00
2.296152204169325528e-01 -5.653302727331963595e-01
-1.967012877778738789e+00 8.540215380671944967e-01
-4.071387446397449206e-01 8.914531098787821517e-02
8.704489105119599390e-01 7.594954370769912977e-01
2.646686813344197864e-01 -1.665229541337810149e-01
1.428000567377607277e+00 1.330400268128875574e+00
-1.961831571611828973e-01 1.036396234914892744e+00
6.815689161999226309e-02 -5.505019357324013596e-01
4.918631364706511078e-01 -1.180780184814975486e+00
8.127854937962725179e-01 -8.225287234476654774e-01
-2.001121229194360307e-01 1.721981870563176642e+00
-1.100691281534135202e+00 2.626902522762250558e-01
2.344947785607954804e-01 1.142217359077809302e+00
4.617558004871269439e-01 1.315350163546199491e+00
-9.526526956668948110e-01 -5.774339652121813771e-01
-1.624751645042396442e+00 -1.288379345725665148e+00
-3.249820883697691204e-02 -1.643162304089530013e+00
-1.379852962651701764e+00 -5.471394119428730773e-01
-1.041046206742950592e-01 3.980072629353225699e-01
6.202813008161887076e-01 -6.271985585623801596e-01
8.160043003231691738e-01 2.043490073266734264e+00
-1.621144149474921692e+00 2.624048744751451001e-01
9.640767068650760718e-01 1.191280282921992173e+00
1.498747981840999610e-01 8.483838069248155200e-01
