-4.639182658966164441e-01 -8.186972848689507698e-01
-5.752872648350401130e-01 -2.186303629616599131e-01
-8.842159741017798780e-01 -5.423606665875901900e-01
3.120970642919970173e-01 -7.558742520521961605e-01
-1.074254818554250424e+00 5.843245882870751196e-01
9.517240095340299133e-01 -8.690801389309726899e-02
1.078191324286356778e+00 5.919108251598215881e-02
2.995272613701647213e-01 -1.935920960151807646e-01
5.321229177518723569e-02 -4.906264937694622130e-01
5.653552345853605360e-02 5.502977025506885500e-01
4.410265627963443902e-01 -4.816259443984255428e-01
3.904801485954833007e-01 3.455658434535412993e-01
-1.660051530582423163e-01 -1.903720104979684802e-01
-1.448119575595496089e+00 1.202489498391559497e+00
-3.007378739363243181e+00 5.255343093594602721e-02
1.329122709936196189e+00 1.954727660807420442e+00
6.377728034985299388e-01 1.553894751589116607e-01
-1.869066704458220984e+00 -6.719673490681801198e-01
5.044204852961594598e-01 1.338732287950688438e+00
-2.500116983111023705e-01 5.543288366619656404e-01
-8.841537267866373950e-01 6.489825294489670604e-01
8.471610364142457827e-01 -7.775248250309972908e-01
1.273213693470331531e+00 7.480695808384772716e-02
1.353278288815650487e+00 -7.686705169064125265e-01
6.318871788280878699e-01 5.554558705983415196e-02
7.363343218829935255e-01 -5.364779467393279155e-01
1.578150588807919918e+00 1.097492403919419601e+00
1.012525522564526659e+00 2.061753345996373277e+00
8.820778525136973025e-01 4.589512630160610396e-01
6.027715063309850851e-01 5.647249057951008178e-01
1.877674528286028099e+00 4.449116147987265402e-01
8.193177033008509635e-01 -4.831801192751177254e-01
1.706170756281459311e-01 -7.832675529083111821e-01
5.274244381908745893e-01 -2.381377038598843365e-01
-2.915352776115098243e-01 6.894480286833774008e-01
2.282620545002520679e-02 -1.519360322240939087e+00
1.779303451664284275e+00 3.554583082779105285e-01
-2.369651396982033476e-01 -1.748201189373588538e-01
8.590066860364811152e-01 -1.549875080163716001e+00
1.531492075251577489e+00 -3.499490554343923088e-01
-1.884707487140419468e+00 1.622590874740205691e-01
-6.120738711765653095e-01 3.524504307558057326e-01
-1.279074171060083254e+00 -7.277718927227333490e-01
-5.223477589644268670e-01 4.870624288271643842e-01
6.983928107627831450e-01 1.164774345630682495e+00
6.793291512498957907e-01 4.410354821558212235e-01
3.666454442798189328e-01 -1.868629141942402372e+00
1.131286789149054117e+00 -8.834461627392840022e-01
4.917128715119400972e-01 -8.258309373669154851e-01
-1.077773187076614292e+00 1.138906300036880870e+00
-4.988670214104529849e-02 -1.808001951653507022e-01
-8.759268270997898620e-01 -5.016633266769440214e-01
-6.783712947386482117e-01 7.862488310279874826e-01
4.446330860784182826e-01 1.538221844293917277e-02
1.165582982661059974e+00 -1.134174682529480060e+00
2.657576051540249118e-01 -5.145988311482580652e-02
