1.477539347273957970e+00 -1.121691039554263344e-02
6.932153648235038768e-01 -6.017406383745147469e-01
-1.671227017088922517e+00 -8.482353469339883878e-01
1.191243323308284863e+00 -3.302852421291875840e-01
-1.609833507360599825e+00 2.782397429717726745e-01
-5.665822042293641170e-01 -2.751216802399964467e-01
1.447702602928000237e+00 -7.068599432909551394e-01
-2.332544500530277620e+00 -3.534249799082623267e-01
-1.798547877009349483e+00 -1.599350448196253938e+00
-7.445307650438366676e-02 -3.331603927186566061e-01
-4.732284761822402319e-01 1.765361228293797824e+00
-2.146771832319550044e-01 8.865839149342438219e-01
-1.248216908473516851e+00 -3.233619449226828868e-01
5.919211412736391509e-01 -7.338662611484572107e-01
-2.432576004101030531e-01 2.644424878718707905e+00
-4.180772217956568726e-01 1.657209912803471852e+00
-1.253331901356933287e+00 8.109190351200229463e-01
-1.794427735938612711e+00 -9.319733842802911949e-01
1.558247795568115768e+00 -1.410721637289519048e+00
-9.115875987106992762e-01 1.786906767638809790e-01
-5.555619592088837377e-01 1.195745953119105698e+00
-5.863513264187695251e-01 8.385672734409292950e-01
-5.714302754738055379e-01 4.663448405446257161e-01
-3.690875958365472664e-01 -9.679592813683580710e-01
3.165999844851595801e-01 -1.220801099149799729e+00
-8.888210311918014472e-01 1.857697088934222140e+00
3.552432255572821052e-02 6.048377047399036144e-01
1.409241530265405551e+00 -1.087468621168987681e+00
2.599486827088917984e+00 9.339870583213374378e-01
5.615972695156752348e-01 -2.231337944657697303e+00
-9.228507334255580119e-01 4.271810730874893713e-01
2.255261960305946639e-02 7.255745551759760215e-01
-9.902639884463064757e-01 -2.230568242493738695e-01
3.782901738727489221e-02 -5.143709565651686244e-01
-6.307217877453257238e-01 -1.596941294243884035e-01
6.044925272830411478e-01 -1.019752796522239935e+00
6.675908292713768066e-01 -1.103798006061488257e+00
1.622453922770468807e-02 1.287062839640732426e+00
-2.960608282157956572e-01 -7.097198494342221720e-01
1.408956810230873602e+00 -7.242824160987981763e-01
3.098978224049119268e-01 -4.653499546850170358e-03
2.055436047890872420e+00 -2.517296415102834306e+00
-2.382823812450987067e-01 -6.167808621460841856e-01
-2.057072588234655885e+00 5.181232876219649119e-01
3.706353894742108745e-01 -3.798147736862623747e-01
1.656191483898640016e+00 -1.143821443100084601e+00
1.321830242740085204e-02 -2.409443879687667711e-01
-1.433912840606700323e+00 4.817794284883716860e-01
-9.404246397898660126e-01 1.104665519086170722e+00
-8.416915166393431624e-01 1.101848853471628642e+00
5.183467704374704610e-01 -2.211248653919511753e+00
2.237612778756015441e-01 -1.010460945261016041e+00
-7.581264847666574491e-01 2.464916208068714254e-01
-3.995439726489621868e-01 1.662219166771087941e+00
-4.769260772688823646e-01 7.641910200457611158e-01
7.834186084703486097e-01 1.857374135828588901e-01
