5.943569569265674257e-01 -4.706248520770150989e-01
1.238059300907824678e+00 2.657446539771840532e-01
-1.878963644205691730e-01 -8.392406954739829450e-01
8.127753931500389384e-02 -9.611057368955253644e-01
-1.412373764834560508e-01 -6.936968698569004887e-01
1.993509661076467432e-01 -1.393477576128669515e+00
-1.270107106923960893e+00 1.190086078549809523e+00
-3.342737921086640918e-01 7.773386790681420244e-01
2.480787444432793531e+00 -9.366473679751622372e-01
9.019141274203920089e-01 1.166965070088497702e+00
-1.765523299366739796e+00 7.730607701160090439e-01
-8.987795868069015093e-02 1.312338219870220701e+00
-6.813800420353584020e-01 1.975071060731261874e-01
3.549147508414817187e-01 -9.304276935381512043e-03
1.503982886016454579e+00 1.038334848327945092e+00
5.643750804374703112e-01 -6.717745854119001880e-02
-4.272201057637909916e-01 7.173916899946526371e-01
1.383797130249112550e+00 -2.885219086018518952e-01
4.426657057716432697e-01 -1.606290239540433262e+00
1.647772418259298433e-01 -2.241937252975513495e+00
-1.228578133007867557e+00 -9.870225010660409193e-02
8.539131189791845378e-01 -4.443952660319771542e-01
-3.189205877936093225e-01 1.032000121531994052e+00
-1.132438024983467351e+00 -1.070999194039798097e-01
-1.067075900280809009e+00 1.489617959493168442e+00
1.084502911068383701e+00 -6.778723423537085235e-01
-2.033837154869172270e+00 1.093352999333668141e+00
1.329470282553683602e-01 -9.020975252566817426e-01
6.322427934224157386e-01 4.312539787723658757e-01
9.565948408424527205e-01 -5.002912759231628037e-01
5.163972031843616639e-01 -1.163840705590664548e+00
-1.678771369911767675e+00 -3.976191118796294499e-01
-7.271990777563307473e-01 -2.982870563796012342e-01
-1.992929333504112499e+00 3.797537228456766556e-01
8.743551039173308448e-01 1.183600311359162827e-01
-2.425080936217312022e+00 1.486356047003628278e-01
-3.128042202075161704e+00 1.948537547797135394e+00
8.567574033630724895e-01 2.229076409733735664e-01
1.619349428031782612e+00 1.810581905519569323e+00
-2.117378794102279804e-01 1.157970591535964822e+00
8.869199408448610322e-01 -1.307557639216256229e+00
1.396124143780419713e+00 -1.446523946821927087e+00
7.923763371530855304e-01 -4.862593894584780752e-01
1.788922800874961361e-01 -1.133577944817987682e+00
4.694698974818423687e-01 -9.881666941775705260e-01
9.771703575772103245e-02 1.456343297622036514e+00
6.056690130882437240e-01 7.730585216486718370e-01
1.030497834260262202e+00 -7.865693639934667747e-02
-1.626769234518700771e-02 -5.413585564201695705e-02
3.324090890023318479e-01 2.886755273614075371e-02
-1.709160297677013163e-01 3.879014669508035751e-01
-6.588002034607223223e-01 1.211184780423658847e+00
-1.293230100849924069e+00 1.210360066577390592e+00
9.268653053806358288e-01 -5.795382551899062873e-02
1.448261214201056246e+00 9.630599222298629192e-01
1.120864278876700704e+00 1.710132243637324245e-01
