-4.037460273932327870e-01 1.170378013600138267e+00
5.042707567757390708e-01 -1.074804262449230219e+00
-7.624960487821076383e-01 -1.984814312199547848e+00
-1.031989723946240334e+00 1.035337971336510954e+00
-4.025642028635249003e-01 7.677837780585596850e-01
4.324557588618325732e-01 1.130572575356079357e+00
-7.441445045331039898e-01 2.844706923766039175e+00
-1.011220168739627168e+00 -4.251189338835353881e-01
5.866310663485773125e-01 -2.345968600811475235e-01
3.856356525119054024e-01 -1.117542690491886370e+00
1.262035032930954648e+00 1.175797668708330676e-02
1.926885755991542437e+00 7.573546700579776303e-01
-1.125385112182439029e-01 -4.654938013714738365e-01
-2.233887593170633679e+00 3.313412598392800543e-03
8.820957294003700655e-01 7.313848008933696576e-01
1.346912191363456079e+00 -8.911754916722651743e-01
7.636635444921496818e-02 5.057328609046379125e-02
-1.102876265616266283e+00 1.255972154375637473e-01
-8.672395963352380610e-02 -1.130780956117599795e-01
6.859660037392828480e-02 -9.820760941580819470e-01
1.576940362014995323e+00 -9.892581916912216444e-01
7.041466705985086616e-01 -6.799417177707073323e-03
-7.718505233525160270e-01 1.779152195453371776e-01
6.214202734153327912e-01 -1.665583248989937482e-01
1.674772585745708600e-02 6.614483586485546407e-02
-1.584445498799354146e+00 1.705735992713999005e+00
2.521698365162432509e-01 -4.416836809570329203e-01
5.688751324425059264e-02 1.685769647477792788e+00
7.821356038557744084e-01 -9.328414608000938912e-01
-1.877947141207704451e+00 3.024899076893016181e-01
-1.466741334219119119e+00 2.537491919915715183e-02
-1.269083205317176111e+00 -1.169499126663610111e+00
-2.755790924539693321e-01 -3.082469081019295065e-01
1.073443416856231458e+00 -5.188120322995586342e-01
3.909995758496419282e-02 -2.611299864164779438e-01
1.180240235612548316e+00 6.400776365669307300e-01
-2.565848537531946749e-01 1.978579828053271261e-01
-1.074017201505731878e+00 8.985647355235157896e-01
-1.052015428604003988e+00 1.332807185621241564e+00
1.924458783155406749e+00 5.687600818225957422e-01
-4.120156317323031558e-01 -5.219370268151146686e-01
-1.030308593184174004e+00 1.217183541422732995e+00
1.044784919478762841e+00 1.118627193286786392e+00
8.759649559108418915e-01 7.647853916873014191e-01
-2.314713389969677682e+00 3.229240991981974784e-01
3.541572776957587019e-03 2.042745681474520847e+00
5.660287150877868489e-01 -4.520783363642131292e-01
-1.551779304142539617e+00 1.757908012810514009e+00
-7.599678899485096117e-01 -1.367624985062996457e+00
-8.906069476016557074e-01 1.379949204136502461e+00
-7.993807334895953742e-01 3.048786143721717856e-01
-1.530589033654355946e+00 -2.807292562056020735e-01
-2.104638852129942173e+00 -1.147896697719671608e-02
8.427135003519765633e-01 3.796126091236681210e-01
-4.815466818789242986e-01 -7.781661900457688130e-01
-1.280040461224646098e+00 1.376244466106587572e+00
