2.098046229564207721e-01 1.355795612433840225e-01
-1.047754235278267609e+00 1.433137813676197414e+00
1.350280198618660332e+00 2.774026047267564299e-01
4.073864507894661702e-01 -1.487004207618597640e+00
9.305153848872460554e-01 -9.574065700404876811e-01
4.210127898442628802e-01 -5.286530682020929017e-01
-1.251519026865826056e+00 9.489835193517103251e-01
4.776613466039213995e-01 9.757215422710345809e-01
-1.293785194274858164e+00 1.265595305341996157e+00
-5.093676159018595967e-02 -1.341436989737162799e-01
-3.534072687076348362e-01 -1.251904480411647480e-01
-5.706107635154937796e-01 -6.531477205679167009e-01
-1.348207360304300106e+00 -5.044618019094301298e-01
-1.198635573993277914e+00 1.469126226186400208e-01
-4.733675892430249665e-01 1.241391847571737372e+00
-2.023275830713358037e-01 4.296974859017655413e-01
2.500039740026033797e-01 9.785121944983766751e-01
-1.083235121050904359e+00 8.843788144276802654e-02
4.896630275118336595e-01 2.131512098664561705e+00
1.348297886218345010e+00 -5.538023570388842520e-01
-4.149226534033428337e-01 4.629152647561980416e-01
1.801031855734572806e+00 1.684572595800088113e+00
-2.829660097924699080e+00 -8.685044287223252502e-01
-7.985453628767344991e-01 6.465736739315515180e-01
2.135695931490353208e-02 -1.634420622973757009e+00
-1.313838327810325779e-01 6.166936064768095971e-01
1.259387482101501131e-03 -7.778666875528604807e-01
2.287012614655519638e+00 1.610678393917412965e-01
2.012358273536304143e+00 1.673893025317420846e-01
-1.305103146926927637e+00 -4.490575435299666296e-01
1.267935169816591934e+00 4.553025709342616856e-01
-2.606549897089202594e-01 7.290756102844209163e-01
-1.262374588648941476e+00 7.747486441619471087e-01
1.033355641059210184e+00 -4.267889599492844521e-01
6.069354572382666957e-01 -1.328831070900442501e+00
8.700441637848534970e-01 -1.961446159485335627e+00
-8.874332212338954529e-01 -3.355408698680423241e-01
1.039355644433211712e+00 -1.413001995680922621e-02
-1.841405168274909965e+00 1.619843546840435966e-01
3.956241206797216914e-01 -2.196193893032143130e-01
-4.838391089036416792e-01 -1.541407537868501598e-01
-1.058486281003081231e-01 -4.038136136072447147e-01
8.442592289439450060e-01 -2.804163733873791253e-01
-3.023630367843788691e-01 6.543725482928973713e-01
-1.872161596823306517e+00 -1.693639195367479866e+00
9.447348822372624300e-01 -1.507897719243237677e+00
-5.621726941754835449e-01 -2.780545630362655785e-01
-7.232508372344731429e-01 7.435654177075637916e-01
6.900606744435403006e-02 -7.675341200975792644e-01
1.071656662778498692e+00 1.457327845089509522e+00
-4.899437293564828377e-01 1.188558423025214639e+00
-9.163796164378158748e-02 -1.027726966592894975e+00
5.485081253155615899e-01 1.817881159555314458e-02
-1.343560051362825414e+00 -1.334393247888971401e-01
-1.386496185062850772e+00 2.139436847320169421e-01
-1.215713839628416837e+00 -1.314176254925041754e+00
