-2.148598673055694963e-01 3.404469747401485114e-01
-2.243746311388080894e+00 -5.407423829197458565e-01
-2.255963848001389493e+00 -5.867371814222462900e-01
-5.012061410275235884e-01 1.230930730235092030e+00
3.199069062714947620e-01 1.324307244125914718e+00
1.126849138526012872e+00 9.585421001992403545e-01
-2.189716920359885410e+00 -1.165065854334605966e+00
1.010091443014214052e+00 -8.015904169656459244e-01
-9.582026844824975687e-01 7.647762537376636693e-01
2.034448911077102740e-01 1.768684144495148436e+00
-5.535969298354695978e-01 1.941371769547464987e-01
1.136230970398829587e+00 8.276405400391050327e-01
4.390595488331049956e-01 3.083774390902734308e-01
1.350784375088285305e+00 4.095032865698720603e-01
-1.455647827051990362e+00 -6.363534473400023206e-01
5.316806603291404087e-01 -1.906392245515714734e+00
-3.581697450970263152e-01 -8.672927108993803147e-01
-7.687953538841199030e-01 -1.107438874271984286e+00
9.183480819734292089e-01 2.811475344845959165e-02
-3.765621550186986077e-01 -3.862152242034603278e-01
-7.023992153409894801e-01 8.114115706491245583e-02
6.078003541056679060e-01 8.226338281605132252e-01
9.717850033978719937e-01 -1.696059250120915296e+00
-6.464855064543474361e-01 8.236895348676135375e-01
5.766765677658194367e-01 1.785023552228303390e-01
4.523643771344886821e-01 1.003008858264543557e+00
5.006272092165006127e-01 -1.764234133972241436e-01
-1.440261356304401441e-01 -1.693863862053692770e-01
1.134823868766422633e-01 5.127596972685166676e-01
-2.190636595575039536e-01 -1.755904413998158331e+00
2.246717384100755943e+00 -1.440017078830294839e+00
1.066931441301278261e+00 -5.628124240007882362e-01
4.151573436893803669e-03 -6.232797251799190308e-01
-1.456421050605557044e+00 -4.623064238188338004e-01
-2.180102814877267203e+00 1.223331646030478316e-02
1.155825466870614271e+00 -1.183023103694152534e+00
2.189559220420512486e-01 -2.478043245717560794e-01
-3.118573163083220301e-01 -4.473337997778690789e-01
-4.067987903578983988e-01 -1.308420600559632163e+00
-1.135926035080983887e+00 4.320762730694073794e-01
3.723557936447114414e-01 -5.492212535746732877e-02
-1.956785268763867047e-01 -4.541913243263943079e-01
4.024828518533441479e-01 7.899832068381418271e-01
-9.440169280733744506e-01 -2.134723481444637250e-01
1.047041113863866058e-01 1.609142443284008905e+00
6.043540037324690584e-01 1.979229928342596923e+00
8.236228944120543849e-02 6.231234178920141975e-01
-1.021880164085935683e-01 7.970153712198727591e-01
-3.617330048605272297e-01 -1.572899653682706234e+00
1.033268813846454637e-01 1.046804674575958938e+00
-7.399101210322143185e-01 2.393822263938157058e-02
-3.886127719018454552e-01 3.441321119683848906e-01
-1.829324209546826285e+00 1.440752828023819099e+00
-1.007108473810232718e+00 -6.802028280916552205e-01
2.891804611332584804e-02 -1.333038282946884312e+00
1.788174938832477467e+00 -6.211675117335533347e-01
