-1.198345219543180962e+00 -4.940210382044857296e-01
-1.868880114824066352e+00 4.341372565246927606e-01
6.115327604018584717e-02 2.240100176218685846e+00
2.842525201861701434e-01 -1.192559318958681613e+00
1.203727002188452078e+00 1.158398116751835794e+00
1.235108424628060364e+00 5.368063520569663627e-01
-1.116639241499439023e-01 -6.627891111473215302e-01
1.318218283658755041e+00 -9.009933777402920896e-01
-4.711991766880240795e-01 -8.018335847078958967e-01
-8.231098798441833786e-01 9.841598446129206090e-01
5.975007193850775389e-01 -1.719643368169750275e+00
3.236511043212982053e-02 -9.148280671880150150e-01
8.086588737456771314e-01 -1.006432981507805025e+00
-7.926723643007883569e-01 1.618489052362903635e-01
-1.109101691726364303e+00 2.726381362902318140e-01
-2.285080611026866493e-01 7.345693973173247349e-01
1.240189670629624263e+00 6.683713725732522148e-02
-9.345564380125966908e-01 -3.160779411895495161e-01
-2.760951020144188361e-01 -1.741536932606725596e+00
5.050408641113839359e-01 7.653313246492746691e-01
6.554722198361092600e-01 -1.220180922021451231e+00
2.657497366012574247e+00 -7.286832048441428400e-01
-6.666253984076241368e-01 7.197509028347749416e-01
1.029772859295300241e-01 1.515117044639472610e+00
-1.301516776172491285e+00 -6.342841179951408392e-02
-2.109950290714688315e+00 -3.515166178217626891e-01
4.628393683283481552e-01 3.615773406076467356e-01
3.042475399865292585e-01 4.429199577256410364e-02
7.603957120905073808e-01 -8.077673427216213176e-01
3.044409367159200408e-01 -4.872477387559788764e-01
5.206537801869862703e-01 1.770257180637760719e+00
-7.692392131821748080e-01 -1.107066058656732375e-02
-1.182030178896814610e+00 1.374562274678342799e+00
-1.406984487384708160e+00 -4.591341649402482794e-01
-1.352587653202548479e+00 -1.175379830677421911e+00
8.332760034745922972e-01 2.226791581936572451e-01
-7.458938620153963972e-02 4.472623023707165690e-01
8.966668787967766452e-01 -1.397522784965655296e+00
-2.015840634802521514e+00 -7.809384939835810613e-01
-1.554342150513666088e+00 1.733607606581323513e+00
-8.985643181357824139e-01 -1.102290648151588393e+00
-2.037764492162779674e-04 -8.727814284029385972e-01
6.636308128955408225e-01 9.051226685135463010e-03
7.159729538887036338e-01 6.753174233234333634e-01
-2.173596631218615016e+00 -1.271182776801208725e+00
-1.753411550561113363e-01 -1.085744649028427711e+00
-2.370689772497530934e-01 -3.969746455661659623e-01
-2.088911900681032496e-01 -5.432813478709120902e-01
-1.057639332861494141e+00 -5.512326273918570774e-01
-1.499169740049812960e+00 -5.067236872834047778e-01
-7.767796742803536603e-01 -1.644793661821166708e+00
1.725157610298929112e-01 -1.532287836632102440e+00
-1.157559554406577956e-01 -9.648575742418218359e-01
1.122001681537457413e-01 -3.739615916052718703e-01
-1.256357917962698023e+00 -9.997014564803868852e-01
-1.347193651655314017e+00 2.946199791653836830e-01
