4.565656720616570463e-01 -1.525454747100903008e+00
6.317047316547558244e-01 -1.102881374494156519e-02
1.832183211692667846e-01 5.403469491961516713e-01
-1.023094753590753525e+00 -2.026233764518781122e-01
-7.384318542090908544e-01 -2.960338655525406870e-01
-1.571408177647471538e+00 -1.211631231639642009e-01
-6.396492112314299261e-01 8.728364894280531139e-02
-5.644067183904215579e-01 -1.760938036997240774e-01
1.643869681200169353e-01 -6.746577079901362461e-01
1.007735162421947994e-01 1.828030390537253302e-01
-4.498457441951796976e-01 1.017648464815588794e+00
9.581896808996163140e-01 1.627648698285909745e+00
-1.331207858366231456e+00 1.242433453293132928e+00
-1.637145929765662977e+00 -3.836361649697648812e-01
-3.539365764003680193e-01 -2.953241231658652044e+00
1.449370729919562839e+00 -6.890402863403479738e-01
-2.073107706320014731e+00 -8.633964657383768060e-01
1.594859973809240605e-01 -1.626570843644151720e+00
3.159002926081789786e-01 1.668716793868253667e+00
1.184838170889477155e-01 4.740903972482298778e-01
9.439384815833200548e-01 1.366030311164223354e+00
5.965659725506291533e-01 3.172758450538786801e-01
7.854711573160255700e-01 -1.598426414292138387e-01
-2.217944324675259260e+00 5.416121205520771920e-01
-5.018175204209849305e-01 -1.233404951988753773e+00
-2.463416192532138782e-01 -2.343342547019686251e+00
-9.580043333801558925e-01 1.007431582398913283e+00
-2.730031924651811770e-01 -1.704692436538389311e+00
5.771981587853615148e-01 1.226103020533948929e+00
-1.677729826422034720e-01 -3.810667070403136458e-01
8.723167155829927299e-01 -8.153260505128168134e-01
-5.925244168281619261e-01 -2.697622185564861330e-01
-1.771633443988073431e+00 8.965442430075401536e-02
-1.251639404214291151e-01 -1.794556829413835874e+00
-2.914069332888217789e-01 8.845527908992312227e-01
1.516417218790205856e+00 -1.695742413183822350e+00
3.325481129889709120e-01 -5.005443912563807274e-01
3.459881152166475737e-01 -1.630280769366625193e-01
1.357376100916582784e+00 5.477208118884970833e-01
1.493602164244313357e+00 5.158600433253231199e-02
1.499264331513622039e+00 8.538848120606910841e-02
1.396065841794263296e+00 3.561251671610426994e-01
-8.371366139099893910e-01 -1.155793233416546828e+00
2.638363533742179440e-02 4.601167539170957776e-01
5.127963659366120419e-01 -2.621669977994750371e-03
-3.219479834362721227e-01 5.418169950970429527e-01
-1.161488092330729360e+00 -1.017171697991472890e+00
-1.115829717342730953e+00 -2.735572905663852805e-01
-7.033971005552718259e-01 -8.034372554448904191e-01
5.142457336790774020e-02 -4.434541862156345382e-01
1.216041154140394154e+00 1.786152657081091777e-01
-6.101968980434049894e-02 2.118956731286341544e+00
2.881936149521214727e-02 -3.326063819200899552e-01
-1.279606297175639451e+00 1.447267231456590975e-01
-5.183545290886953927e-01 -3.991608224567494978e-01
-1.796199955632411527e+00 9.914965959369499426e-01
