-1.285914212224851028e+00 -2.107760051835384729e+00
9.802132715853122402e-01 1.524060305882435351e-01
4.846808674485634238e-01 -5.418721890972808541e-01
-1.623987594188262662e+00 -7.516817831923534587e-01
3.727935661386649890e-02 1.003541814027175016e+00
-7.507406240608199832e-01 1.113916156166935068e+00
-4.954746557978916832e-01 -6.014221811075501911e-01
8.994688177163768783e-01 -7.706855026032964628e-02
2.203792269548980609e-02 -1.645678131451838944e+00
-5.434719996179711299e-02 -1.293031555532068388e+00
3.276637119992028002e-01 -3.025114887090470384e-01
1.215176347586279126e+00 -6.489841027458104206e-01
-1.672610231612813025e-01 -2.942955944721588946e+00
1.069230915310711155e-01 4.078466913513098535e-01
-7.413929319384320316e-01 -3.481002400417938514e-01
2.443846143224559508e-01 -8.094837537294564678e-01
-1.496468874703158702e+00 3.218621435783119988e+00
9.345113950344505760e-01 -1.021728624003482577e-01
-1.585469994536166993e+00 -2.230785472717053963e+00
-3.764502277352796966e-01 1.073800174051981582e+00
-3.263694156312863526e-01 2.130795765656186003e+00
1.101618954085619162e-01 3.033008202048122492e-01
1.427631855552770279e+00 -1.595085307797485363e+00
1.754923698103280527e+00 -3.673406045044618207e-01
-1.552004614288106321e+00 -7.421144580648986189e-01
-1.317356359754545958e-01 8.160960362920001154e-01
9.797443310567764962e-01 -1.363408033808485742e+00
1.335405846695676857e+00 -2.304974122437335460e-01
-6.331086493732949183e-01 -6.658653162110086954e-02
-1.720334471026962742e-01 -3.416714896617134012e-01
-9.861793475558093824e-01 1.238879976175688791e+00
1.002542677056831311e-01 4.113427606418210147e-01
1.182033817039690599e-01 1.638815183160234890e+00
-1.203100445318569189e+00 4.734656477805263552e-01
1.947368476884592525e-01 -1.151745305544964237e+00
-1.069189452688948383e-01 7.589996612912858209e-01
-4.695153518671581483e-01 -5.463372265636062819e-01
8.761823058649245155e-01 -1.669425454205643478e+00
3.769592794530168822e-02 4.192580297174813841e-01
7.682113727020122296e-01 5.391000202815722231e-01
-1.227844979150446436e-01 -9.457753020514947373e-01
1.128570433094855385e+00 -1.223847008352051541e-01
8.733556323783022712e-01 3.198320948818520471e-01
7.110490074626510948e-01 -2.773718866367829161e+00
-5.566270300099704915e-01 -2.519735980878191617e-01
9.786871218650677884e-01 5.989434817211959361e-01
-1.317253173926805354e-01 1.065981056837203900e+00
2.665255166627762962e-01 -4.625097883763862883e-01
6.488657792875791586e-01 6.117872959898885687e-01
8.661771982618925170e-02 2.944701162861806387e-01
-3.750299498502223106e-01 6.505882057934500029e-01
3.222839610094669349e-01 -7.541995275442477942e-01
-3.709795932950303854e-01 -4.616601822948465661e-01
-4.324220410412932813e-01 -1.133619139752515548e-01
1.289550486050079936e+00 -1.360040137169350682e+00
6.560011856814886855e-01 9.408289658420593282e-01
