2.043597772730130657e+00 -4.132693732460515079e-01
4.568109677013252323e-01 1.606426620829998209e+00
4.222206925489331852e-01 -1.154475341228709651e+00
5.462052070739431553e-01 -2.084063376856625460e+00
-2.090429553599911117e+00 1.131435467363036684e+00
-6.803793842097430877e-01 -1.847883963182699096e+00
-1.085010390525547486e+00 1.057927110151837269e+00
-1.493448993532442426e+00 -2.202629772888172521e+00
-6.987563636554587898e-01 1.917702994789584892e-01
-1.238350004155061468e+00 -1.074396944296117651e+00
4.644402831149895272e-01 -1.057781012207931637e+00
3.319402587320897102e-01 -6.958050208961239491e-01
2.227259163397829145e+00 7.636071986187716876e-01
2.082713747638694546e+00 6.089922324879611937e-01
5.966027079308646730e-01 -8.880369267123420229e-01
1.084231102025545512e+00 -1.607868126991031099e+00
5.480466424381222890e-01 1.053128637499044284e+00
4.288768684327265990e-01 1.331288205105951805e+00
-1.408117811244190554e+00 -6.228657644963754292e-01
1.175848173532207941e+00 -3.930205502656386463e-01
1.193386624541459051e+00 -5.303415988364700295e-01
8.774772967844222116e-01 5.590316287003720408e-01
-1.608295264974275440e+00 -4.503833388138293869e-02
1.396681361885572681e+00 6.930872792750243649e-02
4.820051386621424655e-03 -6.488345429751426474e-01
-2.680713203638555031e-01 -3.023085202321759146e-01
7.452425228861605522e-01 -1.255752180093173020e+00
-1.475272654171415176e+00 -4.078266023459281020e-01
4.322711460922186721e-01 -7.418808479777053710e-01
-1.275411064509233805e+00 9.041805608558136642e-01
1.767962593220313128e+00 1.310247819960508764e+00
1.426151945452348579e+00 3.360212274768906160e-02
-5.378280107261277365e-01 1.089869616121262458e-01
9.455590921447654118e-01 -1.317606514043229149e+00
-5.108995815374511862e-01 7.222881627217995204e-01
-2.497953789709415617e-01 -4.786073752342862586e-01
2.108423877808401237e+00 -8.285541267506970620e-01
3.432562887391986672e-01 2.551454978056566958e+00
1.258965496098407355e+00 -1.318436139218192249e+00
1.999049002343207260e-01 2.092114162252081411e-01
5.030626696236859680e-02 -1.621131094226745839e+00
2.994480423101570157e-02 -5.015745105799708226e-01
1.104022381513656725e+00 1.728794657050700012e+00
-1.039989413925565209e+00 1.012016118103190365e+00
5.217966670450883970e-02 2.567340560284394169e+00
8.141664882454259233e-01 4.046630154641873145e-01
2.217954085967662969e+00 6.437578510741058802e-01
1.993294383500346101e-01 2.000555464593544830e+00
-5.628636734399299346e-01 1.810886389667826446e+00
6.554625376880481857e-01 -3.108312321930845751e-02
1.025701804017437935e+00 -1.189094891353473238e-01
1.675740631034438266e+00 -1.392495018566390685e+00
-4.843134655424202184e-01 -1.172374349834286233e+00
1.082061701197997196e-02 3.630227866666637659e-01
-5.306202302936744580e-02 4.810039264498623401e-01
-1.068860848989801937e+00 4.996134108917466010e-01
