-2.879662176451706079e-01 2.766173331416619252e-01
1.399718268907098606e+00 6.200430592039579691e-01
-8.250538718713998909e-01 1.308162335548807231e+00
-4.496423785875348217e-02 4.567259666529780576e-02
-5.515222017960086376e-01 -9.490360509318134241e-01
1.286610232551989030e+00 4.016350594752493564e-01
-1.372913525958725234e-01 -1.031417905558125181e+00
5.265196341923312762e-01 1.527692701967131583e+00
-2.950199396696019938e-01 6.260548727520210965e-01
-5.026928789486970750e-01 8.466835588583178085e-01
-1.904179029964199119e-02 8.292435544387776192e-01
2.981742799809015687e-01 -8.377692736856389155e-01
-1.209767344626995339e-01 -2.245779110032591064e-01
1.876899781520406096e-01 -2.134640397508447696e-01
-1.119162753706541419e-01 -7.953298628005630588e-01
-1.872590739115266578e-01 -1.562889162759716122e+00
7.281119038626865554e-03 -6.238481671228642694e-02
-1.033727208088604244e-01 1.261122985294963916e+00
6.914901356560451129e-01 -4.154642043677427704e-02
7.739264737371109870e-01 1.603624853737694589e-01
7.737955022900094848e-01 1.338729643147536508e-01
9.435468746334491064e-01 7.393581080578487397e-01
-1.954894184577422811e+00 -4.076290327354054055e-02
7.655633931405396719e-01 1.886069977881743132e+00
-2.165475365045581024e-01 -3.431882505511010262e-01
-7.698113938273570822e-01 -1.584788810328940034e+00
-1.626069726847418462e+00 -1.432987985879497383e+00
-5.160724527318888422e-01 1.564170668475263870e+00
9.763311135337524593e-01 -1.587190661929556823e+00
-4.869027458641283362e-02 4.195008646060290891e-01
-1.080552235538514871e+00 1.556033648844892481e+00
-1.267021962364182741e+00 1.086374705916251626e+00
-3.985225881067365750e-01 2.175360252120661919e-01
-5.148578438296061988e-01 -2.711443348238169460e-01
1.065614155424840837e+00 -9.882774072444815427e-01
5.467892742325037858e-01 -1.014765662302512111e-01
-2.094662009934241897e+00 -2.320854721416230948e+00
-2.178955713212617495e-01 9.849335534642823520e-01
4.328396795623422055e-01 7.069553965598543988e-01
-1.746404364703495249e+00 4.403861378120665915e-02
-1.224296679214042838e+00 1.439642788030453868e+00
-1.254762430254898531e+00 -4.629125065292710728e-01
1.142597080205377980e+00 1.139284228257137155e+00
-2.308284921566920112e+00 6.170478761367643727e-01
6.650564304296355811e-01 -2.528695616674228597e-01
-7.085215833091667026e-01 -1.173822983466287634e-02
2.125550367278601360e+00 -1.996225504807193518e+00
3.332442824941151405e-01 -1.106489530904032348e+00
-4.541023978167963437e-01 -2.344294277727399234e-01
-6.537882558729991578e-01 5.029675638457510312e-01
1.501124823662872698e+00 -1.279964309815388557e+00
-1.343940130383464382e+00 -2.044269415960941472e-01
1.877271393313277859e-01 -7.608980456432375972e-01
-6.991890629992578710e-01 1.410099450902487783e+00
8.611003692524569209e-01 -2.115952319351545707e+00
-5.399394449623557968e-01 5.036294532368261745e-01
