1.689938400938355123e+00 2.227546544831116027e-01
3.572888850109839365e-01 -1.221660322174261459e+00
3.325513274406877856e-02 5.351052342409252649e-01
-1.076016589259792378e+00 -9.869949983469017418e-01
7.491822307117528279e-01 -3.698670981143986625e-01
2.081842306446790858e-01 2.908562439036188052e-01
-7.156159281630794511e-02 -8.268678819781188905e-01
3.913849580053652133e-01 2.127667303930145803e-01
-7.377614008985036165e-01 -8.116142888557589252e-01
3.150550402381151471e-01 3.494874391402668090e-01
-7.877617342130918132e-01 -1.176368034714498634e-01
5.808892299467900422e-01 7.349996497656546834e-01
1.274837243450676949e+00 7.478985847276585774e-01
-8.638535668909229359e-02 -3.232596997191141130e-01
1.095177570882749807e+00 2.464373201401322877e+00
-9.547172778412417182e-01 -2.986312823438813102e-01
1.969142605582343553e-01 -1.051318831691862993e-01
-1.520413677083749304e+00 -6.517732671600853234e-01
-1.580251693864290763e-01 7.927153993547283450e-01
-1.789012574848549211e-02 -2.589534600158496236e-01
4.646799419348460747e-01 -1.310181869942386168e+00
-8.844882611827489804e-02 -3.780480081607163756e-01
7.472649791211174453e-01 -1.053574531533670866e+00
-7.503713588721444561e-01 3.289067546116222762e-01
-6.568503438314099441e-01 -1.047812097526965802e+00
-1.958739269781632819e+00 3.692949405387828121e-01
1.139166203511995601e+00 4.565566727410302339e-01
-1.075418715524247837e+00 1.085256857542273301e-01
3.531759038359961744e-01 -1.893264913114736991e+00
-4.993787857502303140e-01 1.191733352348990804e+00
1.725689898440067871e-02 -3.472391935940877805e-01
-2.857242428276280943e-01 -1.711513963089281165e-01
-5.525268966166461126e-01 -7.789913767302768521e-01
3.071483032387248291e-01 5.794589933258470493e-01
-2.196131040101253706e+00 -1.008202761435788242e+00
6.538301182099113262e-01 -3.914707023993100887e-01
-4.825566316467315153e-01 -7.441338744997216814e-01
-4.321047547706782233e-01 3.189885402627423261e+00
-4.552120898012114170e-01 4.894993619902690551e-01
8.263903285674553123e-01 -5.824156438879396491e-01
4.085606279984723699e-01 2.227400674919492563e+00
6.020491720901758326e-01 -1.243632763030843913e+00
1.756663672985727398e-01 -1.622811013602270425e+00
1.364699490896273959e+00 -2.239744437942755295e-01
-1.173292042182577655e+00 1.513885251428319645e+00
-4.059631084217675268e-01 -1.812270891896022862e-01
6.421015321560589184e-01 1.924095303307021658e-03
9.883300973682200841e-01 1.337428950077258927e+00
1.047815137750431003e+00 3.731328926404020030e-01
-1.138373672672427173e+00 7.250528660793161828e-01
7.557141307542147857e-01 8.709297343504246447e-01
3.829451253118427712e+00 -2.089225741335564712e-01
8.372769005834601597e-01 3.428234898880397341e-01
-8.314829120327874579e-01 -1.517238891056185979e-01
5.247234476546344117e-01 -5.035932264404558573e-02
1.244903448542796914e-01 -4.914146706005861343e-01
