2.843964046706044080e+00 1.621465782775262376e-01
1.217937294067716669e+00 6.626599541781038605e-01
2.425878742225894835e-01 7.144257355629561879e-01
4.534725098412835664e-01 1.807185596792493687e+00
-4.907181347267506877e-01 7.929222711481077601e-01
-4.609864576443705730e-01 -1.085066608833340940e+00
2.927568300044607746e-02 3.182793232138132478e-01
-9.460431555472048615e-02 5.527443725252355611e-01
1.110449831452668734e+00 7.724612085897899494e-01
-5.791623291031134935e-01 -5.941195827582718136e-01
2.153358907196072369e-01 1.379350349601338399e+00
7.472116211948168774e-01 5.037190964237052704e-01
-1.103701854462242060e-01 -1.465070528690215201e-01
-1.091136055476558342e+00 -1.284632836354608010e+00
-1.822269259875238245e-01 7.968201371197767280e-01
1.686579547263769685e+00 -1.409444608538191535e+00
-5.429337651354226857e-01 -1.210035126668301819e+00
6.543805350459538372e-01 -1.873728146608826806e-01
-2.144546007424270873e-01 5.033304704105148186e-01
3.980329245793723381e-02 1.548542489193289462e-01
2.607274265911014854e-01 -4.229934901697527949e-01
4.241626360019569164e-01 6.433225282830870584e-02
-6.285487950298236370e-01 -7.177097397180216554e-01
6.174972006163317317e-01 -6.490007073440587360e-02
2.029501142457455221e-01 5.388455719300595526e-01
-1.229477982165582572e+00 5.426373302679989852e-01
-4.441728472826328988e-01 6.184313363525625329e-01
9.785415405014825652e-01 8.546941259204070551e-01
1.028684076029920735e+00 -5.442302618661923885e-01
2.404287872171283758e-01 -1.717971401159816003e-01
2.074641254704278626e-01 -5.856346216374229696e-01
1.382985113948508094e+00 -1.278167712308277304e+00
-1.881401935326163066e+00 8.970700594763891811e-02
-1.339880406346891373e-01 -5.430696035244360065e-01
-2.128894772666633795e-01 2.444995787648457153e+00
-2.388271832980586040e-01 1.935216994362239262e+00
4.802396368912745794e-01 -2.340993961081313302e+00
-6.372890595104234723e-01 1.040213653585790654e+00
6.765447500369752287e-01 1.672477270086528467e+00
-2.708706606191886856e-01 -6.047586315098735232e-01
6.945060209292432951e-01 8.076874146438381974e-01
-1.396808050501413767e+00 1.848638778369716407e-01
1.474960092737290229e-01 1.920617151156872593e-01
-5.212277480760112436e-01 1.002579340055940182e+00
-1.837739845313274945e+00 -3.133244352910686814e-01
-3.793650178053800670e-01 -4.195131398665812861e-01
-1.475031605095255549e-01 2.329508667402411248e-01
1.136455504467297928e+00 7.022168743366753452e-01
1.253142367158835979e+00 -6.695651982819145198e-01
3.613529822141646752e-01 -3.641367890656755923e-01
7.860912104820302893e-02 -3.969299171184083597e-01
4.619826707676188970e-01 8.125607396188386788e-01
8.287962549960392611e-01 1.209348926268785651e-01
-1.050270489866398815e+00 -5.321327921276891582e-01
-6.100290664793798223e-01 -9.449755402159653039e-01
-8.697550019507200858e-01 -8.856978916892496168e-01
