-2.045775624632043765e+00 -1.902879068339866087e-01
-1.642532304133307752e+00 -5.126769493690109813e-01
5.835584459145711778e-01 2.047959150034396547e+00
2.278994601918890028e-01 -2.245467916392645868e+00
-5.663186886637828765e-01 1.672673048119441008e-01
-5.015936885991065797e-01 1.407667487582434651e+00
6.829270712062136539e-01 -8.996113417956770331e-01
1.116280902460899283e+00 -1.035135716606388812e+00
3.934061395283592888e-01 6.183100672841503886e-01
-1.944926000709097824e+00 1.632667453414410774e+00
-1.899492559716169093e-02 -9.829339008281508250e-02
2.799502001761285386e-01 7.655143809748227168e-01
1.862585883548751431e+00 -5.634835533477631220e-01
-6.061607831607056518e-01 1.120575049645082810e+00
6.748268767591845130e-01 -7.255840550080006057e-01
-1.554731861644970126e-01 -2.225403762664980079e+00
6.611841499120245380e-02 -1.540084621706663714e+00
-1.840115838922122604e+00 8.248410414878527552e-01
-2.059223956094025920e-01 1.052307663517573766e-01
-2.044197477244446559e-01 1.672362129932615016e+00
-3.399301362210500610e-01 -1.234725533044100931e-01
3.742122731595495244e-01 3.718057446195199844e-01
-9.433778079767423108e-01 -4.888865970641986802e-01
1.054391444443339543e+00 9.790119038694847786e-01
6.415271552990735593e-01 -2.680601436859061604e+00
1.548397223956884172e+00 9.540887015061964016e-01
-6.180927983512339574e-02 2.067398544862707244e+00
-1.490167425405692025e+00 1.977675620728351347e-01
-2.116434048969501713e+00 3.490535993546818871e-01
-1.833566337360297060e+00 5.499977895715868481e-01
-4.239286758449384851e-01 5.068863433775635530e-01
1.910987335569823420e-01 -4.047863672346570518e-01
-1.033364918015827083e+00 -1.417005268801868834e+00
-1.541365726420147908e+00 7.985364036251181297e-01
6.770118763946189611e-02 -6.490250304167096695e-01
1.424633728892493956e+00 4.968890756403998021e-01
1.647716935753963385e+00 6.354978807655399242e-01
-2.945685177013193545e+00 5.577280991656848874e-01
-6.755728168585427573e-01 -3.006578682139883774e-01
-1.231459453200274418e-01 4.600024361794521899e-01
3.432364931327507307e-01 -5.276721141980153518e-02
-5.630291831680592773e-01 7.219075010671573978e-01
1.646017929237207911e+00 -8.287682216591375495e-01
-2.942792960031150873e-01 1.135506864240715341e+00
3.699888996327824198e-01 -2.128236032847842241e-01
-9.640763215952171672e-01 9.543012259553350640e-01
-1.356357442565364835e+00 -7.352687315252449674e-01
-7.271577995832753105e-01 -1.129135039040605193e+00
5.975407893188001696e-01 -9.791312314806749351e-01
-1.420239825199429928e+00 1.814701166774432828e-01
7.486116147826552547e-01 1.525118269036366270e+00
-8.366188035902727416e-01 -1.044566323748671310e+00
-1.813296714473608295e+00 2.133139043695130854e-01
1.314543588711224453e+00 1.315246094360134732e+00
9.748337920001136636e-01 -1.255470730069021101e+00
1.171841113993774330e+00 -1.112832527491437684e+00
