-1.128162149454393741e-02 2.801670073810566541e-01
1.102257075539477382e+00 -1.209351653349432371e-01
-2.620635951984349732e-01 5.632180075835973021e-01
-1.438347768698668538e+00 9.492134592414847027e-01
6.747888778101622520e-02 7.951620810408179807e-01
-1.019158078460139727e+00 -1.163087659858871081e+00
-1.537723770132276346e+00 -5.255695865976836023e-01
-8.145981183788756352e-01 9.727440273159696504e-01
-6.545920556859998740e-01 4.916803918726984080e-01
8.813731797433816961e-01 1.094702005984233173e+00
-7.095913643065604459e-01 -8.605562227776726303e-01
4.367937649214899132e-01 8.615217448070108808e-02
-8.694605650348559145e-01 3.575816628549699505e+00
-1.401262514961714167e+00 -4.728121782022809416e-01
6.990541984500644457e-01 -2.556130812858292245e+00
-1.568276379769209639e+00 -7.412651983698621549e-01
1.691940173351785467e-04 3.800860698835761275e-01
1.419821380399278465e-01 -4.169492437085637326e-01
-8.991879586789823520e-02 -1.033222275971484860e+00
2.087006049960075660e-01 -9.385927471836166824e-02
5.105832886571353146e-01 9.158836526275023759e-01
9.670310569687146085e-01 1.391151726836277414e+00
1.629544491148031682e+00 9.775031822853644803e-01
6.516932562251341876e-01 7.522039961114913575e-01
3.211546671301045153e-02 1.199598252434120660e+00
-7.506378394064767701e-01 -1.830963367235161066e+00
5.511591736354090054e-01 -3.312007770947066332e-01
-1.028867994796610841e+00 1.070478378307065270e+00
-1.022356482860942384e+00 -1.717542229870800963e+00
-3.608522387190626901e-01 8.720937575333117531e-01
-7.462281362876768132e-01 -1.027511185036968699e+00
-4.229984921706194667e-01 2.857129957151016142e-01
-3.325527513485718734e-01 -1.075782139641539015e+00
6.035264212668164374e-01 -3.114106817931782678e-01
2.105409051681969013e-01 -3.275373420443952743e-01
1.061695717033688480e+00 -1.060006920814515086e+00
-3.775866734831574978e-01 4.579711180277343807e-01
9.623904893804164917e-01 5.174996759482854841e-02
-1.453445051711730551e+00 -7.145158495274323007e-01
-2.411301804716840247e-01 2.151196164589617155e-01
-1.080149749919157909e+00 -6.454256126850251851e-01
1.784905430893382272e+00 -1.320317331972209463e+00
1.164279662709511998e+00 3.017040090455683776e-01
-1.300875364536599132e+00 3.114273488025086634e-01
-9.374730283017077559e-01 -7.485515130840602049e-01
5.351907413936607405e-01 3.906282824471959403e-01
1.285141201063874528e+00 -5.308825224219138050e-01
2.351230890526648520e-01 -5.125542126799191855e-01
4.545610771840469799e-01 -1.132204302830143394e+00
1.414405676424262071e+00 2.583564838199070124e+00
7.908712530497423732e-01 1.177413433421151234e+00
2.230269553539561411e-01 9.248844918526341052e-01
-5.151468913529212434e-01 1.008177710159148699e+00
-3.134939623009461163e-01 -3.389137551877986265e+00
-1.105272813244700947e+00 8.367390943854604579e-01
5.289393062353444641e-01 -1.114653310993070301e+00
