-8.881574182605125834e-04 4.584142598752440345e-01
1.897015761015015123e+00 -1.313109737734302895e-01
-1.170753437415847698e+00 -1.169607320518882831e+00
-8.506816085574742115e-02 -1.411392877200199569e+00
7.196846675298689266e-01 -1.183130135252806747e+00
7.952343859116792757e-01 1.816989183808627395e+00
-6.687214481516993991e-02 -1.841287273445991746e+00
4.890964303826931397e-02 1.392074213238569946e+00
3.637649636516814278e-01 2.965432479078485839e-01
-7.172494921403547163e-01 9.492719319536729872e-02
1.916072818937956390e-01 -1.652560702452843477e+00
-3.036774427037164159e+00 -5.956871794815411514e-01
2.903106470182965637e-01 -1.885605782076714698e+00
-6.771541790777041436e-01 -1.399495842787899513e-01
1.263268821725698654e+00 -8.774037272345832639e-01
2.105354404006337110e-01 -9.930066838967431808e-01
3.352273625749386810e-01 5.343700437912970447e-01
-6.621086084336837152e-02 -2.389937664683236651e+00
3.846199178145551789e-01 -1.002783876857642253e+00
1.490698817640850882e+00 1.164928043546444858e-01
3.123002270854179918e-01 -1.354449688606923274e+00
-5.261019176481942505e-01 -6.206961392564868119e-01
-2.353507983370138057e-01 -2.004675576619876054e+00
3.259664462514648697e-01 -2.385523569257796128e-01
-1.067991640851736618e-01 -1.118117711411420023e+00
1.446727571857441497e+00 -9.656434892552984151e-01
1.255650441978082732e+00 -3.914141299527939544e-01
-7.416284145604780109e-01 1.466225605689907285e-01
2.665784865757269140e-01 -1.682633137216067665e+00
-2.093740080063944298e+00 1.619226837583599643e+00
1.112344873664813827e+00 -1.021062117901657906e+00
7.077063448331022411e-01 -2.418488584429016264e+00
1.035143346615789023e-01 -1.253602376003455587e+00
-7.153884858486413423e-01 -5.709927721149256064e-01
5.425106995603833776e-02 -1.292505553838412702e+00
1.182168303868328385e+00 2.621423912522755639e-01
-3.415757097674507747e-01 -4.029145892111007932e-01
1.578119650301623933e+00 7.930772380705305435e-01
-2.186288517041149460e-01 8.382028341452043563e-01
-1.955577705479107475e+00 -3.527527873675079251e-01
7.041899420286111821e-01 3.210661301185990246e-01
-7.049397806579732473e-01 -3.711770330842655286e-01
5.218087386244814052e-01 5.584849724448694985e-01
-8.849023986536007358e-02 1.242901668938485971e+00
-4.873212378397270839e-01 -6.931679207885933502e-01
2.584344737415913418e+00 1.816822786622994013e+00
5.725561341166081064e-01 9.884288450628417877e-01
3.007683193766465535e-01 -1.544464187223399954e-01
-1.700963747210992638e+00 1.600441383142871432e+00
-3.964662062665032516e-01 -6.597633627001622258e-01
9.383620424444720498e-02 -5.312988191569462115e-01
-6.363366909835567187e-01 4.818529475164463061e-01
1.355310231782032471e+00 -6.634984423008034593e-01
-2.892247512619241512e-01 -6.860637412205778940e-01
-9.115942555737044373e-01 -7.439844812717724132e-01
-6.323568875426824887e-01 -8.245421084061340666e-01
