-8.202245707387715301e-01 1.828196947601148648e-01
-1.122011063915183016e+00 1.199037309301856036e+00
1.240264072592112798e+00 1.377570716361114167e+00
-5.909327863477643605e-01 -1.800639306142823193e+00
3.819401296893359249e-02 1.749218161698965934e+00
1.284292992549368462e+00 4.240279686052427777e-01
3.939904212117180116e-01 -1.247799487178507638e+00
1.481595304900460153e-01 -5.189085640563874113e-01
1.200493659731910912e+00 -7.568201873382131295e-02
-7.789056002473330187e-01 -7.440224837315642104e-01
-5.292957446882878619e-04 -1.733567323511722824e+00
1.271428275652184858e+00 7.548241989833619492e-01
-5.531399124397251565e-01 -1.565751994493406185e+00
-2.110426368288862153e-01 1.378005471381213987e-01
-8.059475842371510712e-01 -1.483103636643129560e-02
-1.512736873656285841e+00 7.260440424331762177e-01
-1.383076476993079451e+00 7.846940730502703909e-01
1.887614928344781839e+00 -1.524553605571481230e+00
1.587630389294703459e+00 -1.283903791165017738e+00
5.306536078105982268e-01 3.146994715400669440e-01
4.372730653746243479e-01 -9.120713038692074281e-02
1.146044852156714519e-02 -6.906323440877618625e-01
9.484862089933806528e-01 -9.792248699095252862e-01
2.897554901006340056e-01 7.119050115646901045e-01
-4.688941119143491543e-01 6.923073676776100305e-01
1.834587228621131327e+00 1.490993697172397381e+00
1.412081310284104996e+00 1.423735030045796712e+00
5.928237547150643216e-01 4.946863039453693878e-01
3.436491210676246855e-01 -1.988972509725401294e-01
5.665634927204640237e-01 1.881976817959611692e+00
2.799355528439494978e-01 -9.399681119008805874e-01
-6.570556165491834300e-01 -2.679485220438361237e-01
-3.696519354415609415e-01 -1.973737504340830506e+00
2.229683201633400336e-01 -8.590986097943328348e-01
-7.394255102995328510e-01 -6.564056246844726106e-01
1.963339526739480201e+00 -1.473296833870128220e+00
2.550319379789352595e-02 7.540650946203121263e-01
4.349028353395244517e-01 -2.162405111774216238e+00
4.501311359574907689e-01 -2.725474435875515633e-01
4.434680252071483975e-01 -1.523507043264886174e-01
-5.546887271740913450e-01 -6.453791303196024787e-01
6.631345258550004340e-01 7.510706087907396133e-01
-1.123608683372931738e+00 1.007303711367145471e+00
-2.179865794509827925e-01 1.264550440007411181e-01
-8.613207419564647971e-01 1.076944391153676017e+00
6.837387202482932969e-01 1.264987406598271802e+00
5.416707794448356594e-01 1.612460045325056823e+00
-2.065778098451500622e+00 1.445267850430752343e+00
-7.259833471618154510e-01 -1.969090812250363642e+00
-1.250309143774061882e+00 -8.390706839422308327e-01
4.318376994599120722e-01 -3.105057274931526945e-01
-1.302373532209322615e+00 -4.298164757471357178e-01
-1.361877821873379128e-02 -2.361808078688524937e+00
-8.936463733156898570e-01 4.415923546809346623e-01
9.100274404506424331e-01 -1.727137495679458734e+00
1.914729380061844510e-01 8.371753767503394839e-01
