6.292021987012107465e-01 -1.213513517783105566e+00
1.627121415116173919e-01 7.309550219379548630e-02
6.978469938259123095e-01 3.334138796262968163e-01
1.083383733486233735e+00 3.910035341809340315e-01
-1.080721289466981982e+00 -8.610688889895657949e-01
-1.131495765282503951e+00 -4.993439919691460283e-01
4.728184784577270650e-01 -9.111900270889784492e-01
1.188644417293434952e+00 -3.901884736104202500e-01
1.776780401207437854e-01 1.334712342016774134e+00
1.329572238009395502e+00 -1.997117979849619696e-01
8.343362512721140822e-01 -5.216621670655290366e-01
-9.973337536771959000e-01 7.799684065828582646e-01
6.294126123502621351e-01 1.062557905775108197e-01
-9.666927234213179565e-01 -2.258956705780324370e+00
7.627316149899199260e-01 4.478279668959417315e-01
1.573859855378206385e+00 1.065250255666080718e-02
3.201368664938990527e-01 1.230265552311625932e+00
1.085312782695340372e+00 -5.737074756013136323e-01
3.968316694184756965e-01 -2.672246350273000948e-01
1.540539024951764757e-02 -2.182775740113268359e+00
-2.132975631267330918e+00 -7.886441437647431218e-01
3.414135306292667149e-01 5.149173111820507520e-01
1.749807069138528126e-01 -2.788086816749769103e-01
-1.152149509086049656e-01 5.171726194143441147e-01
2.456241567396735270e+00 -2.807373596068456212e-02
-3.732982626234798151e-01 -6.972807581391671228e-01
-1.508673319422883630e+00 -1.441154648426659968e+00
-1.208937387714850292e-01 8.412157517661352779e-01
-4.590651106765999967e-01 2.101447651467588107e-01
-8.443465081230424607e-01 1.969326671275191343e+00
3.055536112698423956e+00 -1.888696401548931036e-01
-9.605362096442636721e-01 -5.538001329557155072e-01
-6.984068603696165223e-01 1.657437640335978513e+00
-1.248323905423050384e+00 -1.235820432336828700e+00
-2.461285759883887758e-01 -1.278673657639817440e+00
-3.989177260397543945e-01 3.605973737967069215e-01
-1.550467254659569249e+00 4.071984864933753112e-01
-3.597250208097586555e-01 7.783575054883707933e-01
3.769835257451230048e-01 -1.981555660878398184e+00
6.239437315366868075e-01 5.453103242061222572e-02
-4.184080125752551726e-01 6.928442012381431647e-01
-7.129734310896746266e-03 6.404003702177367696e-01
-1.406953188877604595e-03 1.794856568605023961e+00
-1.398441757621093462e+00 -3.309796845155287826e-01
-1.873619380961776826e-01 6.391849882669449201e-01
1.013264376057602598e-02 1.468428690331995967e-01
2.558892693851745559e+00 2.094621265373977359e-01
1.051678916679720022e+00 4.634434974175696276e-01
6.135108061326624007e-01 1.514382584147753619e+00
-1.256642574650432609e+00 -6.152069029177740234e-01
1.357072660967266309e+00 -1.820280793147636578e+00
2.796716184466692678e-01 2.536683172435555411e-01
-1.238815348176835807e+00 -4.136856689639701323e-01
-1.203935681885700843e-03 4.960257249308555605e-01
-2.838674320541242913e-01 4.106645070389778884e-01
4.293265690820172870e-03 1.115575786866482177e+00
