4.848916234262867220e-01 -1.936794740136654314e+00
6.664433190544709618e-01 3.687495012239820347e-01
1.898176175734283821e-01 -9.678714196848806628e-01
-4.987015563392458994e-01 4.080496925061861124e-01
2.578367864609674154e-01 4.153133062664444153e-01
1.146888876912887101e+00 1.803456874587541670e+00
-2.450899561598675058e-01 -3.590885752582854140e-01
9.605685532178419583e-01 2.435665150895181541e-01
1.418443922459987627e+00 7.743749562371389228e-01
6.736030776986051682e-02 6.009083315029351002e-01
-1.629096510393456820e-01 3.628290977568996434e-01
1.612123858274297161e+00 1.330610421809178767e+00
-9.367567306172632779e-01 1.186963025919069770e+00
3.854916112542303708e-01 -9.835575120541271144e-01
1.136456856051362707e-01 1.439885270249462224e+00
6.323025897366525427e-01 -2.788375554496133613e-01
6.321407317376611656e-01 1.267949287213784748e+00
-1.424071130094626936e+00 2.413152195009543033e-01
7.874795958338551838e-01 -1.529203551471493672e+00
1.655144766147656377e+00 1.054507170234246560e+00
-1.518279133288658933e+00 9.483575366853282951e-01
-9.054827679573608235e-01 -1.356089544139669201e-01
2.955875441227842071e-01 -2.117129652904617410e-01
-4.318487826850235800e-01 -1.192971159733480918e-02
-1.852752126473742600e-01 -9.939889334104988761e-01
-3.378124395671149860e-01 -2.642524312367222072e-01
-3.592785990874712287e-01 1.899703153919960252e+00
-7.925730528195092939e-01 9.286896925664517299e-01
-2.294707222060183849e+00 1.442222116233751628e+00
-4.584013326107332365e-01 1.099881595385199473e+00
-9.995763393308787492e-01 5.437941214317187910e-01
-4.182581278953853010e-01 -9.158861948007138709e-01
-5.009688134250279978e-02 1.449315670752013174e+00
-1.598211936086215923e+00 -3.494705666788587850e-01
-6.736311686519013131e-01 1.569569089075917967e+00
3.873607326580030819e-01 6.086548558032343070e-01
-1.315562977093818198e+00 4.168635839825631795e-01
7.281728846228877616e-01 -9.764274434524931046e-01
1.101966773179712672e-01 -7.150239875336596995e-01
-1.060142256859968102e+00 -2.596532572019444540e+00
1.134102976224614867e+00 -1.229998345487628431e+00
-1.866358350493916074e+00 1.027397668752240811e+00
8.095782461161596943e-01 -1.356571012776705221e+00
-1.043888824360367673e+00 -1.323222407862088001e+00
5.013446439536782817e-01 -1.334148353351433336e+00
-1.241773611692142509e+00 -1.540514722657564839e+00
2.531618201396439449e-01 1.909561367081641370e-01
-8.740485380488637324e-01 1.149709012149220666e-01
-6.938205784616340299e-01 -8.040777489145480850e-01
1.000286688156102111e+00 -9.354690697149252721e-01
2.227929702046496985e+00 -1.001036506820226490e+00
7.950681624385043111e-01 -5.449458136569800687e-02
8.145275072088579149e-01 8.537849161933649400e-01
-6.488506848383845949e-01 -1.953237132651365338e+00
-1.981145383709457475e+00 1.835726319484134894e+00
-4.546368537475006799e-01 -2.527927321075452483e+00
