-1.194826169649414460e+00 1.138046831388805913e+00
-1.369529909125243305e-01 -2.060365313508068785e-01
1.899824651814916443e+00 -2.896357311975828464e-01
1.846896065706790657e-01 -5.409569562221373529e-01
1.164522041168304156e+00 6.143441868768180214e-01
-9.200534429561620930e-01 1.563160272523200556e+00
3.057197732580469590e-02 1.851292493513227333e+00
2.287363924480776411e-01 -3.159055540655487881e+00
-3.585320799361876865e-02 -6.544115856035045975e-02
7.810112266473542286e-01 6.703828281583423809e-01
7.727614895388802418e-01 -1.569678449620525384e+00
-2.034763393671797260e+00 -7.451692453958608242e-01
4.838300657268309046e-01 1.380295865087832974e+00
-8.073833626967279464e-01 2.227363045605086911e-01
4.919285963560847130e-01 3.022782943635970304e-02
-1.254294784654420125e+00 -1.791935906447787372e-02
2.297835613462244075e-01 -1.143307389937674889e+00
2.886607159891028673e-01 7.399612153440280338e-01
-1.182916741153314133e+00 1.158196983534984348e+00
-2.143059618064431793e-01 2.964312756034455723e-02
7.552928488809182994e-01 3.697481828916210356e-01
1.737588832622784851e+00 -1.467869244113102711e+00
1.445909393497899043e+00 -3.206231149118576873e-01
-1.238475397218026242e+00 2.457339872532795233e-01
6.540094714895526851e-01 -9.019891695747653815e-01
-2.159422593571764526e-01 1.303669513620873799e+00
-1.345086247721155592e+00 -1.591990433270590088e+00
-1.356972325598660323e+00 1.853920031468977436e-01
2.362343857897484245e-01 2.672742767243260209e-01
9.256730294498124456e-01 7.619483366166615035e-01
-1.093439928449751131e+00 1.953593924067504650e+00
-3.406716389634758535e-01 1.500894090551873949e+00
-1.113441881868822980e-01 3.785396982312557168e-01
-1.053815040925390578e+00 -1.223891455350112123e+00
-4.631450818274854969e-02 1.327514931422920430e+00
9.957444715467460572e-01 -1.500665232398770976e-01
1.484966097512653516e+00 -2.908286800234008429e-01
2.000775443809288956e-01 -8.250941476929637627e-03
2.977033699559505364e-01 4.489329074177825230e-01
-4.966785866140586148e-01 -1.896751198931681648e+00
5.226256809836394845e-01 -5.799208372998319039e-01
4.096231705790808753e-01 3.971702107224725498e-01
5.883947747491387048e-01 1.044040989651415341e+00
6.057392240847520037e-01 1.167099747790345310e+00
6.199280104167848027e-01 -5.728317931438927646e-01
6.621737426304481478e-01 -2.921161410371299061e-01
-7.032828694723860519e-01 1.147570729409240764e+00
-2.264634219464954079e-01 -4.602933015580119025e-01
-4.628154656110731735e-01 -2.170810228491469651e+00
-2.025713590704104061e-01 -3.657466555472495551e-01
-1.199329432927246503e-01 3.771932675942926000e-02
1.454073123175911864e+00 -1.118944218054098272e+00
-4.275756972676351686e-01 1.464861319753868463e+00
-7.596817822768839878e-01 -2.770773762221019787e+00
1.155798446019479453e+00 -1.395578607783651837e-01
2.104697489001256638e+00 -8.587184769331122902e-02
