-8.645587121394220087e-02 4.832999302832792221e-01
5.201938757896751309e-01 4.926249321917340329e-01
3.873305846721690204e-01 -6.113391046196976486e-01
1.257851694811677579e+00 -9.006264350194964630e-01
-3.550906968698243071e-01 4.239341578620727247e-01
4.245450784146103107e-01 1.862182599509926151e+00
-5.920687029227263976e-01 -1.582941117271848830e+00
-1.356605216580237805e+00 -2.006573583631242885e-01
3.127361946781627156e-01 -5.746006426184386839e-01
-4.216581977739833897e-01 -4.175450849023672473e-01
-6.388495378667526925e-01 -4.607438661385009904e-01
1.358484902038992859e+00 -1.648165606869939070e+00
-3.298610071643307551e-01 1.329007244024001111e-01
-5.118113454306060239e-01 -1.278546171300485756e+00
1.005216629942238926e+00 -1.106205081907853272e+00
-6.708680695608368882e-01 1.009155553959145468e+00
3.159943772845671406e-01 2.066117531035928323e+00
-1.043643170228798489e+00 9.001420316727666293e-01
1.041642959568464644e+00 4.027946347865967169e-01
-6.621254074557920699e-01 -1.214527012314341237e+00
1.864262388030597517e+00 4.609155934030127466e-01
-3.261698539601707858e-01 -2.484991421786860444e-01
1.785572834732527051e-02 -4.446307886321510527e-01
2.079648355766314793e+00 8.671051110145935326e-01
-1.191549886694992955e+00 -7.003348887269473799e-01
1.841582806624516344e+00 -8.871107436582738037e-01
2.614682535190688828e-01 -4.780096454861188643e-02
-9.317446633443722259e-01 1.787446064124116329e+00
9.754545151601101693e-01 4.828053501953445958e-01
-8.288491966521405185e-01 7.556247024779304544e-01
-2.625054609785019699e-01 6.657782343306804795e-02
-8.413529630788466607e-01 2.586870433855560369e-01
1.284756253881297772e+00 -1.068487609795603366e-01
-1.883086769045387854e+00 3.058533378744651698e-01
1.533315829455851320e+00 1.507837835144832939e+00
-3.011934120882990840e-01 -7.488653415202197738e-01
2.462835784641909109e-02 6.920706065860627865e-01
7.092090529009846822e-01 3.855445989715309274e-01
-7.018172097456980563e-01 -9.310339495961738043e-01
-7.127575767035907450e-01 6.852724265493247424e-01
1.731252281919233971e+00 5.267097378908970340e-01
4.799661224834623208e-01 1.144733580217016877e+00
-1.237847288322057704e+00 1.887688689089206839e+00
-9.445272904711149442e-01 -8.406503390126771613e-01
7.473055974975896243e-01 -2.951973752419135288e-01
-7.816436848559167316e-01 -1.210940698559141548e+00
1.523293909742554408e+00 -4.965580063782083498e-01
-1.626346326836334510e+00 -9.120651686374565276e-03
-8.714088837038190816e-01 -3.401867436438101411e+00
8.104746850102093614e-01 7.917252036679580662e-01
1.509040234220001775e+00 -3.884875862650369327e-01
-6.873860729295756533e-01 2.308871335096795985e+00
9.828564159623376373e-01 1.190282483352716192e-01
1.435841571736195643e+00 -2.861390579644182086e+00
-4.653822935817782391e-01 7.068602970187793932e-01
-1.460557537042111553e+00 5.173122721147983549e-01
