6.838459257639462052e-01 9.844097006574159536e-01
-3.926623790780798817e-01 -1.010410041778129431e+00
-5.066182374908626551e-01 9.349345263863507727e-01
1.028821420446917489e+00 -9.542786215856220444e-01
7.381316447146027970e-01 1.518328958796032468e+00
2.032148763779039413e+00 -7.040336718080434375e-01
7.579048701500937790e-01 4.663410691661784013e-01
-3.646517467327098916e-01 2.132203743825860531e+00
1.132490064416866060e+00 1.462234791228741893e+00
-2.968464258838015568e-01 -1.236515044189044676e+00
4.228708193501733437e-01 8.908810023008315593e-01
-2.300735454494359511e-01 8.550061414289937822e-01
-1.484087747428571025e-01 -8.957599841347169134e-01
-4.061675431543508297e-01 -9.575122406275117237e-01
1.109944125169612938e+00 -7.809111088968091752e-02
1.371684441915513197e+00 -1.472458314207581109e+00
-1.463458350392701002e+00 -2.548409378806517078e-01
-4.726626180697219848e-01 1.789868054715703982e+00
-8.400913724479929234e-01 -5.471123959932000513e-01
5.207572504499233812e-01 -3.314629146828507733e-01
9.761514698151136926e-01 6.176250110246210845e-01
-1.847201205415310410e+00 -4.887840483775704459e-02
-1.502604330678496858e+00 -9.303199023826637104e-01
1.402690454878934845e-01 -6.322101851078480717e-02
7.790308200786738926e-03 1.372338054708374777e+00
4.298385988017066062e-01 -8.471192481894684878e-02
6.769449138646655983e-01 -3.784753239731293850e-01
2.713184178308135630e-01 -6.152999490495743018e-01
-5.626406633312704964e-01 -1.431161996878297371e+00
2.305757500051292264e-01 -1.463086227290294750e-01
8.885259079229893553e-01 -2.204372910925467832e-01
4.504427207142357448e-01 2.420152762616662567e+00
-2.342876657954752195e-01 -1.555559793265987256e+00
9.765693585195522886e-01 5.768513815886016499e-02
-1.326399091577224576e+00 -2.175765764145412451e+00
-2.623084914572071380e-01 9.167908328415311781e-01
-1.090464630629685294e-01 -3.642170817199199551e-01
-7.508405503250653590e-01 -6.199150794639909368e-01
-2.078651869023891319e+00 -1.832463464098854189e+00
1.194714588856992998e+00 -1.300001533168313239e+00
-2.279046258589645657e-01 -6.762193798240385689e-01
1.090232844358446140e+00 -2.162774382088125669e-01
5.615485154160252401e-01 1.969847876720266511e+00
-7.043059593368000693e-01 -2.292740478366462664e+00
-6.961612034889419487e-01 -1.926978199202786790e+00
-8.424324387674897441e-01 8.059885082346385232e-01
-2.697934497912096025e-02 -1.178245819658583216e+00
-6.767755129499704037e-01 -7.464877890388217363e-01
-1.001465819351467501e-01 4.339622817236464258e-01
1.260447771070884349e+00 -2.453500320896241371e-01
1.629730203203193228e-01 -2.329789133341533258e+00
-3.730658521773672631e-01 3.191081072797494755e-01
7.552369782927340625e-01 -9.076486014405269476e-01
-7.730712086971915920e-01 -9.626489860525407893e-01
-1.079063989087923670e+00 2.054297934207611753e-01
9.750356629834859845e-01 6.785900571085129451e-01
