-5.076579496817013037e-01 -3.912483836690328065e-01
1.647878089605685936e+00 1.004881846336151408e-01
-9.975970107393454800e-01 4.577747442921229482e-01
1.732338810490988479e+00 3.982527208545488806e-01
7.814862279973469605e-02 1.222551514220344138e-01
1.565055349431639486e+00 -6.737421246027660571e-01
5.093672172304086754e-02 -7.500378651842067868e-01
-4.360580847431417828e-01 -5.209181935832918331e-01
1.144860903067708824e+00 -5.555237882930631477e-01
-2.090118195555132896e+00 9.519328547892501602e-01
5.422754028359411116e-01 2.553321651150470384e+00
-1.816823121291800958e-01 1.801871171536024718e+00
-6.784336412785219039e-01 -9.569232393876596632e-01
3.904041458296940714e-01 6.750181477672703156e-01
-4.074044856456511265e-01 -5.251233912189277875e-02
-2.291800143557964353e-01 6.126124445127416607e-01
-5.635980125859429285e-02 -3.488137339533904924e-01
-1.966629573708165435e-01 4.717017215689884857e-01
3.664478173809429529e-01 1.670133140814366035e-01
-1.098079698924611769e+00 8.330632653251072994e-02
5.278155985143087037e-01 -1.088745253485047249e+00
7.223233516365866747e-01 -1.333943096195032263e+00
-7.537212582349178680e-01 1.819232579629822544e+00
5.905887385787754740e-01 1.627597339496818230e-01
-1.283521178080327951e+00 8.278692417643345181e-01
1.470301973195478729e+00 -8.903687919398607375e-01
-4.866606847380104406e-01 1.358133017908241369e+00
5.987079130291971252e-01 2.199104654090310862e-01
-8.363114322777426279e-01 9.834468053265619236e-01
7.401657396502951958e-01 -3.015830683783500277e-01
-3.408672821590008062e-01 6.870536094423390638e-01
-1.352907296064722154e+00 -6.432948251732039102e-01
1.373328636393789104e+00 -2.607574472894762518e-01
-3.765971475900521392e-01 -7.228294219937954068e-01
1.181825336919782032e-01 7.336467708613089167e-01
2.857967996179265335e-01 2.458614772605552723e+00
1.161029173941998671e+00 9.274017869094191013e-01
-6.886994441405399625e-01 3.965813177658332467e-02
-7.987260691108694077e-01 2.218709133521981514e+00
-1.082815443704087999e+00 4.480860832778736924e-01
-3.973626116877466696e-01 -1.393898550534652614e+00
2.090610827376480518e+00 6.818366234480331967e-01
-4.786551146703691556e-02 -8.404290215871461633e-01
-6.112120729557729559e-01 1.111387966509042036e+00
-7.060661588695489321e-01 -2.036357405104256113e+00
-1.184552381758531059e+00 6.240494605126283290e-01
-4.881042068814401419e-02 8.084372738283416293e-01
-7.981740643920949285e-01 -1.554997456732633676e+00
-9.020147586736052547e-01 -7.212802625003917889e-01
-1.441012756635717595e+00 -6.000652546972728985e-01
-1.106710539395700521e-01 2.176677289760710621e-01
1.720050372386213722e+00 -9.735594418600573841e-01
7.373672936610533579e-01 -5.358674594919514700e-01
7.498548161261708866e-01 7.581063480816329081e-01
6.502158462799333405e-01 -4.800467305832094300e-02
-1.218350035752583160e+00 -1.972220665483096491e-01
