-1.273841180506919413e+00 -1.460607527305546771e+00
3.497338501566137903e-01 1.188134961913026366e+00
-6.926344341126084991e-01 1.947732531679983656e-02
7.151989738664973340e-01 1.123802021685291086e+00
7.443186267121497668e-01 1.010497304389349038e+00
-1.349323871580536016e+00 -1.980246362603332866e+00
3.453531954971719720e-01 1.297641644831923236e+00
-1.874087393635592569e-01 9.918217333725034557e-01
6.312073700595617343e-01 1.511472979138790418e+00
2.455943166407698275e+00 2.192594871449681515e-01
1.674734346713260713e+00 -1.369645559234944132e+00
1.097282824651262256e+00 -6.863056166829951676e-01
-1.004287029384564933e+00 3.814205418260155911e-01
-8.874767409337832591e-01 -1.461824000684247338e+00
-1.347435858374038120e-01 1.297007268330092611e-01
-1.336791928462742529e+00 -8.402295109570724341e-01
2.541629652962386743e+00 -8.200024779062073943e-01
6.561168092978078015e-01 4.172448286527354333e-01
1.135443521266124245e+00 1.025214760028780203e+00
-6.401639920870173528e-01 -1.126235688730944817e+00
-3.421683461391561432e-01 2.457963731271103569e+00
-9.070324580203027454e-01 -1.489739070291939693e-01
1.080648604390809092e-01 -8.737777830693764514e-02
-3.295690465488715915e-01 -7.120588601356682146e-01
-4.855992166761210482e-01 9.095192770271964822e-01
-2.353111583314426714e+00 2.577957475199983972e-01
-9.162583216191929614e-01 -1.428698802783273658e+00
-5.485532280991614051e-01 2.885427333755637980e-01
1.048258318184720261e+00 2.740022065902562032e-01
1.046040761187427615e+00 -7.865773956391915178e-02
7.463719798105502568e-01 1.000838307557176288e+00
3.884381645247337866e-01 -1.460492777019898991e+00
1.555750406943361641e+00 1.521005977068210224e-01
8.405562844933366085e-02 5.875766217981245321e-01
-2.453530824370915742e+00 -4.602983045129570017e-01
-2.785444954904803261e+00 1.717869316139888580e+00
5.431402244082038644e-01 9.370991842425412111e-02
1.872882958762328021e-01 1.084053521106063567e+00
7.960429639983217509e-01 -3.296529823140917359e-01
-1.502871466599911887e+00 -3.037853182618675540e-01
-1.353954237897657009e+00 1.960163537299882408e-01
-6.497637805786052878e-01 -4.737256033044149883e-01
-4.268760658637301697e-01 1.419898312709841681e+00
-1.228725653874077395e+00 1.225230295674768488e+00
-6.566116181600738511e-01 -1.683437262267630352e+00
-3.348787254210497943e-01 1.427479375154888930e-01
-5.894850896645261740e-01 9.855839456126401776e-01
-1.097647174290489858e+00 -5.870782481021362686e-01
-1.406688301439245725e+00 -7.358897310521022028e-01
4.582944100658816189e-01 -1.988089978254582724e-01
5.611404506325485819e-01 -2.150335886919271799e-01
-4.238397821924309028e-01 4.341951571830122147e-01
1.178159715384684336e+00 -4.852284819233548263e-01
-1.797989450359974983e-01 -4.819497188969686374e-01
-7.389335618178638487e-01 4.098356230254276422e-01
-1.093500469620508619e+00 -1.016110141612052431e-01
