1.213221347341838285e+00 -1.326155359873529394e+00
-1.199095718146738543e+00 2.256220494267628385e-01
8.925043790313503811e-01 4.993224946514954743e-01
7.617983459345366581e-01 -7.003681558258455404e-03
-2.339866542725303589e+00 1.249660210785857650e+00
8.583175733517979245e-01 1.703457958314324450e-01
3.729430009562869630e-01 4.396927938851094009e-01
2.274513223089853042e+00 -1.460724768822878827e+00
-3.513648787385245109e-01 -1.458738754470879861e+00
6.017051854849698733e-01 2.398247168448226496e-01
-8.829206593643194878e-02 1.068682837644318484e+00
-2.437212263028623926e+00 3.726226165620864506e-01
-4.208095744948259220e-01 -8.453301605000456131e-01
-2.149669805353214169e+00 -6.150458390176493095e-01
-2.901644521006810917e-01 -5.202925224219107081e-01
-1.303488942236206594e+00 8.222091768274077950e-01
3.878746156967212699e-01 9.763715003390129876e-01
1.333857812463088433e+00 2.301259393953300827e-02
7.247580066009540189e-01 1.998274780969172104e+00
5.398085538630668090e-01 -1.170109528811413835e+00
8.529428394412511549e-01 -8.247700186937888533e-01
-8.742033377115056014e-01 6.977287907099362085e-01
1.224131238763870755e+00 -5.405755611233979963e-01
2.817363837507666502e-01 -7.806653429067002270e-02
-7.424228936144201541e-01 3.699620954377784154e-01
8.919336487978568595e-01 4.721034314127147691e-01
-8.616624307042904940e-01 -1.401738373967503115e+00
-1.570010059489458654e-01 7.461710496262756454e-02
2.230412188525109918e-01 6.450595240869883007e-01
2.625977755869310926e-01 7.178806008881201128e-01
5.344319737208853560e-01 4.213292146511238290e-02
1.083045217411255229e-01 6.537225766235618130e-01
1.437671088952847231e+00 -6.212452208469143589e-01
-8.175311755052898643e-01 9.202148508843608354e-01
3.224586705059059866e-01 -7.716229551034241296e-02
-6.183390170146658704e-01 -8.350804505643647513e-01
9.002835695399690197e-01 -1.270800637419251755e+00
1.379306936752741519e+00 3.534544770332105901e-01
-8.193905472883171726e-01 8.424097756971925532e-01
1.038801065540406604e-01 -9.264971788388256524e-01
1.136928109159424993e+00 -3.563488064871984107e-01
-6.009914098212306710e-01 -1.143483717841689451e+00
-9.083963924035481918e-01 2.226675585194263507e-01
4.050329805646507020e-01 -7.218308967254780661e-01
2.639362292588044445e-01 -7.586766165083405067e-01
1.416122928448092066e+00 -9.000105821727187871e-01
-1.219960489137545290e+00 8.329608211570296294e-01
3.266740288088527677e-01 3.410673307191668946e-01
-1.436997069581315678e+00 9.037511121828849525e-01
7.819028293143783781e-01 4.807272159745772377e-01
1.623433620612145176e-02 -3.049616738882381939e-01
-1.188920099982452294e-01 -1.688347452202188848e+00
-2.098523044274714644e-01 -4.125126525101840413e-01
9.734924505573739895e-01 6.949303111188925852e-01
-7.973286546164530808e-01 1.451640367521965791e+00
-2.950766129894164536e-01 2.294524899216666414e-01
