-9.630456104719314903e-01 5.493968408833503902e-01
-1.583974453689212636e+00 -7.118124074549612157e-01
5.225362665214733360e-01 -6.878568867072384352e-01
-1.033857520517412060e-01 -6.837124363863001930e-01
-5.192295175415861941e-01 3.815689378463600900e-01
-4.522812500217823078e-02 1.225308764817144347e+00
-1.492159318768326415e+00 -1.288256166775881395e+00
5.073722435903761374e-01 1.078553785947305110e+00
-1.785905050240367942e+00 -6.756655016418673387e-01
1.589313403098464361e+00 4.271207796482632407e-02
8.114657427121716449e-01 7.597653967883175596e-01
-1.779285257335025294e+00 1.014283144514632889e-01
1.660470416979012709e-01 1.778366783079143865e+00
-7.721485694195443505e-01 2.135317051424486245e-01
-1.409774598305977011e-01 -5.235329706637928959e-01
-5.390966412739280900e-01 1.167965806256708206e+00
8.120092949457139442e-01 2.730143956904971803e-01
3.107616186124406155e-01 -5.952815048969513079e-01
1.268725986784922544e+00 1.008234512160557594e+00
8.324181785073128115e-01 -1.393760333368847970e+00
6.198225055671887640e-01 1.102616389701106980e+00
-5.226335741040895044e-01 -6.319998313240356158e-02
-8.330301291013088305e-02 1.222941999314770545e+00
-1.127186222565265794e+00 -1.929711759916376279e-01
1.443385086591907562e+00 -2.458778630148606148e-01
-3.127749653627333593e-01 -6.371072065942239016e-02
2.574641408854997510e-02 4.136362249568004135e-01
-2.553126988744535364e+00 1.104920838161876695e+00
1.599655245719399765e+00 -6.122857158045559300e-01
6.173271779572715445e-01 -6.134337751891629775e-01
-9.088890924858382681e-01 -1.222756778063788907e+00
1.219740444785061717e+00 7.577153084735834820e-01
6.663362749874991442e-01 3.788904136740713358e-01
3.390846999299880205e-01 -1.942298240502417395e+00
1.811917920475013988e+00 -3.972058026716419055e-01
6.226910591934752270e-01 -2.691205257125390271e-01
7.154778403693518030e-01 1.065789154906146896e+00
5.282309714191892880e-01 -1.091498365142888449e+00
-1.382199158231913749e+00 -1.485751177184305050e+00
4.905674663383119416e-01 -1.104318728633810892e-01
6.258476441449342120e-01 -7.090772313628810330e-01
1.543615767599297417e+00 -5.165693140356049096e-01
1.341489620556357787e+00 -1.652574897291929634e+00
-6.426908687242532947e-02 -1.181904794635178835e+00
2.913573094113903195e-01 -1.285054907354355347e+00
-5.412672625296619661e-02 -2.744733381657207261e-01
8.059350992110941858e-01 4.035049039057007070e-01
1.219688080108538353e+00 -9.304537012700606624e-01
-5.503151026975303117e-02 -3.976669002444832013e-01
3.483495081756016742e-01 9.286011408112958554e-01
-5.352625465681515315e-01 5.902943582752038232e-01
1.261638740709683341e-02 -1.323330222198392248e+00
1.626841660568373094e+00 -1.472522212776096628e+00
-5.462987128126035596e-01 -8.368995353643792212e-01
1.712919683552042383e+00 2.758476998493790133e-01
5.369463554853997067e-01 -1.459923455380612856e+00
