-2.645617825133011469e-01 -1.835755066090020371e+00
-9.353142578457941669e-02 3.395519587010103479e-01
1.706902922031428460e+00 5.147475736975085647e-01
-4.097973183853856893e-01 3.309917760417605548e-01
-2.801186120346296771e-01 4.280083367444029729e-01
6.590682683718664114e-02 1.753815280964514001e+00
-1.267578570372998703e+00 -3.636293494722817599e-01
1.261958435851923688e-01 -9.939932904316751694e-01
4.388932437421627641e-01 -2.679316351897235715e-01
-1.580650953316710794e+00 7.793413770859947132e-01
1.263445177257799257e+00 2.636197626247067216e+00
1.797847501085542837e-02 6.896974516213478790e-01
9.112104838952477248e-01 1.259105492446262353e+00
-7.576136677419361698e-01 2.934440438057348555e-01
4.255541684455053097e-01 2.168094314034743619e-01
-9.081208153607004396e-01 7.117165613098117571e-01
-1.543598860918292959e-01 2.784338734760345990e-01
1.597836945785997997e+00 2.537455150308653984e+00
-6.028363180746348221e-02 -6.159446453385632875e-02
-3.733848191083130041e-01 -5.684869738771589631e-01
1.256820336197589150e+00 3.241867990350342787e-01
6.839496303840518765e-01 6.797670258155763534e-01
1.113433633371252229e+00 1.088202587501892804e+00
5.272534200274306970e-01 -8.760393652056223945e-02
-8.906590934897682388e-01 1.801210648081080334e+00
5.165477515527492347e-01 -1.478623186352788221e-01
8.089211044611369639e-01 -7.842807999882772663e-01
1.301958600425408008e+00 2.622772033573171901e-01
-3.705740297143557682e-01 -1.555887386123863347e+00
2.626062035911108872e+00 -9.432087940351888133e-02
1.016854903224540640e+00 -1.556086442418506133e+00
-4.200794878719068537e-01 -7.040787692858534452e-01
7.144738043104437164e-01 1.475486028709540598e+00
-3.886997142753349094e-02 -1.110316192441486827e+00
9.439895193320373412e-01 7.877697600005346967e-02
-5.478447998428352950e-01 7.807136687674499642e-01
-5.661721471998814037e-01 8.273560630172004382e-01
-5.597725241985969102e-01 1.044425365732847055e+00
6.837351733830601130e-01 1.205678867653033448e+00
-8.660083852015025840e-01 2.626291851723218662e-01
1.081655881400380714e+00 1.677541997272224417e-01
3.215583293090831796e-01 -1.452457224546142900e+00
-3.775633401691251279e-01 -5.838689741121307897e-01
-3.363486798021870783e-01 2.047721869225036795e-01
-1.384577697863670354e+00 -7.885775717317753397e-01
1.542590417157763794e+00 -8.457238848856452051e-01
3.515130352367599187e-01 -8.518196039128936858e-01
-2.485356672520878107e-01 -1.071601644147963439e+00
-1.521603853027907238e+00 2.838796621669310016e-01
5.315497233448999159e-01 4.995876026380554058e-01
2.145492179731730342e+00 -6.227046632810557814e-01
2.345856779910351353e+00 -6.253571092467645753e-01
-2.433435375086536290e+00 -1.432215264974181945e+00
2.881321362144479981e-01 1.921708206030781074e-01
-1.798674856410789613e-02 5.202779060033988490e-01
-1.303521300685767548e+00 4.139883239175645158e-01
