-2.223308393493826363e-01 3.054709944455469284e-02
-7.540077659585127101e-01 -4.254970456601328554e-01
-2.681400072732290418e+00 -3.433803204550092691e-01
5.187636814668774576e-01 -9.043577500326661633e-01
9.238340626309580195e-01 1.382198402686797722e+00
-1.662314549373428818e+00 -2.387673928851640204e-01
3.064760279734067838e-01 -1.135220175109361795e+00
-2.545953848453955670e-01 -8.228822496442498302e-01
-7.774769415986505505e-01 -1.202395170043938810e+00
3.205317098511557550e-01 -3.397915061311365115e-01
1.752945604839843685e-01 9.015836810265285273e-01
2.407400013319193899e-01 1.224431409739404231e+00
2.767725750561115250e-01 8.840768453722612774e-01
-1.012906113530767982e+00 -8.770422459736341159e-01
6.968936011365465255e-01 1.734014569631256775e+00
-1.606736989634681034e+00 4.959230951060632497e-01
9.796937823490737829e-01 4.486924225332575844e-01
1.292363486278346629e+00 -7.626256318611385199e-01
7.697875007858095975e-01 -5.310924303809230196e-01
4.094096675131721486e-01 8.085129005281289638e-01
-1.513042509001759628e+00 -7.058057415907805776e-01
1.728354227991437897e+00 9.634803719704938541e-01
-1.056604790638500768e+00 -2.008628257817884233e+00
7.932484139024443826e-01 -5.710131015674140276e-01
1.342662023120815284e+00 -1.100243190243651303e-01
4.042935423962926156e-01 1.159906525543034528e+00
6.948132342126069894e-01 9.469805543927657387e-01
8.280225523191834247e-01 -4.279367266930496627e-01
3.726961451059493391e-01 -8.993210888758531585e-01
-2.695217430816296389e+00 -9.223380259300156814e-01
9.169980884421544132e-03 -1.512205334431367287e+00
-6.235097835830208934e-01 3.841407172982450602e-01
-1.253119004199889419e+00 -3.339470579811660289e-01
7.610420789501197714e-01 -1.952168032865695846e+00
9.474580882194965081e-01 1.424342312161969160e+00
-8.746874255393126685e-01 2.393825849679192430e+00
-8.656019409708587409e-01 -1.647962105186629722e-01
-2.925183292960195081e-01 -6.659671688312036597e-01
2.149269921626138835e+00 -1.524152731757572599e-01
4.132728888896669561e-01 -1.599148048680094081e-01
-3.782416127755686697e-01 1.139028159906365412e+00
-1.733173897546925524e+00 9.485525176341603748e-01
6.077461002412867241e-01 1.721052828670929014e+00
4.524868946690571714e-01 -5.922945862139800122e-01
7.356516960703157748e-01 7.801913590174794910e-01
3.235843198435496948e+00 1.319603877394957658e+00
-2.539827360004811019e-01 3.621477778057686780e-01
1.385760189320095703e+00 -4.289983774183474263e-02
-6.347251552065185098e-01 -5.214425982841016660e-01
1.217623729366116431e-01 8.557971654539133985e-03
-8.231199429493692987e-01 -1.970859511572209677e-01
1.596529609965417151e+00 2.861247090395008796e-01
1.853510686989384704e-01 2.949697567549933175e-01
1.891204321089143547e-01 -5.223036925144310949e-01
-2.613040059641016932e-01 -3.357589057892764739e-01
8.958832930393297034e-02 7.738675714976762654e-01
