-1.020155840724412233e+00 -3.846993753042387415e-02
-5.654851208402940088e-01 5.895908705411421202e-01
-1.227257143506591097e+00 -7.778639348115445884e-01
2.256837892697205472e+00 9.228347128418562528e-01
-7.355703467537917373e-01 -7.875975526069013410e-01
8.036241851987052653e-01 -9.253385158714325653e-01
-1.591717714471742040e+00 -1.195023375385867004e+00
5.634060862569596762e-02 -3.043342169815206888e-01
1.384966914084461820e+00 2.733129289249475402e+00
-2.359801587798863731e-01 -9.113449364654144236e-02
-4.487968622876855607e-01 -1.332863458931524470e+00
2.219559377679055423e+00 -1.480898019081542838e+00
-7.055498930157994009e-01 8.900485133098262613e-01
-1.011033222393149744e+00 -4.290370952042348862e-01
5.098876497501722005e-01 -2.353461309607390028e-01
-3.087440605349119904e-01 3.230349576257648403e-01
2.543692786603345413e-01 2.673889587456605016e-02
1.453994532929712369e+00 9.206151396801405193e-03
-4.654942532103591851e-02 -4.127369556794378003e-01
3.857228674503471177e-01 -2.274221526307600161e-01
-6.228978622393113174e-01 -5.590706437832214659e-01
-1.626177119971650153e+00 8.411020261965640454e-01
-1.047140348655470621e-01 -8.908596045123680085e-01
3.542198053373156186e-01 3.338751804088362363e-01
1.236153003488310365e+00 5.027778316800799452e-01
-1.910980264350958580e+00 -1.675498554524759987e-01
9.331659077446184669e-02 5.633814651469626344e-02
-2.704232983642197441e-01 7.237785055596818173e-01
-1.022711696613377574e+00 -9.807230210292841588e-02
-7.981311418724447160e-01 -1.746088700509433878e+00
4.154665224379951866e-02 -1.116950963473680447e-01
-2.262201295580521521e+00 -6.956801724024299638e-01
4.009527852795785607e-01 -1.900129643328536622e+00
1.926466490065045223e-01 5.201817165038032931e-01
1.914586016343039210e-01 -1.538790395962606583e+00
8.137933028719733786e-01 9.573219863393334084e-01
-9.786926502938678718e-01 2.451253557674182737e+00
-7.345294572594830707e-02 -2.539667538084172671e-01
2.662543488301161165e-01 1.059089788044243363e+00
-1.118161438762448334e+00 1.334900266617437881e+00
2.161895710165897100e+00 5.649586186000102872e-01
-5.471544560443418748e-01 1.441713742912316687e-01
5.338042600478504207e-01 -1.451296853163773770e+00
6.941560466758449621e-01 7.406249272272517059e-01
-2.624478660886028436e+00 3.964131237336433466e-01
1.661323861713131844e+00 1.104998433723563656e+00
-6.038728393122491100e-01 4.434259083981093030e-01
9.261680785385275616e-01 1.671010971333708683e+00
-2.721924786660208095e-01 2.506953709844710887e-01
-1.042386175781361501e+00 3.349651218766794281e-01
-3.784790675645558489e-01 -5.044138987741335622e-01
-8.297174675611550532e-01 -8.923133645836971439e-01
2.127105123076120652e+00 -1.355138434904238354e+00
3.542430269085644068e-01 -3.177050085259733314e-01
1.064505184851297637e+00 -2.390607236714452910e-01
7.664116801041379601e-01 8.628396139414952204e-01
