-8.399483883587383071e-01 -1.253472677330494944e+00
-2.169235726783572016e+00 -6.349574943705845742e-01
-1.471511200714272216e-01 1.381493218435904564e-02
1.544505406524526725e-01 -1.302873990585970976e+00
-1.204374750148492490e+00 1.815587200585939920e+00
1.292055229961355911e+00 -9.956863123922014835e-03
-9.169948077516913709e-02 2.476368012020626341e-01
-1.943434956863302199e-01 2.461980666940049578e-01
-6.836379476095659768e-01 2.890605692495409329e-01
-1.894234611190203921e-01 5.576457382300441523e-01
-7.016844555184856835e-01 5.277659938872972245e-02
7.431251794983240178e-01 -1.830881981997537267e+00
4.797839033858827262e-01 -6.675273045789247295e-01
-1.687579416856841708e-01 4.118531768675506299e-01
-8.089176202598545862e-01 -1.186334507527547322e+00
-2.173627605641592353e-01 9.309209635523728599e-01
-2.531453600986099950e-01 -1.341616952959401587e-01
4.510402274320222671e-01 -1.142325593205031797e+00
-2.795688842475889113e-01 7.426305727550386315e-01
-1.061758120245181791e+00 3.862972114216012831e-01
1.144217158516498412e+00 -1.101990348025403410e+00
-2.228458084003975603e+00 5.763608802229478467e-01
9.115053097156369799e-02 2.080950345565405257e+00
9.502149444225009844e-01 -2.025386981844320422e-01
4.804359294527657531e-01 6.355934790118101807e-01
-9.547907537203895179e-02 -1.113562164322493109e+00
-4.969677948770219733e-01 -9.969402114364975809e-01
8.987458427530023997e-01 -4.058190327309177947e-01
2.240499476408667479e-01 -1.943664047771689107e+00
-8.422514230407570635e-01 -7.858258444367660633e-01
-1.358507149862885344e+00 9.199078146363458552e-01
-2.914070655634786178e+00 2.470530682621954632e+00
1.168886935179154346e-01 1.565833727452671686e+00
1.423450257605284097e+00 6.634391878762356809e-01
1.363141724854204095e-01 5.437056650589465745e-01
1.115438693088164790e+00 6.644298248118864214e-02
-6.868935507827800269e-01 1.775538539225157697e-02
-1.030361959907931391e-01 -2.348774897156318264e-01
1.088942938697893714e+00 4.001456469731536347e-01
-5.961742239356874196e-01 -4.229608576138711440e-01
3.635382895893560229e-01 4.930728000975138914e-03
-1.134906020340292754e+00 1.171849943012092110e+00
-1.006860980427576324e+00 -2.857242576553284397e-01
-7.277662764729906364e-01 -2.789677262984120443e-01
-8.535400440541088818e-01 -1.236874532091859075e-01
-6.675640261091384531e-01 -7.246223557632920365e-01
-6.843359057064390960e-01 -6.846294997834801999e-01
-9.261988677881738408e-01 -9.252241413480446486e-01
2.294844749698345399e-01 7.105396796146313809e-01
-2.826242874216523537e-01 5.738494267467556531e-01
-5.180360301718582861e-01 -1.670291631391343790e-01
1.058501418123534599e+00 5.135274648567919042e-01
1.758617175371770536e+00 -4.245272862550215631e-01
-1.066986562625672486e+00 4.443177001571356199e-01
7.980774919236772735e-01 5.409919013434780766e-01
-9.427103195717484452e-01 2.175858113013067752e-01
