1.173866881020241948e+00 5.025122394106625867e-01
1.453764156358242410e+00 -2.238766220729424342e-02
-3.604109239649016527e-01 -1.269398438298699139e+00
-7.249082409507937551e-03 -2.470691653622584805e-01
-1.369286402419525872e-01 6.868347578748021931e-01
2.653498573899731316e-01 4.870649084686874686e-02
1.015268193475661107e+00 -1.184588064669729102e+00
9.949285862344149634e-02 1.072560654690732029e+00
1.529796697732587960e-02 -2.905273760399555427e-01
1.945373607633246738e-02 1.123890674816143465e+00
-1.202875385622395044e+00 -3.829189069560221537e-01
2.211920303530052312e+00 2.556782382514671270e-01
-1.347972445139252073e+00 8.576287246666161601e-02
8.227318529436722372e-01 -4.575545998326095709e-03
1.770880389594696513e+00 -8.566981078239113145e-01
-1.540430309591528824e+00 2.303247247579909840e-01
-1.093208524621641087e-01 -7.212738678130140579e-01
3.601608512520608762e-01 -3.281227989594580619e-01
-1.829957326791221139e-01 -1.242769952887473162e+00
1.434081641319673084e+00 -7.491710253617914761e-01
-9.882319918500820366e-01 -6.482526592600834636e-01
-1.187581784370280502e+00 7.256619104364263606e-01
3.936014206907793578e-01 -1.722697229408361175e-01
-9.987412584066761301e-02 9.493567910603816218e-01
-2.086096412001439415e-01 2.176973682467614468e-01
-2.042008184992653241e+00 -2.829998129938602891e-01
-9.086092576879463145e-01 2.806530485473464065e-01
4.462862295641586430e-01 5.427424033674481674e-01
-1.955054868408618640e+00 -1.804055183853113808e-01
-6.656176578768780994e-01 -2.420453392853879129e-02
-3.406837789263049698e-01 -5.196289592512413069e-01
-1.125864653192582048e-04 1.973306657297767552e-01
1.016093662579313772e+00 -8.893548777859318077e-01
4.553964286011957796e-01 3.092158880231584694e-01
1.677701546362472262e+00 3.936456253305133934e-01
1.666571670441802322e+00 8.029462580797193383e-02
-1.218954342749953179e+00 9.250234056198604060e-01
-8.756014520802900547e-01 6.908457931242013850e-02
-1.084260990333995922e+00 -3.612831263174119956e-01
-1.405817914943639224e-01 2.509438960084734438e-01
-1.749092177010501681e+00 -3.331456886381478077e-01
1.051618493019875533e+00 2.454164545446870516e-01
-9.668250209995933320e-01 1.374331318855561257e+00
-1.444685862948612842e-01 1.138669483214816092e+00
3.722797011714466531e-01 -3.571794030695453204e-01
-1.683306687184663808e+00 1.611107033750819761e+00
-9.459458328665705240e-01 -1.141063322419717974e+00
3.950420708018284044e-01 -9.051982777621434550e-01
1.119158040797792880e-02 -1.316506166811351353e+00
4.592151201426032670e-02 -4.239837994969649082e-01
2.496440588013022488e+00 1.194268127749969599e+00
-4.729235788600115731e-01 -2.558287872557693632e+00
7.526993920321606302e-01 -1.253689309430004117e+00
-2.104611469114443967e+00 -9.508975091632773657e-02
5.504160090975653841e-01 -2.460227789155209788e+00
8.031460653252636694e-01 -2.815703962744335875e-01
