3.621730607883762443e-01 8.093180382390755545e-01
-5.052994489634907715e-01 -1.316096707994373283e+00
-5.105028568487747498e-02 -5.960776347229943539e-01
7.457379389626879185e-01 1.532072844838782810e+00
6.029463178969486359e-01 7.250950054888806173e-01
-1.972068359251447078e-01 2.008937657336692606e+00
-1.269531677274483572e+00 -2.758707701277965940e-01
4.698857311553390481e-01 1.328573709486438270e+00
5.854187808693115391e-01 8.233087869401319869e-01
-2.477945269311595533e-01 -5.335040359289330292e-01
-3.425491066554458564e-01 6.528799492617440858e-01
5.421953408523993989e-01 -1.503754081370892948e+00
4.315946346395720390e-01 -4.465881030697910203e-01
1.287329527233446846e+00 -1.922118942532560493e-01
3.899782790013203021e-02 2.293016327743051974e+00
-1.226578672607171905e+00 9.299780559396657598e-01
1.935250836979061084e-01 2.785843223327960638e-01
-1.072792195401835791e+00 -4.918894986307554285e-01
-5.771218028968073677e-01 9.429424121859724117e-01
-8.813850768866869911e-01 6.045828488611897367e-01
-7.263154799370635795e-01 -6.021367502520897919e-01
-3.116005062563039218e-01 1.150527767873824825e+00
-1.765076492381909778e+00 4.077699912925702302e-02
8.535317787590580574e-01 1.381870323888826801e+00
9.486401244615177974e-01 8.007300929411200752e-01
-6.612940515724582413e-01 1.372352688214590333e-01
-1.996876434330812633e-01 6.219838594338723547e-01
-9.239273245379008292e-01 1.124772765331555568e+00
1.860722492776551107e+00 8.685596877197501176e-01
-2.459901512837918969e-01 9.488043742062902686e-01
5.697577544274629036e-01 -2.671515799914062073e-01
-5.401379861535307025e-01 7.936531824795310941e-01
-1.079110901968052816e-01 -5.327629547065024784e-01
-7.724207348672438300e-01 2.820057882937071492e-01
6.728854328749835911e-01 6.600462075242502502e-01
2.225139729108622511e-01 -1.459600855501044459e+00
3.331016238570765897e-01 3.361252770817405588e-01
-3.388820773237558037e-02 -1.766515316303100547e-01
-1.558122103569144212e-01 -4.914314087620497151e-01
-2.205356751707761298e-01 8.868319387771188556e-01
-4.956066378796756822e-01 7.429386732729761356e-01
-1.797858381187446633e-02 4.420167996344456229e-01
-2.042263829361555150e+00 2.951729851334453092e-01
-8.230344609932449540e-01 6.750893992035109648e-01
8.579533293764085577e-01 -1.263319103409749067e+00
1.477196307405357900e-01 1.310524552479868099e+00
4.464026220970399028e-01 7.639731470020295623e-01
9.866053740545942530e-01 6.102989849923622367e-01
-1.684554994224238600e+00 -6.421418092045473314e-01
-1.180923165054656443e-01 4.560268442884281570e-01
-6.897022564383924470e-01 -1.226394207332867969e+00
7.009327956345768884e-01 1.584444752102726284e+00
-2.046014826655150554e+00 -7.399941624900840953e-01
1.106881499009097380e+00 -1.105444758638589736e-01
1.151212715498966740e-02 2.067219046885919453e-01
8.575469015372472192e-02 -4.097475938944301066e-01
