4.102476439457871521e-02 1.046068610724269904e-01
-1.803012680650507293e-01 -1.490207526841865304e+00
1.059390146856684201e+00 4.866380665894953772e-01
6.045028869375549396e-01 -7.028626654834712051e-01
9.149255676562381145e-01 4.494452725481417610e-01
-2.169634292680698628e+00 -7.716202960236688835e-01
-1.328512673031033042e+00 -1.991002722402437641e-01
-8.583117744949609884e-01 -9.527649354741289933e-01
2.439169045622973375e-01 -1.223796475708100795e+00
-5.542218999902178700e-01 3.346295166383542741e-01
-8.294864736286793327e-01 -6.160636983083735974e-01
1.715304931806525268e-01 2.358021785183165964e+00
7.436070664699571953e-02 1.773469881694607619e-01
-1.270893625956795170e-01 2.342929596482571097e-01
6.301907618640741060e-02 -5.940976795067026694e-01
-5.536118618807827074e-01 -3.859842709896291746e-01
-6.662012540274258043e-01 2.092333623785859409e+00
-1.602882933989350667e+00 3.859145062775322654e-01
2.758740047562219591e-02 1.198072896607524085e-01
4.682202271973724961e-01 5.227522830070994164e-01
-1.485832761986650485e+00 -2.885314381020858687e-01
1.511331991491404958e+00 -2.215941195315017875e+00
4.904767942123111069e-01 4.293391124151352267e-01
-1.102660343358312645e-01 3.298861188225548080e-01
6.234234753529135364e-01 -6.941482342242604187e-01
-2.720189165804870468e-01 4.530829613662253896e-01
-7.681255463892391333e-01 -6.788182225674715964e-01
-1.365189737731901110e-01 -9.421474808457533934e-01
-6.399379158217007868e-01 5.712776122542451152e-01
-8.566197124120004114e-01 9.325230987786848891e-01
-1.587584393852643272e+00 -1.446382695704169219e+00
1.159213699313759172e+00 -2.804360917217288973e-01
2.656164844216772347e-01 -2.963039257708828256e-01
1.989979081852340181e+00 -7.799025470906094659e-01
4.551936886899966006e-01 9.236666697444796403e-01
-9.410669309774101210e-01 4.152272710575996562e-01
9.471432751976275322e-01 1.564362811672918296e-01
5.183252787450708388e-01 4.846107787723725746e-01
-3.460780193092728996e-01 3.366898597026714568e-01
-5.619224016176310732e-01 -1.124468944127308356e+00
9.381889403064470889e-02 -9.833403355761577425e-01
1.256144993410658772e+00 -3.028920123283486143e-01
-4.868448842389141440e-01 -4.034253984319968733e-01
-1.382109678738315139e+00 2.321961644626705512e-01
7.720549475894752378e-01 -1.791053800011429553e+00
-9.513717312763189660e-02 -1.142624792089067531e+00
5.979378817485030417e-01 8.274256998874967017e-01
8.433489395236569708e-01 6.912289452317957883e-01
-3.979954596877530171e-01 -3.025639110610761073e-01
-1.573661055434409484e+00 5.798980869475179878e-01
6.465759440662613988e-01 1.308366252237968430e+00
8.379342949024130016e-01 4.898313075262901162e-01
-1.279177679450647642e-01 4.733429982485893306e-01
-2.399113416395151077e-01 -9.492615409632843004e-01
-6.414313272620045803e-01 1.247742608245036022e+00
5.805187573350691910e-01 -8.545614395620159121e-01
