6.358449196631826839e-01 -2.379378203046898788e-01
4.982243912807435837e-01 -6.284105061777355283e-01
-3.340494015726904742e-01 1.881060667783521545e+00
6.153041763981187406e-01 -1.128513003375996915e+00
-6.791377945382663928e-01 -1.360480272313790095e+00
1.305286188990780971e+00 6.869150187173652666e-01
-1.191355455769721905e+00 9.402144665772803611e-01
-1.721336598039607813e+00 -4.287722982982897224e-01
4.001483830719913815e-02 -2.101289130312500752e+00
1.263252724599120302e+00 5.983423294174676776e-01
3.283600058186360471e+00 -5.592489473279292911e-01
-1.489842759562470587e+00 1.082862722337976535e+00
-6.488229066726127758e-01 -2.304348835650138830e-02
-7.046520834830505287e-01 5.514727089691972006e-01
-1.469371968945665241e+00 -9.955570451123568754e-01
1.870442624849695257e+00 -3.333692816813815241e-01
1.125789244660471589e+00 2.839844547095022431e+00
1.026789585647910064e-01 4.447527705711980528e-01
-1.370187239877357133e+00 -7.466259223005764500e-01
7.516509381521041533e-01 -5.427746134357827046e-01
-9.459870240197816305e-01 1.480587675654025936e+00
-1.044922013955428719e+00 1.109820238713904672e+00
-3.395516198132488284e-01 -7.036517850547626685e-01
5.359207950614208738e-01 4.059373001408912440e-01
-1.003298655884673346e-01 -5.992357594564534651e-01
1.115277133700335765e+00 1.317398210617345411e+00
-1.059666735547029059e+00 -9.768744841033129012e-01
8.457319814784300949e-01 -1.008863088525699503e+00
8.341978139186392860e-02 -1.608147960340360338e-01
3.544123192999009686e-01 1.273151481707254229e+00
1.734531817824769284e-01 1.112936340889227438e+00
1.750207213739947143e+00 5.892440206725523266e-01
-2.403939450669389730e-02 -6.471027400730260393e-01
-6.715676493281569348e-01 1.349609810745016958e+00
1.732705745719276713e+00 -1.792771372550505948e-01
-5.372253865972341780e-01 -1.141284367760415641e+00
-7.982167749256534328e-02 -1.289353283827960217e+00
-2.058342238212877984e-01 1.645391146766710666e-01
-5.309120246383011166e-01 2.466834881150234970e+00
-7.928340417282164765e-01 -4.353863897359457891e-01
-9.561410970575630053e-01 1.725572567946112912e+00
-7.999477467761990646e-01 -3.795168828867251376e-01
-1.716429120126419447e-03 8.235683957705738356e-01
4.480396567546884867e-01 -5.154487110899129698e-01
-1.066544478627976300e+00 -2.890438371403472040e-01
2.678724547186557906e-02 -1.321364620578718840e-02
1.648459279226802465e+00 1.229014237089702366e+00
2.941180273937658574e-01 1.318546855200243506e+00
9.394514935580815587e-03 -2.084231752636000135e+00
-9.991992055303068332e-01 1.412938158394395849e+00
1.196724756157163672e-01 -1.011558536727245050e+00
-2.732708667002167857e+00 -8.981567760519888755e-02
1.223735277112389275e+00 1.270483828998583808e+00
-8.863907116469030845e-01 1.232239113806197356e-01
1.005223345513927224e+00 2.625865153750480019e+00
4.020056157153449883e-01 9.319165303481828921e-01
