6.265967831663966925e-02 -4.666984180880401692e-03
-8.575851184461946719e-01 -1.321045824912940647e+00
2.349774668781156262e+00 6.993560530944034626e-02
-2.256290537555045717e-01 1.796114711944997167e+00
-1.074009756905180829e-01 7.918835637576647768e-01
-8.290505929075160374e-01 -8.380194210272916278e-02
1.471143897863788352e-01 -1.551848534086786913e+00
4.806488598290415970e-01 5.072847801269704249e-01
-1.544013119456685290e+00 1.415558075262794979e+00
-2.118247883467879247e-02 -1.387939423137726502e-01
2.251797443658988887e-02 2.127664000188794091e+00
1.831657185602891147e+00 -1.433997494315284227e+00
-7.775502466122377054e-01 1.559389370409236086e+00
-5.781612028337976827e-01 -2.114385264310210566e+00
1.937489466192501009e-01 -1.067531494883281917e+00
4.593783970669183536e-01 -8.511039293306215114e-01
5.180966643654478787e-01 8.181902128609358504e-01
-1.166142055609360462e-01 1.138380254212689291e+00
3.185520638789098857e-01 -8.019556929897536657e-01
-3.228664531181710262e-01 -5.868227517005899507e-01
1.372444087617905872e-01 6.917551928393925742e-01
5.948516384229096676e-01 -1.088186034125751878e+00
-2.090697937918122307e-01 5.940410096307812138e-01
3.425849826092448036e-01 1.273651877543989119e+00
8.786347500607186722e-01 5.494104768576801856e-01
3.299964938885434629e-01 1.834848440866807262e-01
4.595702415718896927e-01 5.109862939538895032e-01
1.690065405162053169e+00 2.906603102638331548e-01
-4.445255745742682230e-01 -1.804485153896112193e+00
-5.693839526998101253e-01 -3.704770433872474067e-01
-2.532445124381573542e+00 -4.209111779962889099e-01
1.612928433863386690e+00 7.646609177604138941e-01
-7.254699524161607738e-02 6.911016298833798643e-01
-7.273590952794276587e-01 -2.898735440882088121e-01
-7.041586452351297210e-01 1.779325417884071170e-01
-1.082361588256029322e-01 1.129002213124673804e-01
-6.504077311726348398e-01 3.578740364519290562e-01
2.695609734481927977e-01 -2.284316714923463332e-01
3.427772823755706466e-01 -2.307363744125101035e-01
4.160395038711555693e-01 -1.323826905283671529e+00
-1.579962334891313658e+00 1.446380920610794929e+00
9.606712504341508030e-01 1.024997617550927886e+00
2.034863903302961408e+00 3.855211680837625221e-01
1.408514756969136750e+00 -4.656079570649660493e-01
-4.719167631243710859e-01 1.643512101441634066e+00
9.581263453854904633e-02 -5.373069053482371071e-01
1.153421764031106050e-01 2.698533516495508211e-01
-7.042903142671035344e-01 -2.214871785592417375e+00
7.092311583396347929e-01 3.048122903982695697e-01
-5.638453468767615773e-01 -8.974572159166642471e-02
-1.467475574190268528e+00 -9.759760680749519635e-01
2.305274852464029856e+00 4.503939964612534430e-01
-2.041112583094922606e+00 -8.420376610226424363e-01
-1.395867138884213376e-01 -1.131382664139290783e+00
-1.739468418767008639e+00 1.027249440707119543e+00
-3.175463687371865018e-01 -3.850039260369458871e-02
