-1.932444517036697729e+00 -8.336973854348252999e-01
3.625492396180940990e-01 9.002919198982904936e-01
7.547693003785527210e-01 1.631325966186810028e+00
-2.728535887904873225e-01 -4.212227167765482116e-01
-1.302664243295130531e+00 -4.415051227021227764e-01
-3.671171205150855488e-02 3.090898083595590151e-01
-1.363626215767156369e-01 1.215833169451266293e+00
-8.683601965214245988e-01 -6.482714411818429889e-01
5.316110972894949604e-01 -1.009437179935029905e+00
-9.307451854501069821e-01 1.931286320339845153e+00
2.060411891199721346e+00 3.524130943699241847e-01
3.663830085516798785e-01 -1.878645256321227197e-01
-6.095443818451778961e-01 -9.678857021274885897e-01
5.960674284905342207e-02 3.646657385334357571e-01
-1.625990456750565860e+00 1.795025066353665322e+00
-3.518712366989847351e-01 -1.306723809615053522e-01
1.179707639421080784e-01 6.451325935354890184e-01
-7.896107351773120619e-01 4.603083464443327721e-01
1.084688315283369286e+00 -1.289378011331684393e+00
-6.970253008545184148e-01 2.416489916272253902e-01
1.710454813903528881e-01 -8.329101535338984119e-01
-1.632207543139214900e+00 1.664491284776786983e+00
-8.131568789085553972e-02 1.993048349050654311e+00
3.675694505862907024e-01 -8.489357189417270355e-01
1.956393297607737392e+00 -1.808587909890044809e+00
7.452301403536493174e-02 -9.335126249518451713e-01
-2.412669603225650883e-01 6.621527398774653683e-01
-9.727690935574359044e-01 7.770763235065062391e-01
6.459902218277385755e-01 1.057106937722133155e+00
-9.831740337758442250e-01 3.604629825745861993e-01
2.384676532416134531e+00 4.837686054677857450e-02
4.231483054231305885e-01 2.015125991949264506e-01
-3.547092865172590259e-01 1.044306110748753902e+00
-7.721686172679901317e-01 1.339873889249752592e+00
2.666757383349232513e-01 5.606099290011167247e-01
-5.386747711476248535e-01 -8.491658158286344849e-01
-7.629578857178888063e-01 -1.419866687586044396e+00
2.178112498738395131e-01 3.639786911669802838e-01
1.937614756161147589e-01 9.840151138186000734e-01
8.422015582116764154e-01 2.314627346825949505e+00
-2.217712130082035049e+00 5.398472964106437733e-01
-1.115997367826618181e+00 -1.372381847238009822e+00
8.329344788542909772e-02 -3.851908604082998622e-01
-6.736332150059960444e-01 3.686062407430168442e-02
-5.202884769535389559e-02 -5.747146795300798194e-01
-5.053225831047304661e-02 5.481695582908873154e-01
3.222661039706040120e-01 -6.277024479490688202e-01
-1.216121800575925782e+00 -1.624806106458154042e+00
1.644022630828250620e+00 -1.895204960244833758e+00
1.421312039855151810e-01 6.500862151503956632e-01
-1.702249417738759818e-01 1.132940563867012723e-01
-2.042012541484033994e-02 -1.990114450914538535e-01
-2.164948405708511547e+00 -4.815276892462789227e-01
-3.788435259886296369e-01 -7.367136182789132404e-01
-7.771992282834330190e-01 -5.472582903160753132e-01
-1.662032520125409585e+00 6.287368139348129548e-01
