2.181355714088096587e+00 7.153614078276924193e-01
2.520072659841407159e+00 1.080350651318943811e+00
7.148265522531113136e-01 4.946816701518437220e-01
2.875610465061000931e-01 -1.034937029704300571e+00
-5.288044951377486314e-01 1.277893647235134544e+00
-7.744584749258247580e-01 -9.162434256646488917e-01
-2.934216138883384062e+00 2.878126283748463354e-01
-5.144838634097002039e-01 1.937119503317689118e-01
-4.680609114567574336e-01 -2.491470993841274073e-01
5.805377583782713735e-01 7.631916855637587149e-01
-5.089066418402993230e-02 1.241883399080857986e+00
-1.023301079470234631e+00 2.106657296911923216e-01
-1.186849600046280040e+00 1.620930826391600688e+00
1.161874593732290240e-01 1.477230322932207685e+00
8.224575205877958650e-01 -9.884708144867638824e-01
-5.036637484297347145e-01 -4.131978142650433866e-02
-1.509357686734637216e+00 8.979203822756857134e-01
5.177444736718769258e-01 -8.567036306258775102e-01
-1.917260971971344041e-01 -3.861736316199322339e-01
1.083193867086412965e+00 7.593677242398223504e-01
6.316668296983641850e-01 5.770865753728641190e-01
1.451440816573522918e-01 2.703445166329998539e-01
1.426259226479696274e+00 1.505097875631979498e+00
4.719369121042129578e-01 -1.755852709470434869e-01
-6.699787897242226453e-01 -1.034034724181173148e+00
5.559164355890319070e-02 1.704387584013958179e+00
-1.453727062659593727e+00 2.499372494048294757e-01
-1.459184611949369652e-02 -6.679288859429537428e-01
1.275550814115955056e+00 -8.978791451692547110e-01
1.834874628868110591e+00 1.007693713907296340e+00
-1.112370776853562448e+00 -7.944197373485362146e-01
-1.834797648033891893e+00 1.406725207167478953e+00
-2.216064593066979505e-01 2.396458955361547866e-03
9.869569174850884030e-01 5.452802980884580153e-01
-1.706833066347573646e-01 -1.402333046288585461e+00
-9.599537748282902516e-01 2.028654380248356703e-01
-1.642545127794114990e-01 -1.199774814935143485e+00
1.402610969032093147e+00 8.566199190389147677e-01
-8.677197514933513434e-01 -2.999867579729015854e-01
-4.426723779891133526e-01 -1.237000773611957483e+00
-1.338214972580255679e+00 3.068080188379390671e-01
6.904655825410955794e-01 3.815278296074635644e-01
-1.256961560742047235e+00 -8.603853874096929477e-01
6.636070131733193822e-01 9.215528524013543166e-01
4.481715558155175971e-01 1.257426056662047653e+00
7.040334162536484586e-01 1.337976087494932020e-01
1.333941366366901971e+00 -3.583511919174245386e-01
3.729371224801164564e-01 6.715020069080058773e-01
1.943046938359810127e+00 -2.842947225067671835e-01
8.118149690972538135e-01 1.488867653035916838e+00
1.214761736174488460e+00 -1.805528655716275965e+00
-8.041827151300438015e-01 8.265456487566444910e-01
2.078781856706154452e-01 4.832065230000462952e-01
-1.664761342372626185e+00 5.917692922584369963e-01
-7.960212769605328198e-01 -8.784371131219097240e-02
-5.368080761416486046e-01 -1.120059021280718659e+00
