1.929002792920205545e-01 -1.234200756069748550e+00
-6.166936210501162696e-01 4.690930154993891432e-01
7.269525987268641298e-01 2.468165809345643780e+00
-3.444576356764003644e-01 -6.543120014261032402e-01
-1.552705055919208599e+00 1.002297980862700694e-02
2.486915519087553150e+00 2.090335606989809636e-01
3.880756037294824656e-01 1.460994076423425714e+00
1.410743803760111381e-01 1.678465527746279551e-01
-4.564777928086339309e-01 1.164475964557153853e+00
-1.075292128222133048e+00 3.305116559182412761e-01
2.106091257741854239e+00 2.154162462822698298e+00
-6.970771951520254861e-02 2.692592743059319949e-01
-4.562335883070929299e-01 -1.027589709882244379e-01
-8.537463331162985503e-01 1.317545888673665733e+00
6.954615775103571984e-01 1.555035215684845429e-01
-1.556199984273846093e-01 -1.128059668873097748e-01
3.601294084277540386e-01 -8.062181264837035011e-01
-9.476644177701224470e-01 2.710587745405494964e-01
-6.839273612352644305e-01 -2.691519838996504710e+00
2.893408770930152030e-01 7.900727010024407582e-01
-1.166374259675427294e-01 -1.835001644747272787e-01
-5.909974726460853756e-01 -6.171475945448244849e-01
9.502697326758043905e-01 5.265428017316192699e-01
8.813269781801884584e-01 9.203445175716917781e-01
1.889201573847608007e+00 2.721795321842157001e-01
-1.342987865141962889e+00 4.812696257637638642e-01
-4.491474023439436247e-01 -1.693497970123561291e+00
1.061467926436928888e+00 -2.449207410708826582e-01
3.834661847838974902e-01 -5.319425390284392430e-01
1.081619900440107251e+00 -3.189607499407641211e-01
-1.125110347821922652e+00 1.714396022892965998e+00
-5.647128740302354011e-01 -3.744749069827338350e-01
-7.893549619999763456e-01 -1.068246113390951990e+00
-1.098870716569583239e+00 4.556893316662165017e-01
-2.037079769880047131e+00 6.841521579751504989e-01
-5.999344836907006817e-01 -1.242246479832702422e+00
-2.696098305341539936e-01 1.315582617666075649e+00
-1.966242998978774414e-01 -7.845304854076553536e-01
4.526632784598983439e-01 1.168909283802046284e+00
5.713275197711957798e-01 -4.197441963859074865e-01
1.943178685680161832e+00 -1.647262983288251895e-02
1.485744233354272525e+00 3.115098598599681079e+00
-8.059720242014974945e-01 -4.290882005001379063e-01
-9.998454295559361382e-01 -1.258420357947572787e-01
-2.947752843437141390e-01 1.295360438130164438e+00
-5.691623687102476820e-02 7.647356984250468503e-01
-5.183529068008815160e-02 -8.832270853181543868e-02
-2.434605608923965381e-01 -1.062982882978645405e+00
-7.759837530672856198e-01 1.387142498992876838e-01
1.527902205378561362e+00 3.238725540687908744e+00
-6.417014659937536614e-01 7.902570733389534530e-01
-1.023106058223849146e+00 -5.800894588826357445e-01
-6.683016833751228569e-01 9.443108101268984367e-01
3.263907152769766062e-01 -5.022528377943731304e-01
-2.746955568260784908e-01 5.704260347207456006e-01
2.031086198774036955e-01 2.977527116902155768e+00
