-1.028716305131148534e+00 4.001756527154209375e-01
1.146197842232669517e+00 8.778144091114562508e-01
-4.157622836611296613e-01 -3.861270875460738328e-01
-1.345022392758562058e+00 -9.182017843960429415e-01
-2.728698737157236875e-02 -1.098258473653505929e+00
6.794961808152745197e-01 9.872358008198334201e-01
-1.441014735359911425e+00 -5.216662840943049329e-01
4.904199524390749354e-01 9.992840289720323899e-01
1.911796222807668366e+00 9.639886346584255472e-01
1.411179599587091937e+00 -6.633468591949320814e-01
-4.602397768970487579e-01 -2.571467011830669835e-01
-1.875662594978116937e+00 -1.668595467811369859e-01
-9.897256658757982439e-01 -1.044245770115274530e+00
1.552977480161264134e+00 -3.868143373051471379e-01
-2.175328266053508930e+00 -1.036099618887230900e+00
7.164723549575183759e-01 7.146243073299128612e-02
1.225031382393723778e+00 1.553500134377455044e+00
-1.037777797414460634e+00 -5.632211393614366957e-02
1.487445690535733611e-01 -2.037232942430001748e-01
-2.043287017941584627e-01 2.739458461132283917e-02
8.498277950822741289e-01 -7.192228311380826078e-01
-6.351283232310231952e-01 3.714930124401050748e-01
6.099118120903355145e-01 -5.688884157721714185e-01
-2.753528421711316510e-01 -2.170040302566932588e+00
7.933368268632234183e-03 2.159195572698530963e-01
-1.592740299906909851e-01 -1.885667159410474802e+00
-1.095820433780284153e+00 1.518773004876176717e-02
-1.548269721690105793e+00 -2.471214349760043338e-01
1.841415602555878328e+00 1.849810885454753917e+00
5.643063264926758693e-01 -4.511125790785131678e-02
1.123286652292321719e+00 9.148825541218386093e-01
1.767286810821082632e-01 -7.653360204354180407e-01
-2.247082723133544846e+00 9.521379164830328090e-01
-2.231184568788914913e+00 1.700815223379642971e+00
-1.952713620013617757e-01 -1.155204269824515517e+00
-1.789935254586886085e-02 1.790591133987388783e+00
1.411957501879252952e+00 -1.869979438818299311e+00
5.959109351395586174e-01 3.196112624676135383e-02
-2.624743571005344056e-01 -6.230705988393258066e-01
5.955460571211886878e-01 3.566196029642819676e-01
7.641266788819053302e-01 1.079981109081851409e+00
-1.056005730200883397e+00 -5.203717824629959798e-01
3.190704673166781524e-01 3.321152436821097620e-01
-1.182135067260126349e-01 6.118291212862194683e-01
-2.018764269154143420e+00 -8.877627265135075163e-01
4.788424771337672081e-01 3.289462449530147770e-01
-3.234914192087724238e+00 1.341365153534625820e+00
-1.783086005913921301e+00 -3.276323938275501613e-01
1.744187103365833602e+00 4.678014739992251286e-02
-3.101805268910038937e-01 -1.752657532278450336e+00
-7.911317965175649336e-01 -3.290644577755846845e-01
-2.958329774277230206e-01 2.583050219519784640e-01
9.893854854534780419e-01 -3.350378232079060381e-01
-3.723058289596746784e-01 -2.490611144942878399e-02
7.486743608079363677e-01 1.520240113765602419e-01
9.824712201462653116e-01 -4.396003222219747042e-01
