7.539413706109145963e-01 1.784968171602275833e-01
1.740502155752357227e+00 -1.062428179124836225e+00
9.839163169805634768e-01 -6.498585805135097537e-01
1.702987069729586800e+00 2.531871862445748689e-01
4.396327631103149614e-01 -1.533186798419492902e+00
7.010447127199435913e-02 -1.586950285791743465e+00
6.067675163327818089e-01 2.683278945961506401e-02
1.132662379951735687e+00 -1.627023943135719852e+00
7.220980516416946049e-01 1.679753385575052604e+00
8.861118329960571138e-01 -1.661619878576570120e+00
-2.448736904124192704e-01 1.103606141382733385e+00
-5.390978397875130224e-01 -7.409750105298777978e-01
7.182771830039140770e-01 7.388630905113348080e-01
-2.285974543298750494e-01 -8.715443979696516630e-01
8.473330331941185678e-01 -1.375869647391439576e+00
7.699842294203518289e-02 -1.163567609150000459e+00
1.237866391521542653e+00 2.132511924348301058e+00
3.281663947895410161e-01 -8.090229181173266282e-01
-1.957155303555818959e-01 -1.661056797207828284e-01
5.046961219566975521e-01 1.329288510277747970e-01
1.079853084908836358e+00 -1.599152202851470556e-02
-1.081501207082721905e+00 -1.321187546461499052e+00
1.402485703735665501e+00 1.947929281684681824e+00
3.187280514226640826e-01 -9.537657024569672071e-02
-7.977244650043631147e-01 -1.181375267890071579e-01
-3.119490973848863535e-01 2.426644520146699902e-01
-7.468585535244970375e-01 -7.831152413245416888e-01
-1.441279844621780493e+00 1.516103505911636784e+00
6.242882562623998099e-01 -9.603477087679269664e-01
-9.415078598216500838e-01 1.358092343137064617e+00
-1.441306348952879013e+00 7.664655079456609288e-01
-5.126763047520573741e-02 1.511163412882644774e+00
4.483493492668381153e-01 5.771000791427157717e-01
3.212900778507294941e-01 -1.658306520831603903e+00
-2.643245777345471392e+00 1.211252779344350827e+00
8.961595225849591229e-01 -1.728069322303570354e-01
-1.235389452909837260e+00 6.869454099008757142e-01
1.622157631193719585e+00 -2.125313990731414471e+00
-6.638473261919326518e-01 -5.275550093052063794e-01
-7.897982970122443755e-03 1.084379641252084803e-01
5.105306534558972098e-01 -1.242089021526361803e+00
2.241631314282914733e-01 7.993793460946779783e-01
-6.793349543928178802e-01 -2.147421731303714165e-01
5.084402829037338867e-01 -6.443545709216981221e-01
-6.823000174400937201e-01 -3.607182952608097293e-01
8.035944056414699999e-01 6.993544493584724631e-01
-2.880466084413619843e-01 -4.584362542059396972e-01
-1.198759798069811255e+00 1.067989219076349139e+00
5.930881119971410653e-01 1.075855510579924124e+00
8.258736283377978715e-01 -1.703332877060091288e+00
-1.519770246160708549e+00 1.061033187803351430e+00
-2.470218034291736142e+00 -6.520005690449739988e-02
8.407586630547306816e-01 1.242433892842773391e+00
-1.709298295659679723e-01 2.376311379053923922e-01
2.580292077199840328e+00 5.612585825087013092e-01
-8.566667764153361730e-01 1.023661706926706216e+00
