-2.614822763244902329e-02 6.736004082141561211e-01
4.046210524615287962e-01 -2.657473658540249195e-02
-1.082788467917610964e+00 -8.710958568748736197e-02
-7.382855361969647978e-01 1.445568143166566566e+00
-2.532628246365211666e-01 1.915504744829058081e+00
1.340217245940880930e-01 6.499513842115233198e-01
3.269011909702708163e-01 -1.323632048511465209e+00
-9.493413040481029075e-01 1.101377224082823236e+00
4.410253524555463600e-01 5.799473394203800147e-01
-2.982843398287179371e-01 1.633151868978629240e-01
-1.581416163405968911e+00 8.262403751050194645e-01
-6.111772787996567341e-02 -1.330947608063702825e+00
-4.177056300891623941e-01 -1.026417916443427503e+00
-1.507227787277388931e+00 -2.435101581136789317e-01
4.788155470042528283e-01 6.201194675078984808e-01
-9.680946640433423234e-01 1.051621181479560407e+00
2.435191103076918828e-01 -5.030430231689135834e-01
4.020903483597156880e-01 9.435054598819984095e-01
-9.799809468921167888e-01 -4.282114934861999123e-01
1.430141016893816119e-01 1.422024563158103216e+00
-1.489839041569896327e+00 8.023522295727278930e-01
4.588204252227447988e-01 -1.652763542761724880e+00
-1.581501222476368873e-01 -7.680211176534228190e-02
4.359448645627358454e-01 -5.795311666479068258e-01
6.812962342056821941e-01 1.042128007512691523e+00
5.831529811535287600e-01 -5.017450000755818706e-01
1.143172850415198782e+00 5.856539797733291142e-01
7.802307541367142774e-01 1.076304196283626613e+00
1.901289898571641768e+00 -5.853805605117679001e-01
-5.995069625490093701e-01 1.171996762740467268e+00
7.113189161052037024e-01 -1.514026127581624470e+00
9.722536478209150568e-01 -1.077059693999043333e+00
-4.464039078114351300e-01 -1.452203784122942265e+00
4.212981159990328989e-02 -9.873572014140340469e-01
-7.333428479932824207e-01 -9.608954035579854169e-01
-6.382809135999979733e-02 -5.384029582137498382e-01
-1.376524379206089943e-01 -1.336011492445847715e+00
3.980682819664324579e-01 -3.695949023861302279e-02
-4.012259229356027190e-01 2.440651890479621500e-01
8.847978238233565884e-01 -3.234189603231037990e-01
-1.285689168450166731e-01 -2.474892331324517469e-01
1.937816710065190240e-01 2.703536983532359161e-01
-8.722733455966393823e-01 -6.370063441693950557e-01
3.884368836409262116e-01 -5.013075903672099543e-01
-8.561359685157940991e-01 3.853160943085513490e-01
9.825393712026074811e-01 -8.211940072983001104e-02
2.268699601281850553e-01 1.428258312621298431e+00
-2.977878062473687804e-01 1.785458868356043227e-01
-8.657483446823777129e-01 -1.859058372331029441e+00
4.325989794515990305e-01 -1.381499324075845525e+00
-2.041988760508715028e+00 -1.032965575726465079e+00
1.565426877458377275e+00 7.476063863732577974e-02
-7.297565505658562546e-02 -6.500431290440537024e-01
-8.525577967423922932e-01 1.324177788971378389e+00
1.661951954348706295e-01 1.253196965688012088e-01
1.246999827010949607e-01 -1.600731921232257868e-02
