6.970716142151245354e-01 2.522593306704793998e-03
1.246084013987643013e+00 6.756934006948408511e-01
-6.550097018431184637e-01 1.176424786043617665e+00
9.968151364503831102e-01 -1.926393491636874344e+00
-1.074422197399142354e+00 5.943126340910985794e-01
1.000642013260971463e+00 1.023194212116502744e+00
-4.198747801597703666e-01 6.174738157801710203e-01
3.807728588339180376e-01 -3.627727245197368694e-02
-9.111121270510371684e-01 -2.418404148151142574e-01
-1.031216595826233373e+00 1.639554047352142774e-01
2.617991101740527182e-01 9.446823690524035477e-01
7.062516368616322815e-01 5.966039601153351191e-01
6.941808252944914326e-01 -1.224599957230008807e+00
1.813276491953192959e-01 -1.339997692113023442e+00
-1.004753567026514194e+00 -1.449379934727929586e-01
-8.250685081731395920e-01 2.116127531864815392e-01
-1.075201047811912503e+00 5.228936527957286362e-01
-1.371751386942712703e+00 4.944664225897439924e-01
2.258719234519939167e+00 -8.586299804115610224e-01
1.417587098901002540e-01 -6.541409113133233033e-01
-2.535628975400430640e+00 7.359654132205807331e-01
1.195218898182617728e+00 9.833039216209739086e-01
-2.889278402377131252e-02 -1.218336228583374453e-01
-5.742835588029043814e-01 -4.164679618672140204e-01
1.087306512155808758e+00 -9.478253925606989760e-01
6.715412028222919050e-01 1.884834497809501297e+00
-1.541981561799024569e-01 -1.589928445798932666e+00
-1.583797115370864581e-02 9.951248281240571147e-02
6.310709360121423694e-01 -9.738384774394217569e-01
3.064415461288846898e-01 -6.209497111268030833e-02
2.017979343839695794e+00 1.734798973964762014e+00
-1.259621808895835526e+00 5.239438609355339116e-01
2.153136510001613380e-01 -6.059562698728124808e-01
-5.331656719413822021e-01 2.127290056022809850e+00
-1.384135176340082207e-01 5.312551990791246626e-01
9.363231309341145669e-01 1.108341717168909168e-01
-5.987668653076298059e-02 -1.842762166030221582e+00
3.865994691219717949e-01 2.117291636504201047e-01
-8.575836573282002995e-01 7.316144498010576092e-01
-1.108795914599621346e+00 6.685241217088947474e-01
1.981498805485463421e+00 2.892300394773626993e-01
9.318203005610885548e-01 -8.998967009433789244e-02
5.659562290645328009e-01 1.618587111623163155e+00
6.554893367368194168e-01 -4.835564336461827817e-01
1.621699462127115243e+00 9.984706975038255827e-02
6.094799189090245317e-01 6.399102552787421239e-01
-1.133920303505575600e+00 2.440177612497966830e+00
-2.471117546509961072e-01 1.050701237953707734e+00
-1.130884562730632981e+00 6.039435427383998967e-01
1.979723380404719402e+00 2.086436696523232381e+00
4.929153982722772609e-01 -7.638039156258206175e-01
-8.987821274984473252e-01 -1.004346868730091880e-01
-8.041380636519069869e-01 -1.522657064648410552e+00
1.547480531157982842e-01 1.755150615022911031e+00
-3.228862825935583936e-01 1.439807269480493368e-02
9.109231076164333585e-01 4.837222930101194862e-01
