7.727845438059739204e-03 -7.180899333286046016e-01
1.669997576975102094e+00 1.923222110966590570e+00
-2.508696234628595700e-01 -9.159670176749709070e-01
9.458099921073297445e-01 -2.336999439823631286e-01
-1.438217929914511473e+00 6.804780168227311243e-01
-1.532486217751051427e+00 8.914789010344315034e-02
7.167864890572386294e-01 9.316977393038531341e-01
-1.317605655866428194e+00 8.847233185747090944e-01
-6.425979794347725926e-01 1.255284659284779281e+00
1.655585002914593984e+00 -1.311882985497145215e+00
-3.158353089379991041e-01 2.168682448121510564e+00
1.053139356779348557e+00 -3.841661984867495994e-01
2.044631142032444227e-01 8.725711268922228259e-01
1.432210663421812136e+00 8.485348364772694607e-01
-4.735531734446612462e-01 1.038904396386687717e-01
-1.350108434696553283e+00 -2.567620511077196022e-01
-2.876547571011687787e-01 2.436069835704266051e+00
4.094610517016019635e-01 -8.426948360300233754e-01
2.001910487836775054e+00 -9.261480718210082230e-01
-3.776959233625523105e-01 4.460381413883857116e-01
5.486567774481398985e-01 -9.470941385619903452e-02
-3.253888575044663889e-01 1.149604837568954263e+00
-1.227428831897233175e-01 1.247870975451623288e+00
-2.178665207070581977e-01 6.503512965085026520e-01
-2.164953065019500578e+00 -1.266164456793178239e+00
-9.793942845090749527e-01 -2.394939241319203882e-01
-2.480864315462598668e+00 -1.084822404529112605e+00
1.037690158749787622e-01 9.861757001270460288e-01
-9.753051940834990274e-01 -2.347962916744124665e-05
-1.746275393202001869e+00 -6.936236300588717318e-01
-6.692397252133315266e-01 4.114436519647411972e-01
4.142091739486419288e-01 -9.784361276550570530e-01
-1.627037834146402240e+00 2.068205308282527355e+00
1.251161780619016728e+00 -8.697080025222374555e-01
1.214605823248060767e+00 1.041253684617890807e+00
-9.794854081457186057e-01 1.368743329848989498e+00
-1.739442088808796916e+00 1.340617753870532836e+00
-1.974269584901881466e-02 -1.004697796774978308e-01
-2.786302550165474234e-01 -7.671427411432027998e-01
-1.484457771190777375e+00 3.681335191904530069e-01
-4.128109843708570592e-01 -1.443196460791297486e+00
-1.027729034059600588e+00 7.303856894828540947e-01
-3.820697135065286021e-02 4.050121967901223474e-01
-9.117398539554232295e-01 -3.355824516284428016e-01
-6.617656862299564624e-01 2.686312060881272390e-01
-1.825676559910969776e-01 1.276988142128729076e-01
-5.072326689926982546e-01 7.365135440309898973e-01
1.139287789689490848e+00 3.439658866473295218e-01
-4.273308745536949504e-01 -2.068780101434537222e-01
3.466931635294004388e-01 1.451276601286441537e+00
-2.614672027958930278e-01 -8.957051854810025304e-01
4.040010497989223737e-01 1.982202197537504151e+00
2.166751348557318213e+00 5.876206991608994706e-02
-1.267369915257238855e+00 -6.343729532757489409e-01
-1.115018799990659781e+00 7.452273153682233142e-02
9.152817704866432758e-01 -2.019504894580467502e-01
