3.067356578498221076e+00 1.849428716063524492e-01
-1.514821146221584591e+00 7.567948193373145171e-01
4.899357180507257215e-01 -1.428175393931355064e+00
5.437385792055698941e-01 -1.404000962358442184e+00
-1.468731189194932285e-01 7.595911354523400272e-01
-2.510523555930025408e-01 1.383586919318145592e+00
1.270543258095852224e+00 4.656214334990737003e-01
3.315041050745862750e-01 9.083715487539524291e-01
4.001120245596426206e-01 2.169001734993321495e+00
-1.051446653866309477e-01 8.007027286321101167e-01
-1.591210617289992579e-02 2.359543363133064786e-01
-2.951410300102701445e-01 -8.855818395112990959e-01
-1.134660468877609851e+00 1.194233347552176472e+00
-5.727456152180594451e-01 7.368887665132810572e-01
1.111478502591012552e+00 -5.720892449517009926e-01
-7.429332509433475007e-01 8.655301142223498223e-01
4.629499860545821521e-01 -3.905111775403566909e-01
-9.707342827964426935e-01 1.035229980839695418e+00
1.864602121017079561e+00 2.910375867771073932e-01
2.163995671131354881e-01 -4.747333756617400785e-02
1.134134652547049704e+00 1.113705633853764865e-01
-5.857485510554998331e-01 -6.373045919232644962e-01
1.154565452400232006e+00 1.017461437595774232e+00
6.049245090434102190e-01 -3.536354897273960574e-01
-5.430764900957305574e-01 5.049368642986868938e-01
1.158950416262712224e+00 1.202263351648117373e+00
5.396424891246229816e-01 -1.088008452519080738e+00
-2.874409423328833091e-01 -6.706057677420943497e-01
4.614219330159124999e-01 -1.024016381766165829e+00
1.208420468563073114e-01 2.140852768294405073e-01
-1.954853379872984354e+00 1.235021592447273830e+00
-2.811346090604278578e-02 1.136754983561815369e+00
-8.641146207853840633e-02 -1.213064547122027215e-01
1.371937722913881608e+00 7.897859782062269796e-01
1.203588622087035320e+00 3.843233719639198298e-02
2.025561956620655912e-01 -4.087141766860424297e-01
-3.612552620138796862e-03 8.278227854477165915e-02
1.087135139095006364e+00 -3.085618916273459578e-02
-8.485230909986026804e-01 -2.749853019489672534e-01
4.365116951242307697e-01 6.413021775405749469e-01
-6.336828264332402538e-01 4.502334619794112758e-01
1.794022608288563081e+00 6.397748414852393317e-01
-1.213022648351655297e+00 -6.981052764806475741e-01
-7.710707692268707614e-02 2.910967343363003029e-02
-4.462055477918688284e-01 3.516062352349685893e-01
-7.700145218688544402e-01 4.520085997680063916e-01
-1.116836763088844720e+00 2.389098930987336999e-01
6.009758848281786525e-01 8.034652988492976267e-01
4.385507450894658432e-01 3.501377786741809994e-01
1.294495977701633160e+00 -3.570491312817600238e-01
7.409196620948499401e-01 -4.550961539111351151e-01
-2.753055806568611708e-01 4.030662653191544598e-01
-1.205690455015561158e+00 -5.397388428821108253e-01
-9.711397013128354391e-03 -3.210968385610044745e-02
1.286217488307067613e+00 -1.122184851200433986e+00
1.650224600727687285e+00 2.533962173750112234e-01
