6.155955224834986916e-01 1.115134476277356734e+00
1.399270294469076692e+00 -5.054419180048459470e-01
-4.975459693637613867e-01 -2.157379898046549171e-01
1.856744896880773599e+00 -1.722100404071392310e+00
7.137089260756765974e-01 -1.809409886214556895e-01
2.877060941056889254e-01 1.458287489047429275e-01
1.386994854364888230e+00 4.733226858123561476e-01
-1.064321588102112637e+00 -1.086705477442493128e+00
1.452212315153264821e-01 -1.885607710065722586e-01
-1.723610070932600102e+00 9.491657804830045952e-01
-8.039888518017774821e-01 -6.024269283708995337e-02
7.007758251748879008e-01 -4.418846918863112982e-01
3.405568880410802385e-02 -6.185046821926885041e-01
2.436826980936390274e+00 -2.367414378212478743e-01
1.149942057773446047e+00 -3.173244899314289214e-01
-9.177476266159158014e-01 2.501173217781718291e-02
1.220379548006108150e+00 1.027987630278887288e+00
-1.194059367447027675e+00 -9.001426271540160506e-01
-9.341007143055017614e-02 4.960211616825024872e-01
7.811037972235235216e-01 2.631932267456187358e+00
3.267528115084200047e-01 -1.135025770271797241e-01
-6.680960814837631767e-02 1.689687253947483869e+00
2.477186959622982021e-01 -9.297248074282414843e-01
6.960173796712892935e-01 -1.701456387025907790e-01
-1.983789413863293438e+00 -1.791095778407642891e+00
-6.838182529413059374e-01 3.564080892286228958e-02
-1.135513204440016910e+00 -2.345017514293023242e-01
-3.851916821570489646e-01 7.505635774125439807e-01
1.099678610808924706e+00 1.582375782316318702e+00
-1.377448563515964342e+00 -1.066976046114812338e+00
1.547895805467816854e-01 -1.220561243084840708e+00
-8.660426860055712162e-01 -4.533332952306372565e-01
1.134814061705208266e+00 1.459735163772571953e+00
-2.961050836789553831e-01 -1.505872162789564817e+00
2.670067248927658621e-02 4.514587187041347316e-01
-1.932252807235723679e+00 -7.775291337703367223e-01
-1.417636921361400959e-01 4.702315934232520478e-01
6.158077192838836700e-01 -9.066815679653600357e-01
-3.893459358506542456e-01 4.008071268133487491e-02
-6.556602565955310657e-01 1.581556130662837845e+00
-3.284277338548458047e-01 1.171874601645041647e+00
1.297830909393136167e+00 -3.426381079032122523e-01
4.359958335300104237e-01 1.873308797374608481e-01
1.232005216931840452e-01 -6.107081796323476919e-01
-2.747725005718232860e-01 -2.743228915326248352e+00
-1.163678533939399573e-01 -2.203959760223874187e-01
3.392511792508898921e-02 -9.864835394912086289e-03
1.741338805001859225e+00 -1.289838569579106068e-03
1.173461835845400314e+00 -1.290705224204943269e-01
-1.212710624039518237e+00 1.227034167805570952e+00
1.260400788328462696e+00 -5.636728455060453502e-01
-1.985399246169059717e+00 -1.142363142924757713e-01
-4.551228602564222347e-02 -2.556460389223377261e-01
-1.307264206298963671e+00 -4.285291206699524125e-01
-1.133444722661862136e-01 -4.216663655695268575e-01
-1.268719612297514177e-01 -3.175548360030932549e-01
