-4.009478568694101464e-01 2.450367391505784975e-01
3.590304513824279509e-01 -1.801549942095978407e+00
4.485595892418612896e-01 -4.590270022856152710e-01
-6.948362553460183388e-01 5.467041980527206912e-03
-1.154774779247556671e+00 5.015528389137575704e-01
-1.071615899832443208e+00 -1.161278040555711044e+00
9.991998791220699783e-01 8.769325916020814793e-01
-1.632206777435608824e+00 -3.985273176765159464e-01
5.433024003610501529e-01 -3.561092946219108768e-01
3.954468878870369131e-01 -5.865743313131521752e-01
-5.418087257852166085e-03 -1.323851250640357247e+00
-1.026068663984919693e+00 -3.763637219311551929e-01
8.761815693759119617e-01 -5.620190327143553821e-01
8.984490210098392549e-01 -9.688587791206836330e-01
-2.102460916459657214e-01 -9.169992644319152619e-01
-6.582769496026805722e-01 -9.845489121562553958e-01
5.181722289693986572e-02 8.547746354854022233e-01
8.062062390354262087e-01 -9.570218851273631921e-01
1.087342390577154427e+00 1.172646650030492621e+00
-3.623590450438244903e-01 -1.297301244211394922e+00
9.396160787202354481e-01 2.055327283736783972e+00
4.139737493642884347e-01 3.017415841398217724e-01
1.150938236353619137e+00 1.325423441383519974e+00
8.704590166481264157e-01 -9.294313032138947772e-01
-2.046182968444147932e+00 1.478370853594496825e+00
4.411796577166914868e-01 4.742476634894753351e-01
-8.024415109059389595e-01 6.186632587686932139e-01
2.879099829104036501e-01 2.545338076196838051e-01
-1.292116293398433813e+00 6.138514720543568615e-01
-3.757695467745386653e-02 5.517169191468408729e-02
-1.011714901791845422e+00 7.108264018755560132e-01
8.272198324103028355e-01 1.804583160559612098e+00
3.623949961756848803e-01 4.058422500303671687e-01
3.088813747674456489e-01 -2.948758144368037737e-01
1.055929860431906592e-01 1.439885111055773104e+00
4.547134511980996385e-01 4.128913709391959785e-01
-1.862568759359690684e-01 5.187743452898342378e-01
-1.215703745205870989e+00 3.042088947237283070e-01
-2.391445193402887970e-01 3.047940050997160477e-01
-8.880197021990099415e-02 -1.560229783132165871e+00
8.908342921079374088e-01 5.636419389092737209e-01
-4.062843677607503312e-01 -1.199127882522739386e+00
3.393058307645209770e-01 1.836742080925605203e+00
-2.395228773949601708e-01 1.099027948386634757e+00
8.424982223141855853e-01 -1.868802777172822172e-01
5.967906351847760416e-01 -1.318358530591368760e+00
8.723565764669087841e-01 -1.631739901784687419e+00
-3.675075686584354795e-01 -2.317749395098158416e-01
1.895858906839113622e+00 -1.203185847764776994e+00
5.584926640811920251e-01 1.420874767630352919e-01
-4.905921484038036073e-01 3.701757617654760080e-01
3.314263897734198161e-01 1.144015903674281631e+00
-1.428143238518418734e+00 1.332154301804690411e+00
-9.939933013326933686e-01 -6.900030646374891684e-03
-1.160122619095302676e+00 -7.335705040866689064e-01
-1.075969338537765996e+00 -5.904786830221107063e-01
