1.114702224313357970e+00 2.035796157599917944e+00
-1.493483885569107050e+00 -3.053267281126603727e-01
1.741905422508944756e+00 8.679982621209254567e-01
-4.955248240597523446e-01 -1.699181102908590701e-01
1.093966707852155995e+00 -6.300996972351123881e-01
-5.014542381510256330e-01 2.945635982614928650e-01
-3.866667710620022569e-01 -9.840167317772404720e-01
4.238262608107206120e-01 3.563557505856789626e-02
-1.564975446297786288e+00 1.861586064947670927e-01
-1.954437759245974959e-02 -2.031196661110623580e+00
-7.959655750213567860e-01 -1.370789400473769071e+00
-4.588182475635165791e-01 -9.430177516777294988e-01
6.696951262265931071e-01 -1.483744735734726650e+00
9.674259451985627312e-01 -5.192054865214721371e-01
-4.790539352786476468e-01 2.306859275967730327e-01
-2.026958912591625417e+00 1.968658297847253880e-01
-1.989354425327052756e+00 1.486045901828788596e+00
1.718948931550968173e-01 8.465189943443560128e-02
1.570753210322962667e-01 2.149736504767778833e-01
1.072314688122533388e+00 -8.181930433833073391e-01
3.699443491122706984e-01 1.341813231179596277e+00
-1.149203650557215850e+00 -1.930469500678458905e+00
1.111776943420634128e-01 -1.555669213584053745e+00
-6.869066946638439086e-01 2.131225502830917384e-01
-2.799607398605744035e-01 -9.066792954156976947e-01
1.642522132459310891e+00 -1.645452888533758706e+00
-4.060663139275566547e-02 -3.570286819059677597e-01
-5.114949395277220701e-01 -2.109275732272996584e-01
-6.097464876665151801e-01 -1.435976624483731534e+00
1.007989863965909505e+00 -2.079315520204840784e+00
3.302533323297426882e-01 1.023373212591241588e+00
1.551785801215673777e+00 -2.178530477185770753e+00
-1.371481690988270774e+00 -1.551694302722132490e-01
9.561002301974890205e-01 1.695090737245687151e+00
-1.898820162834718647e-02 1.040429627820137926e+00
-2.123164823453638217e+00 -5.947896622525874477e-01
-4.607344704498812504e-01 -4.272393614478141588e-01
1.596589404058562867e+00 -8.338902509831425114e-01
1.515051726797488563e+00 3.678642060658949275e-01
-1.510946001887533585e+00 1.000177765667796148e+00
8.642863865501496656e-01 -1.792125441396047236e+00
-1.875839578853036706e-03 -1.264608159520917707e-01
-1.416388597450243481e+00 -4.982905195248836516e-02
-7.152239687790743483e-01 -1.724993562079280007e-01
1.427919296389354331e+00 -7.546167627611393147e-01
1.240855911341597118e+00 -8.671003025320661584e-02
-4.094593111552713438e-01 2.745729664060288233e-02
-8.354198814431432751e-01 1.445822706095694743e+00
5.502797536494303809e-01 3.358749388425684157e-01
5.274773725848512784e-01 -1.112102143396310333e-01
1.718250522342863462e+00 3.946126886938750578e-01
7.311838635323536506e-02 -6.874107950820852464e-01
-8.273149507796417890e-02 -2.085825946352314053e-01
-1.895465529343502542e+00 -8.097209755800466313e-01
9.927687736002460683e-01 6.209114273120593941e-01
6.738790074517289064e-01 9.709234283496713802e-01
