1.571420137916531845e-01 5.702935968405582479e-01
1.471152740387899893e+00 2.838088486112655753e-02
1.432976089549709287e-01 -1.033877201741170815e+00
-2.447787294438706907e-01 5.366313214829804279e-01
2.646607206482733399e-01 4.879650473549527190e-01
1.022405688599501428e-01 -6.046444791389913309e-01
1.765131168203301293e+00 4.991287985279746486e-01
5.308981105835623993e-01 -2.527559177077590480e+00
1.050170264770528661e+00 -1.000985094900654904e+00
-2.588010832202737310e-01 2.200626134010528756e-01
-3.700354611018262241e-01 -1.449159573113465882e+00
-1.121763410956764018e+00 1.352734337558095579e+00
-4.955950136660334238e-01 -7.115219184795080754e-01
3.399804780313187003e-01 1.446237237542902898e+00
-6.170844347822115328e-01 2.894042885321366221e-01
7.234751344541234808e-01 -5.265027195331325460e-01
1.665448986107730400e+00 -4.140017939576260408e-01
2.498718624258895016e+00 2.204765285245984807e-01
1.138456783568414066e+00 -5.355327278410765279e-02
-1.181074082209268683e+00 -1.897381137133245244e-01
-1.276127980045463628e-01 -8.677801560077897935e-01
-3.125514247120295686e-01 1.906906548817171448e-02
-1.147697302448209333e+00 1.348564627452672818e-02
-9.377838340478968915e-01 7.282785318738703439e-02
-4.118456659462290670e-01 5.169580076527431345e-01
-7.731078476929667542e-02 6.995105292599780311e-01
8.368429298898384383e-01 -4.127935650144145541e-01
-8.826659132374888028e-02 9.121692059722914803e-02
-1.657300510189102072e+00 8.350465600417424916e-01
-6.939196227134536432e-01 9.726281225926801666e-01
-8.150788111098877797e-01 -9.222559860225623130e-01
2.072376796408930688e-01 9.798559785086364826e-01
-2.744271031757822277e-02 1.322065290819761207e+00
-9.365681607399788389e-01 -7.572439498001068969e-01
8.255812046294156437e-01 2.975381867316677642e-01
-2.637388786651476136e-01 -2.847895226891230092e+00
1.075892024807260094e+00 -5.532175095255381647e-01
-9.162241913661983705e-01 -7.000596703025867562e-01
3.990692606750973481e-01 -1.266688617293209029e+00
-5.062820402736095682e-01 3.039234681928896786e-01
-1.042859038083451928e+00 -8.220134778623080507e-01
6.385343565695877910e-01 1.017896838456567421e+00
-1.889177810136822400e+00 3.818172012414744465e-01
1.922972598524919363e-01 6.014254391806665989e-01
-7.582025717342185667e-01 -2.083943372528093363e+00
1.261816152660566459e+00 -1.027253918979690983e+00
7.786691291909375590e-01 2.080822092702824255e-01
-2.812989428236906120e-02 1.142762538818780982e+00
1.273910051296636370e+00 -2.210358685385107602e+00
-5.950870810869545169e-01 1.152516666117932853e-01
8.933186373705361005e-02 1.347958648347569843e+00
1.357671481659255219e+00 -1.176771995674104954e+00
-6.269113906899596023e-01 3.798989505627219376e-01
-1.152340126253365682e+00 5.637689061304980154e-01
-8.037937083608840405e-01 1.339331645549581284e-01
-6.257316026895382022e-01 -1.902613960242905744e+00
