6.975479241116026019e-01 -1.187480873614413790e+00
-6.364631025070098813e-01 -2.517272028718487986e-01
-1.242290691287938120e+00 -2.594107424135649875e+00
-1.521583409526659603e+00 -1.396783530277732499e+00
2.696353649523112184e-01 2.180107169137943668e-01
8.366711070433356934e-01 -8.192383062128568705e-01
1.681465871699613146e+00 6.111421531645419014e-01
8.796260732732651411e-01 1.106651606292832490e-01
5.119813984772927234e-02 1.813708052639880774e+00
3.215076072505635985e-01 -1.803708927041797638e+00
7.687691082889934746e-01 3.000521534538611035e-01
2.659301866678189241e-01 7.484737744949851446e-02
7.741311873166344393e-01 9.892476653160273692e-01
-2.915940382880450876e-01 -5.677896569433861229e-01
2.758938297251660177e-01 -2.066459538796871775e-01
7.918509558617092825e-01 1.091971541357881437e+00
1.862118956808439973e+00 -1.301698074946817663e+00
2.814875269099440525e-01 -8.554450077793971374e-01
7.411247956295925476e-01 4.188730944702904746e-01
3.762994734604661606e-01 1.440892210887333436e+00
6.246373931123390122e-01 -2.227084538651405154e-01
-4.006207598142176307e-01 1.186855571074083571e+00
7.964015935660838652e-01 -2.945618148520059432e-01
1.105162254978290653e-01 1.451141297789908746e+00
-1.690822682825315226e+00 -8.378011779841008921e-03
4.083943882043510332e-01 -5.526449003639932744e-01
-5.506708845111493167e-01 2.854336287758668655e-01
3.384745767327920207e-01 -5.830262759872268941e-01
5.039769495451865700e-01 -7.765793143757605821e-02
4.349044199722771897e-01 9.089580320126674495e-01
5.000394109363860418e-01 1.497624798747545727e+00
1.990924652107640414e-01 5.363134993349406576e-01
4.189610909875172151e-01 -2.899991839235826485e-01
-4.115785377772233633e-01 5.546378495400836606e-01
-3.100283891595820296e-01 -1.395328685384245260e+00
1.508024583406940344e+00 -1.121526715016019499e-01
-2.318766318142881921e+00 -5.219303327984123886e-01
-4.976627643229082909e-01 -9.997280298095250206e-01
1.602795533211286205e+00 -5.053290826268771463e-01
1.332630833029652573e+00 -4.628694674803831011e-01
6.199522161863163516e-01 -6.514445677734235218e-01
8.631189547817008645e-01 -9.881263338404530638e-02
1.057068930422981223e+00 6.637379371291215469e-01
1.873675386291004497e+00 7.069664895403788840e-01
2.354475044643423720e-01 -1.006174090540543409e+00
1.552876237511565893e+00 5.325168241852445972e-01
8.180043122539829570e-01 1.810826362084870800e-01
3.534751497508963891e-01 1.013581504234831066e+00
1.070905409238692707e+00 5.204992165382189145e-02
9.873316278762285236e-01 1.291276093706163586e+00
1.067288048090353936e+00 -1.942616182702795041e-02
-9.404175126137641616e-01 -1.414831274961793894e-01
7.728732600074168513e-01 4.060635843253104782e-02
-1.092240371710558655e+00 -4.831590369082088277e-01
1.017716177439874858e+00 -6.374159956241388647e-01
-8.280084483958461972e-01 -2.350734660296542253e-02
