1.853317861683914380e-01 7.563866418983610229e-01
-6.755479526628308529e-01 -2.302982505646302691e+00
1.357661211924260813e+00 8.543300662943050794e-01
7.048392836560536390e-01 1.174814797128827859e+00
1.221296235735765956e+00 1.674964373419137509e+00
7.157314164611336404e-02 1.458633595323218568e+00
5.638724268636372550e-01 -1.357083727284770003e+00
-3.636017121572165944e-01 -6.819309938851625397e-01
-7.522109765184668007e-01 7.557286041972177681e-01
7.044888607523710489e-01 1.731917892421733551e+00
-6.257409011717828262e-01 -1.546419153485452114e+00
9.227340624426444426e-01 -8.402130540064075559e-01
1.356479789871126940e+00 1.454199478610450069e-01
6.208901400657285130e-01 -5.725508323512681214e-02
-4.165996816155451699e-01 6.495381238397632817e-01
2.229912279911568262e+00 1.864305374782504243e+00
3.336793872570713582e-01 -3.228554997384214947e-02
-8.795585932379156313e-01 3.697040086169570139e-03
4.033168852293920192e-01 -5.130858899330980050e-01
2.211196515653831018e-01 8.029120209565119431e-04
-1.888051999993945573e+00 1.631583212344035472e+00
-1.002100110905625563e+00 -5.269530579385908187e-01
1.000855031199267886e+00 1.192229894856714212e-01
2.276428010476417851e-01 3.998402987437429251e-02
-4.064339241410578341e-01 4.554958117417774455e-01
1.173372291686013202e+00 -1.599463438046777042e-01
-7.562536842837305207e-01 8.681664570808700354e-01
-2.185428118340062564e+00 1.190410576179129931e+00
5.701868486678738357e-01 1.378350933341081719e+00
-9.376340375224055945e-01 5.212818465006627822e-01
-5.012836763123300621e-01 -5.301398457579384882e-01
1.451165077829264516e-01 1.182709279143107528e+00
9.243811352502053769e-01 1.095583561301631370e+00
1.581323049574370476e-01 5.414896026307999266e-01
1.378048920286466972e+00 -1.196850241965040640e+00
3.751192566480641144e-01 2.381367461438669952e+00
1.199779401040322657e+00 6.515000558522613394e-01
1.139969879330150038e+00 4.668071883948048395e-01
-5.346246433519969976e-01 9.406160470097505444e-01
-8.700979614029290543e-01 1.157518272993538710e+00
3.183479815191766482e-01 -6.262187608461444732e-01
-1.021582107715530485e+00 -2.124205765748807262e-01
2.255664480865162136e-01 1.023227056182983485e+00
5.004170558240633726e-01 -6.232178379213347830e-01
4.340204865750309504e-01 -5.957286454916225216e-01
-2.006631898399077185e-01 -5.135751750063057841e-01
-9.118351699890618889e-01 -1.365118274229418782e+00
-1.000670929495946826e+00 -1.657551144409681543e+00
1.660199604872784063e+00 -1.684106513443147879e+00
3.455597442976189315e-01 -8.332256968600181279e-01
1.087327915573891440e-01 -1.647067640043790582e-01
1.049554285928644637e+00 -6.039294345773693617e-01
-1.399469433432192489e-01 4.701575506688548955e-01
9.019958101510477944e-01 -1.433199661866459695e-01
-1.007266851217851977e+00 -2.747157489571143141e-01
-1.106790522819010691e+00 9.442675640558414463e-01
