5.838102767354771405e-01 1.326649899170517122e+00
2.975791802063771918e-01 3.322558919016896373e-01
-1.890235983008688114e+00 3.870071142520774554e-01
-5.504885519623734513e-01 4.676285229845716929e-01
-3.700007427557143180e-01 4.077482425290740453e-01
8.602766130465588912e-02 7.395327372568494262e-01
-1.166941907351528807e+00 -5.323736142274818617e-01
1.024084405487075466e+00 1.262692685382357100e-02
-1.316231176524339519e+00 1.812834602524138639e+00
1.691287250924496943e+00 -4.024704292081591195e-01
1.157388114265759382e+00 4.916124583725029473e-01
-3.714094439700635908e-01 1.982953411246961339e+00
8.542567335383840499e-01 -1.699264080596349924e+00
9.040643368753645825e-01 -1.612848346155613566e+00
-6.099087681886231627e-01 -9.779798637137190331e-01
-4.019306199168015681e-01 3.716822046760617226e-01
-7.553861921277821301e-01 2.035592823053500033e-01
1.611223093820077334e+00 -1.610648890694940771e+00
9.555633090231895332e-01 -1.146074856061758185e+00
-1.515665132320497488e+00 1.120821802290671521e+00
-6.900013174286153683e-01 7.938112194227190388e-01
3.149792110674830559e-01 -1.836915396910769327e-01
-1.006046521350169254e+00 5.041444858308911092e-01
1.398581160268966395e+00 8.786600451012452906e-01
-4.009994682755836648e-02 1.791522724139137379e+00
-2.692530723584570240e-01 5.506419453640806205e-01
-3.529908036083767020e-01 3.003633394448625982e-01
-1.525083600298761892e-05 1.482455382763105955e+00
-1.656226210035160795e+00 -1.791022992642097078e+00
-9.566244273002514342e-01 5.471035437520922473e-01
-2.994114956024123697e-01 -2.025570048368217912e-01
9.780797825072087281e-01 -5.243124525735041175e-01
2.745687466321517500e-01 -8.197961656448857770e-01
1.394744918089291019e+00 1.879756112599668683e-01
4.236987076262761776e-02 1.807004698314132130e+00
-1.036101533197077984e-01 1.302013707088299499e-01
-5.850991663575825369e-02 1.354394750655326884e+00
-1.276480546823263174e-01 2.044370733939390380e-02
3.443099264982925622e-01 4.185696801575746751e-01
-9.076899245328847732e-01 1.369288545408044122e+00
6.070777525648218820e-01 -8.519540196990011971e-01
5.624159122856119408e-01 -9.054065617775588493e-01
1.098155973862491974e+00 -1.394100780830175967e+00
-1.301995672577666241e+00 -5.763867747257465091e-01
1.663491945624768986e+00 1.347175312333098063e+00
9.448551082054179595e-01 -1.135442794731282623e+00
1.071469943134492481e-01 -1.106387244356817678e+00
-4.354349652753904398e-01 7.319173433200177881e-01
1.789919437940716840e+00 4.627672975877464290e-01
-3.972906825528002006e-01 -2.446891331401855330e-01
-8.451572337169013238e-01 -6.371024989017628481e-01
-4.191766129642180427e-01 2.447213418993556336e-02
-8.976183870808240872e-02 1.020196856838665678e+00
-1.704535140762619916e+00 6.423616911819853836e-01
4.695818102296180907e-01 4.438280956602136951e-01
8.151822560974129050e-01 6.887618246512079434e-01
