-6.467733984167077788e-01 2.345938246176328512e+00
-1.509212671461904187e-01 -2.245614497137037535e+00
-5.652101740420838460e-01 -2.996954237522754805e-01
3.322678278740838487e-02 1.082567745645265589e+00
-8.016153040903684079e-02 -5.553341430593591865e-02
-1.814102826267912152e-02 6.164442622363602853e-01
-8.910022548139069354e-01 3.668439679648355378e-01
-5.968394496552250628e-01 2.016585850183570283e+00
-1.070285661918678466e-01 2.008435622150442704e-02
8.457339556390098823e-01 5.342169983361098051e-01
6.346790041184223463e-02 1.907754940037324154e+00
1.938403780424523826e-01 -1.881608993716031852e+00
3.608757328063735281e-01 2.073688481546616114e+00
-1.369031179746398874e-01 -1.125042164901889352e+00
-7.877256587898585627e-01 8.266140732051838746e-01
-6.217454249769681640e-01 -2.167506762807337173e-01
-4.437098508090726867e-02 7.595664770791942244e-01
8.794128267467633542e-01 7.339290525302741841e-01
4.017116505110832625e-01 -1.326233542811430244e+00
1.971936049603355556e-01 -4.107356806863811660e-01
1.447618935656611594e+00 9.530894737282996632e-01
-9.325396911619630025e-01 -3.748554840929208543e-01
-4.861325077361301483e-01 2.779448530998621103e-01
-2.044853905120895377e+00 8.312219252774598610e-01
-1.033576771178426279e+00 7.229619671956393212e-01
1.360139281253777976e-01 6.704687195988928705e-01
2.500652330906359966e-01 -9.042594334316157445e-01
3.075225078148985380e-01 1.840724597742138924e+00
4.530358230715593737e-01 1.919117150949332662e-01
-1.530872698418920042e+00 5.415920984873076049e-01
-4.719014290107911846e-01 -2.078265244855604932e-01
-1.015181896577195486e+00 6.823125479310763186e-01
5.704628496477048838e-01 -8.129308684379377148e-01
7.190024989429376623e-01 -5.993082254039088230e-01
1.380212115594046329e+00 -7.851345850568338877e-03
1.131546552719416621e+00 4.355886720244253052e-01
1.763599926599518364e-01 -2.228639278620555331e+00
-1.050204444878614751e+00 2.305994871102067523e-01
9.140909867194658700e-01 9.658473554731668020e-01
-1.426990828397986633e+00 1.608225326138794653e+00
2.534325546240213667e-01 -4.114311729918799787e-01
1.221550079023246083e+00 -2.728015528341456442e+00
2.992657670142140347e-01 2.072124668191880070e-01
-6.585154217617290584e-01 -1.524105094011770634e-01
-9.803718130760324945e-01 -2.862031949846419732e-01
-5.505469821198072378e-01 -4.459279039102286291e-01
-5.057405005914225038e-01 1.288803274760684348e+00
-6.720477064446311877e-02 -7.098316367525986381e-01
-2.114011757161295524e+00 4.026939207194794590e-01
-1.493353080661917520e+00 -6.486928783187749792e-01
1.464484548376558670e-01 1.427913892130569851e+00
7.613427374118587609e-01 -1.327679488324865931e+00
-7.999548358153862893e-01 8.172673542614027065e-02
-7.861196531681471367e-01 -1.108197004227067461e+00
2.850421408594320249e-01 -3.984381458425599876e-01
2.487512471080248200e-01 6.928372909306551586e-01
