1.702441873414914375e-01 4.786045422272786620e-01
9.934557109113885121e-01 1.239909585976900486e-01
-1.263421083022066238e+00 4.422154251459742835e-01
-6.755286000619644682e-01 -2.226523949423087956e+00
-1.116284010778536340e+00 2.068018746390217544e+00
-5.452324603387794788e-01 -1.553147757050497901e+00
4.711292729808072011e-01 -9.948213174128028857e-02
-1.438809452965878144e+00 -1.883427617332540605e+00
1.566162809982727833e+00 -7.907154453792766269e-01
-1.352584329943031349e+00 6.571989904220837397e-01
4.024846435018126778e-01 6.435412746231582437e-01
-1.740419747244188908e+00 4.004406606964458493e-02
5.596802005022865067e-01 -8.618801662314807821e-01
3.997456945305006282e-01 6.716344995977965304e-01
-3.664070102056681821e-01 5.488900910099929753e-01
-3.855085060894156701e-01 3.363834498128618899e-01
1.539348072398484035e+00 1.305566225948240344e+00
-1.181204588473224737e+00 3.026394724174730766e-01
-1.074368363750274336e+00 -3.970745690717561449e-02
-2.887007179767900888e-01 2.353586979299855830e+00
-4.389450089668082144e-01 1.300017209844726240e+00
3.225277008527481781e-01 6.981191634985718826e-03
6.240479014686204362e-01 -7.474610373126528984e-01
-1.357460103722031741e+00 -3.167797657716928117e-01
4.481718415208876816e-01 2.388989796619923334e-01
8.230766226449124368e-01 -1.632053061033919672e+00
-1.502549046227862894e-01 -1.370140294143021409e+00
-9.956155665213908268e-01 -8.268013788894631455e-01
-1.217200489946955955e+00 7.586765342941185208e-01
-5.523144354405242623e-02 1.453492039842579464e+00
-4.344428108315023240e-01 4.395015271984264310e-02
-8.086101594929161474e-01 -2.050742458701567406e-01
-3.327319544074484603e-01 -1.214764632993388771e+00
5.253270306877354245e-03 -8.811232691663437033e-03
-6.430094608816570023e-01 1.497653436277123218e-01
-1.171071302882014553e+00 1.854723619613328545e+00
-8.927406870900718161e-01 7.049319167510812445e-01
2.248831723290635465e-01 -6.348427056453930239e-01
-6.078667524740887229e-01 -4.273882440039541430e-01
1.056292502026242364e+00 -1.257674198674208821e+00
-9.213968060490965173e-02 1.314313616859613010e+00
-8.082458137556906008e-01 -3.833470169248233694e-01
-2.387560868006427750e+00 -6.075837630084072183e-01
6.159951585115095440e-01 -2.735834610230323816e-01
1.406741620307664364e+00 1.423649728818368709e+00
-8.184448354649695445e-02 -2.823827459370683579e-01
1.676891522896894804e+00 -9.074645591758534469e-01
-3.748011123228815467e-01 3.395935261368558944e-01
-5.647187375651916419e-01 -8.237004658363887843e-01
8.129803068513493658e-01 -1.457230956549055323e+00
9.290921932748502643e-01 1.798682859317146443e+00
5.281039160646429087e-01 -1.170127367770939175e+00
-2.091220029992546525e+00 1.212389285733522337e+00
-1.104989474428843099e+00 -2.051030783698879478e+00
-1.969869212565038330e+00 -1.416615960407021091e-01
-7.812275543979498860e-01 1.882140397546849253e-01
