9.649242183858933175e-02 -6.171326825008416339e-01
1.403600075339348940e+00 -1.992444674908772084e+00
-3.307239614218964729e-01 -6.582256116069791219e-01
-2.034119288725814434e-01 -8.362716560963145973e-01
1.358627415528212756e+00 7.785481842177888190e-01
-1.437562452696680149e+00 1.883624099168100585e+00
1.727617972657660594e+00 5.431619702004144429e-03
1.882832566344081748e-01 2.105743705837529234e+00
-3.152386792028794571e-01 -4.492817461596051998e-01
-4.524600983951110877e-01 8.896665022944244550e-01
1.784067853630731948e-01 -6.646082855119233024e-01
7.325470947502995545e-01 -9.260676979733227787e-01
-5.955837594968631521e-01 -2.470925191139730082e-01
-1.123733389604950617e-01 1.529550831748598405e+00
-7.075992206143095764e-01 8.260857299624346783e-01
-7.523929924123913190e-03 -1.549256560021254892e-01
4.201617975757788725e-01 1.086224056470107280e-01
-3.017446128580844600e-01 -1.354187970234147498e+00
-1.952886439673480468e-02 -7.803243097330128109e-01
9.057688375927601676e-01 -3.980330570482745745e-01
-2.906732857268433112e-01 -9.193814003579032779e-01
-2.102884799373252178e-01 9.678966094740887316e-01
-1.788311958037087646e-01 -1.834981621941393470e+00
1.779696659059061048e+00 -1.499202675677889562e+00
-3.229099056111183752e-01 4.045766076734562677e-01
-7.450479689025729657e-01 -1.819532645622220279e+00
-9.773782698306908712e-01 2.715077694574998812e-01
-8.111642063737513064e-01 -6.150779550664707829e-01
7.703207490995724882e-01 -3.070484341165086728e-01
7.707560796077385090e-01 2.262823687219118751e-01
-8.008166160560370450e-01 1.488071649711616873e+00
-1.113787203824992300e+00 7.299752752990762428e-01
7.252917759254284835e-01 1.475473617763097378e+00
7.847792854463020440e-01 1.027635394664002666e+00
-7.192383021154301614e-01 1.939015630079812702e+00
8.241444172278027391e-01 -8.255969447963833197e-02
1.201024608293702833e+00 3.561781145910470486e-02
-4.500067932647291435e-01 9.642189784039872924e-01
5.232835724336087901e-01 -1.363383170066890138e+00
1.585626763111143589e+00 1.341752891650722868e+00
-1.132692793304533208e+00 4.137458395147749490e-01
-1.192577170731928371e+00 -1.446324759430101636e+00
2.286221116116647634e-01 -1.137990520351025658e+00
-1.261902231644614014e+00 -2.357012518621952601e-01
-9.971509500129249748e-01 -2.977782600769520727e-01
3.492765820462912507e-01 -1.792539321905624317e-01
-1.236629561589441373e+00 -2.681364528733459675e-03
-6.845817629636714585e-01 -6.690823791954719074e-03
1.529695999400417117e+00 -5.641044409415346683e-02
-4.298985166453034995e-02 -1.069880648083131991e+00
4.795081492984620136e-02 1.198762129815326150e+00
-8.127884743390019207e-01 2.734170040453539841e+00
-1.931869001166797162e-01 3.413942580446319153e-01
-3.002298945640858197e+00 -6.613473783874206369e-01
1.541511458888801034e+00 1.497929473545135615e+00
-1.397823242576004432e+00 -3.394857814707230026e-01
