-2.229451246091262551e+00 2.522726971993054956e+00
-6.903817890121102252e-01 4.951330169172719203e-02
-7.032934274640618710e-01 1.202450604424409528e-02
3.417153301385225661e-01 4.515688266586409538e-01
1.752398985083175376e+00 2.176682359712050374e+00
-9.908269244779864815e-01 1.566387495585699202e-02
5.402096224472336949e-01 -3.161894330105860518e-01
-6.645614472667863426e-01 -9.648292206900951351e-01
1.684045380644144663e+00 -1.222012175364780129e+00
-1.684116008323280900e+00 5.347202826168511169e-01
-4.567913349689367020e-01 -2.601410029894802189e+00
5.041138302200376398e-01 1.869749303935029083e-01
-8.192296294079044472e-01 -5.154692606563493484e-01
-1.259621112651054142e+00 -1.367423903507023253e+00
7.582967127304129917e-01 2.944959868082108190e-01
6.334592527797320294e-01 -3.154364659298752871e-01
-2.410871711946378060e+00 -1.160116850528577048e+00
7.725539918679950047e-01 7.930654194680039973e-03
3.664635047998016648e-01 9.082571600479807383e-01
-2.097793562081922136e+00 3.607557987510167340e-03
3.346614179657482757e-01 -6.366610643283225623e-02
5.063334379271590135e-01 8.190402929698233914e-01
-1.177815721507167401e+00 -2.352900317935873453e-01
1.531700944953284238e-01 -2.595630414518677043e-01
1.391231798488157922e+00 -1.720255735539405195e-01
4.308685419443531589e-02 -4.631476163235914711e-01
-2.913645998672043796e-02 -1.524239883812861240e+00
-6.910567143094937803e-01 7.666121828053331644e-01
2.418155422802446275e-01 -1.745238051917352040e+00
1.513862803082450137e+00 -5.908300787976914492e-01
1.657300201810632423e+00 1.495876924502420324e-01
-4.934058278306089340e-01 -9.716509150653181992e-01
5.062589689526894032e-01 1.103296876596904452e+00
-7.653244114842246981e-01 -2.030908852890549010e+00
-1.242952043383623861e+00 -1.104391209693976084e+00
1.003753536597875584e+00 5.981244356740937906e-01
6.645189230454711105e-01 4.449143638568673897e-01
-5.137773924117529090e-01 -3.522084581062426278e-01
-5.231836391325599411e-01 8.945814103148725938e-01
3.828203089446151619e-01 -1.586995293733613810e+00
6.221908394576513013e-01 -4.129766261730232202e-01
-1.385064917294922537e+00 -1.614873069479378087e-01
6.338258921312763805e-01 -4.747479385427805787e-01
-1.046838210376623612e+00 -8.209294562316403754e-01
3.217801027491616894e-01 -1.604897600016285952e-01
-6.706081570693791516e-01 -4.757318358479714071e-01
9.370713296478887511e-01 -1.967373212339042388e+00
-4.954494347084427708e-01 8.642184346325608724e-01
-8.839796979352136930e-01 -3.503885153486328841e-02
-1.976368792416541620e+00 -5.013501287539225970e-01
3.145839721509301468e-01 9.334745941205415676e-01
4.480566150692036342e-01 1.094164761434331279e+00
-1.424020980067488784e+00 -6.199468890052325376e-01
8.003278958631814266e-01 -2.820477920589923304e-01
1.328104181273504603e+00 3.783258980009095163e-02
-2.573694415756031320e-02 1.173252271703660643e+00
