4.556290697530015477e-01 2.270563555713001502e+00
4.075511046661505626e-02 -2.297280404623507799e+00
-1.534001686467130199e+00 1.733460872897606142e-01
-9.716464323705035211e-01 1.695907899271762997e-01
1.618070138892750975e+00 4.360261777304498265e-01
6.326322473024547088e-01 -4.646237696903460779e-01
8.843554333655053723e-01 1.650264759087713085e+00
-1.071634067807102353e+00 -1.402583910688890434e-01
8.716008419917213867e-01 -7.961740147141722623e-01
-1.024443114104473196e+00 -2.296020331366396938e+00
-2.842135163606994142e-01 5.848548349612599229e-02
1.692743478132669566e+00 1.917446116696232883e+00
-2.308014221729864923e-01 6.363778026027355761e-02
-8.650335574694072438e-01 7.970639453563291843e-01
3.656357454524183925e-01 -1.569574975985705612e+00
1.280846050233872768e+00 3.674174441938445890e-01
9.690614951644584973e-01 -4.284037548531071660e-01
-7.218045405656219327e-01 -2.127214066150582561e-01
8.050835594435350878e-03 9.885465848078229811e-01
1.383592041149614704e-01 5.590185348080981553e-01
8.857020175295233777e-01 1.771027977611287163e+00
-3.330587500802218437e-01 -1.553063485516999742e-01
-8.447118689981752970e-01 5.222349193001356582e-01
6.399832121693883602e-01 1.489418096726263574e+00
-1.258617849400627708e+00 9.817154669651809162e-02
5.565757579887400941e-02 6.118032322469003637e-01
-1.084971738392069396e+00 -8.245947619714770818e-03
-1.485834854160399399e+00 2.022549431449736090e+00
6.911302441176619960e-01 1.110745463814384104e+00
-1.617390122942635733e-01 9.357954104897665548e-01
-1.019278666200463812e+00 -1.129686147137260788e+00
-1.289662984615423280e+00 9.243046771111447235e-01
2.387108310050598092e+00 -1.598984497896802637e+00
-3.769738178493641234e-01 -1.503705433193596175e-01
-4.048632292698584739e-02 -6.571683055922699079e-01
-9.719092581942094522e-02 -7.530135923129213094e-01
2.237504177228065994e-01 8.259667813703157613e-01
1.077046211575419132e+00 -9.685546775701464606e-01
9.303143157341602354e-01 -1.446671370034492199e+00
-5.227494191394144868e-02 -1.261403680738951261e+00
-1.290171386043536920e-02 1.989184720438846588e-01
4.530246504835820642e-02 -1.391040190738774163e+00
-1.400544636204985594e+00 -3.975977049918815176e-01
3.275548674319972431e-01 -4.539796974005032570e-01
-4.749580656133579604e-01 2.079538053693656519e+00
2.269768104360620486e-01 7.286983375945704777e-01
1.408086406468043450e-01 -8.904352594601556703e-01
1.746749156927239310e+00 -1.108919355816787800e+00
-8.848243807267294203e-01 -1.235588875901852512e+00
-4.152193806376036633e-01 -5.684831440106984379e-01
-3.958503242027949093e-02 -7.509785545802565021e-02
-5.103557733003981634e-01 -1.533156862948460708e-01
-2.207219840735432648e+00 -1.226912104599883868e+00
2.227678051920081170e+00 1.272236009751197772e+00
1.821391492315789895e+00 -1.710679960735285443e-01
4.683149051379322247e-01 -2.004924815018778173e+00
