-1.362554544311438964e-01 -3.098756621311773429e-01
1.085948574132584304e-01 8.751964919169545887e-01
9.991575529582853443e-01 -3.416496066747559124e-01
2.484154895266506902e+00 1.203788373422575025e-01
5.079777673910563784e-01 -3.535604153088537926e-01
-1.122979430537040413e+00 1.050899321937857955e+00
1.385067332841894094e+00 -5.549701278217653577e-01
4.094012207916711832e-01 1.588581344826706654e-01
7.427444045269283590e-01 9.448793408859008647e-01
1.375777225765339562e+00 2.808813090197217033e+00
4.236778626721793284e-02 -6.278481004806161225e-01
6.103346574889174647e-01 -1.329705405863389034e+00
7.493477569067245048e-01 -7.615428870653039306e-01
-8.213434832604549207e-01 -2.539096328452378759e-01
-7.116599046053725397e-01 8.455073006074833586e-01
-1.912444694699251713e+00 5.972374585366082567e-01
-1.930635683948684456e+00 7.216950645864712577e-01
6.475101899458801658e-01 4.757579364669872191e-01
1.590612972735445663e-01 -8.085142804153050422e-01
4.904393195778694037e-01 -1.580273994324349784e+00
8.023278575277934532e-01 3.363103257327985096e-01
-1.890316722690112486e-02 1.201105693541803798e-01
-1.847961828461521239e-01 -1.565544773975560577e+00
6.100640433469894930e-01 -1.491010071705469509e+00
2.330484821295455145e-01 8.696091652932373683e-02
1.346513790508863773e+00 1.822285271451656419e+00
1.003149130655245136e+00 3.083163849497398690e-02
-8.142971714165491148e-01 1.161381526630047845e-01
1.204339674619774092e+00 1.793022559140983629e+00
-6.641652512259669239e-01 -8.090796127388502068e-01
1.025673820498938849e+00 1.307074299346574764e-01
1.236962055242985414e+00 6.396087319735503929e-01
3.512853526740593035e-01 3.175129818199864951e-02
-8.501491579439474089e-02 -9.039438405541813104e-01
-1.910750335510442044e+00 -1.156939917817557950e-02
8.515779153593695527e-01 1.707864428180290162e+00
-1.006453309999715273e+00 5.627177931495372931e-01
1.162377970863010423e+00 2.429568421330604300e-01
1.093443743319520767e+00 -2.404006097837672051e-01
-2.529499537483038268e-02 3.823524529828950524e-01
-2.363769320892602360e-02 2.551054480639002864e-01
-7.916100835645879519e-01 6.113611510967673635e-01
9.099975285934904790e-01 -4.919660211206323130e-01
-7.476040381757291797e-01 1.660800506906406904e+00
1.147963530632588380e+00 -8.413233217316345991e-02
1.716510435139795010e-01 1.802320010896578395e-01
6.577252662278242346e-01 1.984195648313541449e+00
8.415349116913480032e-02 5.025236560749678505e-01
-1.624516075608478882e+00 -2.052036900606136471e-01
-6.956700750721637183e-01 1.839684532484531232e+00
1.892799023633001398e-01 -1.436083858314644024e+00
6.818855997451209738e-01 1.491956791761713363e+00
-1.121761584125471556e+00 -1.056979820216806115e-01
5.943225143055379522e-01 1.188265900022391852e+00
-7.809353991895361391e-01 1.069058551204938423e+00
1.186620180744021091e+00 -5.270431419413877938e-01
