4.185736864644445943e-01 -2.139754074058600963e+00
-8.760465905411558563e-01 2.612209302696660185e+00
-7.427678866652662748e-01 -1.066553209840047423e+00
3.266399022629757898e-01 -8.624276452562136264e-01
-1.343261247785363599e+00 1.160956319895498412e+00
-2.210355947269071919e+00 -2.984433746015867639e-01
-6.425357703676310983e-01 -4.531450454819362927e-01
9.515420287668552302e-01 3.391563854298063063e-02
-6.277813158875287236e-01 -1.061907763852017794e+00
9.462691205521351900e-01 -9.569432643128824578e-01
1.149473157902810794e+00 9.287424096012701635e-02
-1.451471251374050420e+00 1.686673627433694922e-01
-4.456760960883615619e-01 -1.079890657611710658e-01
-4.527031132393251056e-01 6.711523568113421101e-01
6.240069215852912521e-01 -2.766721755873706168e-01
1.373768514427748055e+00 -2.547935552499339118e-01
-1.169524689228132464e-01 6.877587032165494163e-01
-1.332601232254664980e+00 -1.140480566652880778e+00
-1.687559231052969455e+00 3.034189100581837772e-01
1.352521401996732708e-01 1.470210191811809619e-01
-5.283890772266134350e-01 1.001655757501892730e+00
-4.118843318674821341e-01 -7.627968953405572794e-01
-1.315510880123251569e+00 1.181457383882140479e-02
-1.574558873934556624e+00 4.684355288629284408e-01
-1.254130175055434337e+00 4.064234699831124065e-01
1.132410614548236216e+00 1.974490126419580494e-01
1.102510406185974734e+00 -8.621141683681962098e-01
1.241398120370843072e+00 2.376509914447189065e+00
2.096969998049155404e+00 1.259269184530452890e+00
-6.031556217858761171e-01 -2.925344093897617737e-01
1.124909284965434964e+00 -3.823341720852506120e-01
1.029153898085861440e+00 -1.129648408506937762e-02
-1.332718890218276497e+00 2.002855121654604220e-01
-4.851491501307761411e-01 -8.921818323931636208e-01
3.062905744484869519e-01 1.116273540939592079e+00
7.871902359412809025e-01 3.427718417255103955e-01
-5.101806713476362276e-01 1.104471984090172443e+00
-4.754551854644532005e-01 -4.124185275987896082e-01
4.883758688175334761e-01 -1.009380576616883962e+00
-6.806020128285416027e-01 -1.466669914190217971e+00
3.277319406316350214e-01 -1.460663536137189189e-01
-3.125266875275494183e-01 -1.698284687600803089e+00
-7.774113102686271148e-02 -3.116263536794509625e-01
-1.641817977908231807e+00 1.160695442158575785e+00
2.836529156804745710e-01 -7.004679216445734713e-02
1.053956421509551378e+00 -3.349866324868427253e-02
-4.198829965831597510e-01 -7.157774052548470101e-01
6.669917151064086447e-01 -1.372190546991270743e+00
1.053328745577122971e+00 -6.905210060157936924e-01
-6.585793763121379832e-03 9.927343283907608118e-01
1.022158504647409094e+00 6.155276150880840680e-01
-7.753855937431853862e-01 -1.416794562941012137e+00
2.293529137443080845e+00 -7.981007414443852532e-02
-1.105664405429872987e+00 -1.770240901926655175e-01
1.862716574413584777e-02 -5.284317343678468504e-01
5.129698246306940712e-01 1.237801747438787903e+00
