-7.382641129589895268e-01 -2.137052767917510809e-01
-8.978989115189944803e-01 5.239541612318551200e-01
-5.275499768948138657e-01 -5.508693899736486488e-01
6.690491586153223258e-01 -1.371951882524738153e-01
8.894976117590895626e-02 7.926805268422160156e-01
-2.201641720967891513e-01 1.056434296837275577e-01
-1.786406209332073169e+00 -7.747064078460391690e-01
-4.929872668508431532e-01 5.702369401231873747e-01
2.050242252518283681e-01 -7.600678668858649178e-01
1.693593819685617619e-01 -6.241612406555919756e-01
6.158057881002866329e-01 -5.240385157801750182e-01
-1.346356088943370999e+00 1.247995851877719442e+00
1.735817248422564518e-01 -9.937993416098644950e-01
-1.688599203325171494e-01 9.055873520639414753e-01
2.593861575405511655e-01 2.775349538258081727e-01
-8.233424658975611876e-02 -4.173789232347721034e-01
-1.105000155052926480e+00 -7.909941868198635539e-01
-7.652718131711093441e-02 -9.877829478814481590e-01
5.383502100732644458e-01 7.450373885536162311e-01
9.115929635561579314e-01 -7.743840535460828622e-01
-6.990978439838458902e-01 1.130131915755256511e+00
-1.330799130354556770e+00 1.603626776078506344e+00
7.811900194208842851e-01 -7.410153045767795543e-01
4.017955511429275803e-03 7.469047322662787369e-01
-5.479425673967982524e-01 1.865534448085164332e+00
-7.414887558807073953e-01 -3.998702249023960986e-02
4.399313267281215190e-01 6.723688054732819275e-01
-5.678867239231381869e-02 3.021085886062410686e-01
-1.323863503811120723e-01 -1.763118695667927616e-01
-1.144869249756186758e+00 -9.135479096492483686e-01
9.148897317756341518e-01 6.832846339915210621e-02
-5.815695681270918183e-01 -4.119097489528167344e-01
-1.785167914442951087e+00 3.077288825165223063e-01
5.805152722232644891e-01 8.746930536291757097e-01
-1.949698506157710121e+00 -1.036728264243591546e+00
-9.372502702791638551e-01 -7.538877964432586509e-01
2.946224221664947240e+00 -2.339182358955455676e+00
-4.525319557393779890e-01 1.354434520055627811e+00
-1.185113300185105967e+00 -2.193335191673636331e+00
-8.933689532193023197e-01 -1.806600974212739796e+00
-4.364255175857129077e-01 1.053770495937687235e+00
6.191287584222282536e-01 -3.532855406648579416e-02
-1.068723030968107945e+00 9.562810543636167671e-01
3.848340662113154953e-01 5.443195298670381321e-01
2.939836990960028373e+00 -1.011018170438235941e+00
3.706210411277692240e-01 -1.063287760725167841e+00
-2.446299923892590045e-01 1.477369744042869693e+00
2.732382491879546405e-01 1.985736058134134341e-01
1.073026385481963274e+00 9.211929487981300735e-01
2.842186532878475114e-01 -1.262117987443971634e+00
1.246808861303426941e+00 -1.974361285688136958e+00
7.669817661847427859e-02 1.222675022891958480e-01
-9.979248697644661770e-02 -8.713986065845488738e-02
-1.105150736182329618e+00 -1.700381167018625739e+00
6.344063814457000516e-01 -2.256056794988993419e-02
9.801039778073610265e-01 -1.865295887464750058e+00
