4.207946601738901671e-01 -1.874309031344211895e+00
1.296444864501416827e+00 7.936968391178589322e-01
2.308203887834959778e-01 -4.356038625463456992e-01
-7.808880833807012589e-01 -2.037492387070396926e+00
1.654544600036159219e+00 -1.993428020087409935e+00
-1.599672531931568553e-01 1.155182123397746174e+00
-2.919581017565889836e-01 -3.343781223748497067e-01
-1.035487139755603803e+00 -1.808438390495078263e+00
-1.878943507105233779e-01 -1.341076367336403008e+00
2.035900894871613409e-01 1.984495722063577494e+00
-9.291852816638006551e-01 8.624546606791260173e-01
-9.404748915461032255e-02 -8.048569522171226953e-02
1.570030220806344579e+00 1.464996242522644376e+00
-1.132216523557164845e+00 4.809038861571801604e-01
8.888183374135339987e-01 2.355578273423276414e+00
7.629767641508653497e-01 8.200589350189504412e-01
-5.348746394372937418e-01 2.137327520642004153e+00
4.666221085440708238e-01 3.048772648969386712e-01
-2.995578032977000080e-02 -1.313752231162504280e+00
-6.779781316226625165e-01 -2.114156407168981955e-01
8.380401168261365497e-01 3.623681956643790003e-01
-3.567520915923736990e-01 3.131408296942942981e-01
3.838787570635717739e-01 1.215460571983044025e+00
-3.397859311133732962e-01 3.865821900196303451e-01
-9.056742323251665283e-01 5.071391673469982653e-01
-1.627338791573688548e+00 3.728318443573702123e-01
1.254353668063753480e+00 -1.470010684156182468e-01
-3.166533167910130508e-01 1.122817666824583949e+00
-1.165337230020126569e+00 -1.108445777135921073e+00
-3.299544979419387070e-01 1.306499409619907182e+00
2.038195787088132038e-01 -4.579212655444442337e-01
6.876247884808384114e-01 -1.587857107593875883e+00
-8.504480870020519889e-01 2.330283289235054678e+00
-2.441578043709561607e-01 -2.392878672680001650e-01
8.613269822658127239e-01 9.990199796868313165e-01
7.147204320969773317e-01 -8.655244946245347348e-01
-9.040675834271283406e-01 3.294751820876480886e-01
-1.003760332108722730e+00 -1.527994788832186313e+00
6.616995803400995690e-01 -2.339860878151581725e-01
-3.272281765662311548e-01 2.895850868646834275e-01
-1.255935492728950109e+00 1.094539472295852578e+00
4.904217423148121702e-01 -6.876676016508075362e-01
4.225279127020660774e-01 3.881244195943577280e-01
3.245655938607033275e-01 -9.221319643896761509e-01
-5.618895841746992526e-01 5.328163303430529796e-01
1.552659992214905915e-01 3.633309069571275529e-01
-3.351133443247463206e-01 -4.182536643196301807e-01
2.203436872023236237e+00 -2.084326884730713036e+00
-1.466278216614200769e+00 -3.005326213285278714e-01
-4.811919215531342831e-01 -8.439853154075360742e-02
-4.721486667152374750e-01 5.849078546341350826e-01
1.264452630755107387e+00 -6.017417860306967237e-01
4.875499249646527700e-01 8.805699797710990762e-01
-4.201837667721208119e-02 4.405884853222920006e-01
2.840308677964817896e-01 -1.365670828018415994e-01
-1.175676591283338679e+00 -7.637861058581263407e-01
