1.528968675441881864e-01 -2.472543004405594880e-01
-5.355415143360955366e-01 1.429831836063901740e-01
-5.170780518209293353e-02 3.803553913928186536e-01
-1.016588278754729124e+00 3.697267841913128850e-01
-8.797108568392363048e-02 -8.239831409557434316e-01
1.178825359217459345e+00 4.964060795172403617e-01
-1.269961884593359569e+00 -1.578230785704935746e-01
3.418258417326082155e-01 1.570280824664554098e+00
6.427642259601095143e-01 -5.517485363490255423e-01
1.604332264305031730e+00 -5.344871321160505895e-01
2.715789335986490971e-01 -1.579128038351785557e-01
3.613204652214757062e-01 -7.591755763675150925e-01
6.242133423565084938e-01 1.463113323763088669e+00
-5.970617358533584218e-01 -1.102613157740824024e+00
-3.094892598258906502e-01 4.958012230558604960e-01
-5.958841634389961950e-01 1.079572714856902316e+00
-6.894096001461607059e-01 -6.514125487892173938e-01
9.373347631182642470e-01 6.431366869851352641e-01
-1.530337685040494833e-01 -9.853728797130353323e-01
-1.568632683841761022e+00 -3.030488334245523552e-02
8.546133835880123097e-01 1.391372004214172398e+00
-1.047019191938731719e+00 4.453218182030606598e-01
1.038776003067343190e+00 2.265716165621051825e+00
6.578436859031919770e-01 1.054909304429318961e+00
2.904290529872715965e+00 6.737784903097100431e-01
1.264704455925592386e-01 -4.804787746237740471e-03
2.464518671938929761e-01 -1.350857792138787872e+00
1.415724725793220173e+00 5.151947203694026145e-01
-3.694394294101129850e-01 1.322622139059782098e+00
9.372740015752412113e-01 -6.822103366808346392e-01
-1.419406665342389351e+00 2.846785552413143572e-01
-7.807128949282954311e-01 1.809042629131454583e-01
4.309964723754727278e-01 8.069120332604076684e-02
-2.490048188692261383e-02 4.441945001044605990e-01
1.380409405808605827e+00 4.732854013585133246e-02
1.991730847447415603e-02 7.000816411668377981e-01
-8.490202353902762678e-01 -2.300802738748804199e-01
-1.448426176155561684e+00 -7.054095482778238724e-01
2.199082572780724831e+00 4.087830790073371245e-01
1.365629907337097215e+00 3.156964920269248465e-01
-2.242926686632620570e-01 -3.294088957057428324e-01
-5.095904624310038100e-01 -1.867971270322884569e-01
1.517150685747936656e-01 9.227978581680617021e-01
-1.347652542618426486e+00 3.307980996626898040e-01
-1.259281101022718674e-01 4.518865438531741163e-01
-8.010415775796658755e-01 1.783500414666839007e-01
5.533354034270152599e-01 -9.954827999618348633e-01
1.532998708551448042e+00 -1.411876427264704859e+00
4.793067649333431213e-01 1.866161969666226605e+00
-1.005276240575983415e+00 1.410401977935841877e+00
-5.510712645295745560e-01 -1.656941948274964105e+00
-2.504021933372191366e-01 1.164787040113050898e+00
6.563443545232523491e-01 3.362562157121598450e+00
6.446986748332160788e-01 -2.392269207323284963e+00
-2.960355287741162078e-01 -1.411775967415328070e+00
1.185458970337850193e+00 -1.184617857044126144e+00
