1.743163442539227725e+00 -1.211178403335466891e+00
-1.217492557667850583e+00 -1.023031857450199977e+00
1.279270931761833152e+00 -7.416915048655120524e-02
1.284818184403757391e+00 -1.268218297575281817e+00
2.042279241546430535e-01 -3.405181284079582954e-02
6.999059607900900426e-01 -5.903236327256748961e-01
3.722569428696023697e-01 -9.124660492441701021e-02
-7.189557625027698240e-01 -7.018918856137261741e-01
8.631036545545702765e-01 3.193911832671669088e-02
4.757923001451835332e-01 1.255392146563139910e+00
8.093756653826713610e-01 8.303338882730314507e-01
-7.751408012031155703e-01 2.134765175873270415e+00
1.467382422404646558e+00 -3.841636428669429476e-02
6.365961793451834216e-01 -4.905517324925383060e-01
-2.501970925226647768e+00 -2.032059167131255173e-01
3.284582428705982993e-02 -9.139618923212790014e-01
-1.529751030645105647e+00 -3.438830235809365865e-01
5.703931284509919930e-01 -8.202262115960318178e-01
2.074853542410944329e-01 9.568163449886892824e-01
-3.572867199222063556e-02 -2.019215445772520046e-01
-1.240419748065488825e+00 6.667265756960004570e-03
1.006290128650765281e+00 -2.688194311742894693e-01
2.456970735976382325e-01 -2.814762699180188399e+00
6.329065721962539026e-01 -4.518521582356651578e-01
5.626780832231895735e-01 7.194109586833608017e-01
3.482151965397813909e-01 2.686716606213765957e-01
-1.346618764222980991e-01 -3.981660619895287939e-02
1.698389482928622518e-01 1.447522323113281439e+00
-1.221238693731532710e+00 1.420104548159638380e+00
-2.080509277646888644e-01 7.073856519868368942e-01
8.637374014870364825e-01 1.989856600592018743e-01
-5.385469138376594023e-01 1.267255357292595530e+00
-4.295517904702039064e-02 -1.222303748449955707e+00
-1.407162754211522815e+00 6.955023311912994499e-02
-4.044994407398225800e-01 1.066276666223698433e+00
-9.943944799259409884e-01 8.122621097990689876e-01
5.771369841309881288e-01 -2.431535889067465775e-03
-4.850665783151141275e-01 7.535652303749814651e-01
3.413265570407979510e-01 1.232305729145040329e+00
-1.077587534788512436e+00 9.710747134802505398e-01
-1.277241315850302650e+00 -2.371049609288618409e+00
8.861152625380681880e-02 8.409161822214142878e-01
1.144863296884208070e+00 -3.872149937328086544e-01
-2.743852103820072497e-01 -7.117007202979300784e-01
-3.907459487179156671e-02 -1.206577281975638322e-01
-1.339702186581505750e+00 -1.058349690637631763e-01
3.373609215211539891e-01 7.118333347523818633e-01
1.334893082228644001e+00 -8.867505549470705573e-01
4.603267277923394074e-01 -2.210744761661824209e-01
-4.147737259035302326e-01 -1.545086726870182059e-01
2.304223037777053396e-01 3.693036774113327980e-01
-1.730206944848121653e+00 1.605906305325816852e-01
-7.065374010737061061e-01 1.861742546814643795e+00
2.194491137900778099e-01 5.929096035893524075e-01
-2.038263589473057635e+00 -7.044957711873902628e-01
-6.841138603164493848e-01 -1.532199470763718319e+00
