-5.356051484758878045e-01 9.524400597444470096e-01
-2.278473689011606851e+00 3.597897729872359118e-01
-2.215840672423160740e+00 -7.112383671944800811e-01
-1.403442609932733731e+00 -7.775729410689375953e-01
-2.013810064989897342e+00 7.146952661623244829e-01
-1.863452066419983399e+00 9.712641852659072983e-01
2.151374578631466417e+00 -8.322417608967644931e-01
-6.471832286399251122e-02 -4.907918037109679776e-01
3.829969090888002969e-01 -9.328201074617177568e-02
-1.878535367683414670e+00 -6.589223936935180437e-02
-6.280349469350672287e-01 7.572768497217071682e-01
1.517837354169656372e+00 5.617873743485953808e-01
6.321946981767359031e-01 -1.039527920033409991e+00
9.489083979099169897e-01 1.471145488363468368e-01
-4.445302401766459965e-01 1.254038500007889634e-01
5.039321031710813914e-01 -1.231765926920470822e+00
2.675565324416420143e+00 -7.995356543599410060e-01
-2.331912254300178677e+00 6.042924992707582321e-01
-4.011545434620180095e-01 -1.989837881919975793e-01
-1.623717762122170782e+00 1.070707197081230966e+00
-4.910710082861952097e-01 -7.781106406558855326e-01
1.263946509847110877e-01 -2.307195817083909084e+00
-3.758232069233664596e-01 -8.244444936831996085e-02
5.182806752806756734e-01 3.525609598355750052e-01
1.566976916854457835e-01 -8.789836228244095606e-01
1.828469695726272937e+00 -1.298032712940708988e+00
-2.003165600282272418e+00 2.329821372574734928e-01
-1.147331944577692830e+00 7.364200393044708637e-01
-1.204723432024151109e+00 8.220559449407626174e-01
-8.175354387662820965e-01 -5.113628903139492143e-01
4.264476039823507647e-01 -1.015945564874054519e+00
-8.439880236079824183e-01 -1.689004907627680296e+00
2.185564687959820507e+00 9.158521937259819223e-01
4.492607582141786016e-01 9.912753233439408618e-01
-3.145849421638012289e-01 -1.358768626493591425e+00
-5.682792247593707602e-01 9.279199136510508650e-01
-1.022218444916239526e-02 -1.959164370880737138e-01
-1.869067557082315201e+00 8.829838649989270039e-01
-2.836641433792005951e-01 8.951494112681414039e-01
-4.433922418024828782e-01 -1.709458247226754712e-01
-8.644598974861723573e-01 -3.446429742315578748e-01
-1.014237881503605443e-01 6.483480638553080766e-01
6.154816392790665169e-01 -6.790276785758397882e-01
-1.430514123459430964e+00 1.915882364290769357e-01
-3.305245448456201052e-01 -8.342623287292142420e-01
-6.026264942574945105e-02 -2.070211821854465728e-01
-5.487879614695951869e-01 -1.668928538900225078e+00
6.764163876865245673e-01 -2.369346621977504730e-01
1.614931402787798120e+00 -7.953484598242771542e-02
2.511576182515083300e+00 9.797077491767585133e-01
1.375609020301233443e+00 1.824784106556960883e-01
-1.507884767497705170e+00 -3.124659263631864858e-01
1.193216666897428391e-01 -4.128681178727654499e-01
1.235640276519404779e+00 -2.366129091625500669e-01
3.603635520169675144e-01 -1.102218948059653592e+00
-1.636013156004891833e+00 -8.819813296058803820e-01
