-5.383782515755247688e-01 -8.101804729792781989e-01
1.853865445141692492e-01 -1.854571296061974017e+00
1.962135080012376465e+00 -1.157428294035964145e+00
-2.325135155481143912e-01 1.494943172703768086e+00
-1.343003706060686142e-01 -1.839658668494458249e+00
3.704244689417320879e-01 1.048810619226854479e+00
-8.895167844768959997e-02 7.287646899854491878e-01
9.590360856086713737e-01 -8.356795120419650835e-02
1.765978371982936057e+00 8.998055667253850309e-01
-7.903948144743317972e-01 -9.562241515923677326e-01
-1.710633714321596480e-03 7.969849721476135462e-01
8.925847872541171624e-01 1.065518851602349049e+00
1.259345394299473231e+00 2.518783648291180732e-01
1.382372253309507304e+00 2.162374452868976782e+00
1.040743199121143103e+00 -1.983657877816603854e+00
7.474782737366928442e-01 1.215437320080161587e-01
2.456027813635430768e+00 1.279835059307993905e+00
-1.004164903805029985e+00 1.276070577545897589e+00
1.098258191304218423e+00 1.492300969884277073e+00
4.608280075095674833e-01 -3.874317792090520296e-01
1.545120498105476137e-01 -8.796380084446119296e-01
1.351275570741489629e+00 4.195576433284799456e-01
-3.393456562850975106e-02 1.114875037309766448e+00
-3.357206435125422717e-01 2.272085940029380691e+00
-9.124688905402745798e-01 1.835950820451953680e+00
6.258331406268783370e-01 6.425826951122677322e-01
1.455839759283457657e-01 -9.519512619226100369e-02
-1.077017475489951970e+00 -4.563236320116678679e-01
1.596778469844866225e-02 -1.061283347656706982e-01
4.166610286881223812e-01 -3.145647297192139535e-01
-3.391057890399307162e-01 5.637101803028629066e-01
1.313353431885937450e+00 8.301164869142911851e-01
1.268364304333560177e+00 -4.180863948763162696e-01
-1.022654605134146744e+00 -5.727220743009077131e-01
2.671708001111955735e-02 -8.249520818190143601e-01
2.547517756855188775e-01 7.189997135740313627e-01
7.159421731487045637e-01 1.250231232813903359e+00
-5.535110587263365051e-02 3.385280732870905029e-01
-3.045550897768498078e-01 -4.874292881474669992e-01
1.513054614069641035e+00 -6.104681014951288676e-01
1.432234982157426062e+00 -1.711372656559541627e-01
2.583120644834170365e-01 -1.082925606558119647e+00
2.196425810096462317e-01 -1.229235944164229766e+00
-5.795107185698367136e-01 -6.604195445059812819e-01
3.849011712660547202e-01 -1.151186913571696779e+00
8.701171371456195569e-01 3.686536921904812192e-01
-1.598590260250535300e+00 1.476188129816475403e+00
-8.918258398112142160e-01 -2.113579540170931054e-02
-1.845339136311534289e-01 -6.599318993396490196e-01
-5.878095868903253640e-01 -1.910330113782857109e-02
7.773486479934607063e-01 2.295646691963752151e+00
-2.045867199708735484e-02 -2.749240011143220253e-01
-2.239943268234140805e-01 -4.285466510571372956e-01
4.081659739304281942e+00 -2.400923477842036302e+00
-2.252951844617233856e+00 -9.460867453221506462e-01
-4.079544862631429708e-02 1.908649477306555431e+00
