-2.257122825866222815e+00 1.134173624267105884e+00
-3.008710674533885410e-01 1.769359200493945405e-01
-1.090634132143842194e+00 -3.745943110189354774e-01
4.794884112167182022e-01 8.967122238325967443e-01
-1.628455309722639521e+00 2.793761893936815843e-01
-4.846007702368664294e-01 6.382921162070256393e-01
-7.656260311780839212e-01 -1.546497556150507602e-01
1.233395527377342038e+00 5.315305754599231047e-01
3.307286211841374834e-01 1.388232881150742282e+00
6.503353023918613252e-01 1.059991668056510017e+00
-6.620617590822664988e-01 1.535732487852397687e+00
1.846753436858020736e-01 7.121477619183641528e-01
-8.178999396632878616e-02 -9.179384550388525188e-01
9.423420750339515095e-01 -7.965488751299512060e-01
3.912504891184216960e-01 4.913968760568972471e-01
3.420687469409652848e-01 2.068079623004284606e+00
-1.156165869181439376e+00 4.431654943361242882e-01
-6.025359412451105623e-01 1.401615802683168210e+00
-9.936483087853565932e-01 -4.437589944256347119e-01
2.899393887048167806e-01 -1.501968229946911704e-01
-5.127161786239410324e-01 1.551430294905542073e+00
-1.738685136987348834e+00 -1.737461689791510722e+00
6.060357487803269549e-01 1.124991750100075238e+00
-1.333903380589311072e-01 1.975045564959744537e-01
-7.395021715598021350e-01 -1.333370838277438963e+00
-1.019332351718556851e+00 -6.049032422868392267e-01
-1.164755971640361043e+00 -5.887133873803220840e-01
-3.548250678296997473e-01 -1.238607315577561430e+00
1.246961414178061167e+00 -1.464808512196417167e-01
-2.379761176903987252e-01 -1.101452667547221931e-01
-1.368947434325511248e+00 1.516721580645598477e+00
1.281994609447442181e-02 6.207760077089641282e-01
-4.270464384649237388e-01 6.248542857957184449e-01
-9.947770559308093119e-02 9.380318133743495990e-01
1.808856939542879294e+00 8.727330703675758583e-01
-7.576121685549218610e-01 -2.366805352868969425e+00
-8.081664867279884090e-01 -2.974091967416297444e-01
1.757457096897951487e+00 -1.733110114486688058e+00
-8.682636145676727590e-01 -1.677919323461706913e+00
-5.293439318802863891e-01 8.672079273841744040e-01
-7.064547472870367217e-01 1.179469083809636248e-01
-1.751037296551229527e+00 -6.923881848381193693e-01
-6.727324885374670327e-01 -7.615932840223271771e-02
1.621369438985852618e+00 1.848902659661682824e-01
-1.323521066316916572e+00 1.352385127689475608e+00
7.939773338105847456e-02 -6.810774474112101240e-01
6.293351601036542009e-01 2.870510347552429620e-01
3.013498036508729383e-01 -4.818831903685939499e-01
-9.990373388049129666e-01 1.746569685507774472e-01
3.778383485172368550e-01 4.453129629217539298e-01
3.785419513147074144e-01 -4.011316328313579982e-01
-1.061632918204068687e+00 2.113289268322003089e-01
3.766133031119789920e-01 1.012167598910890698e+00
8.974616910731110231e-01 1.635096289475853615e+00
6.319430109255840255e-01 1.769387251711720399e+00
-3.573558791360403331e-01 -1.268534426193647313e+00
