7.199558359603785984e-01 -2.037958019509192309e-01
-1.851486488703763422e+00 -2.334371321333601756e-01
1.145216621062038032e+00 -3.891985363999149548e-03
6.706799323528075396e-01 1.088574804517130179e+00
1.350887273300572122e+00 1.673336221634646792e+00
-1.362213360095160919e+00 6.766845596197367252e-01
4.259565121695134682e-01 -1.905229180454465210e-01
-1.034047859720688356e+00 -2.047849268164082748e+00
2.630196537999788808e-01 7.750860009389797245e-01
-5.959953216095091877e-01 -2.178231912038843254e-01
2.268594435495202788e+00 -1.644995279204556571e+00
-6.958178064470660340e-01 -1.411580515029037697e+00
9.051571109858931319e-01 -6.740198509697037377e-01
-3.972979942339925907e-01 9.187702719423941344e-01
4.839043392561570567e-01 7.415701966418728475e-01
-6.827995987212650553e-01 -1.491644771240749456e+00
-5.545136087491097099e-01 -1.121501180706426570e+00
-2.311084251067131667e+00 -1.831241544612906003e+00
-3.805179829753461140e-01 1.500423751767394842e+00
-1.655380354939956611e+00 6.818923137002298462e-01
5.083068995410325863e-01 -1.801162975079446671e+00
-3.687828150625786505e-01 -1.953729906841396857e-01
8.159824356380737109e-01 -7.256697429759741969e-01
2.762546840158320305e-01 -2.078853683468063485e-01
5.424882029543397211e-02 5.283000464774378901e-01
-1.601647764719346334e+00 -1.581879139822869540e+00
-1.104603335256716529e-01 -2.439072544962009315e-01
3.623239574533316243e-01 -1.792978714119840999e+00
5.334055103901311767e-01 1.389638101838817530e+00
1.166765975410767875e-01 4.012089064693358798e-01
1.530791119973284431e+00 1.225258105160524080e-01
-1.162645688034131819e+00 -6.171480415574666090e-01
-3.036385613004054518e-01 1.100447887141160486e+00
2.073767371517096780e+00 2.593130673689238441e-01
-7.075503411951508115e-01 7.704074889522410929e-01
-1.073317627441913613e+00 5.895027868503598389e-01
-2.754247362383407949e-01 9.940171376277787130e-02
-2.319478685284650510e+00 3.598141575265839665e-01
-1.394690344971562190e+00 1.943699175301802362e-01
-7.524013898458989935e-01 -1.435628848544516778e+00
2.513020426987112588e-01 2.046361234062518353e+00
2.120821886557460179e+00 1.032876906208951118e+00
-3.839028905267177771e-01 -2.255366294434744956e-01
-5.557993307054628213e-02 1.364619410225000884e+00
3.911180971703369647e-01 1.433256346122644631e+00
-3.124047172538590433e-01 -1.545073598824718397e+00
1.108312884536417631e+00 3.011831826825969727e-01
-3.813772417234528173e-03 -2.077270108487700995e+00
3.559376777078801513e-01 2.309427718354324990e-02
-5.750790831648950885e-01 -1.311358413795472577e+00
-1.402686976545492348e+00 6.979752934967766720e-01
1.943645572125781262e+00 -8.904486806823731504e-01
1.647823956155560488e-01 -1.670315357540320678e+00
-6.418313405682656292e-01 7.283471110083241662e-01
-5.503319689212482491e-01 7.412937033154526345e-01
-9.232140828786147280e-01 1.424003228959532574e+00
