4.821003015085920107e-02 -4.572368448661751628e-01
-6.218288379479918193e-01 -1.160936306436454624e+00
-8.187431933856585964e-01 7.306735466859964889e-01
-3.567089109720972817e-01 9.031384510779250085e-01
1.238733222625618913e+00 -5.637164529146926339e-01
-1.183525933635751093e+00 7.049332565410384444e-01
3.330660922068331975e-02 -5.259694493079239974e-01
-1.014680882118198513e+00 -2.436023444984352637e-01
-4.653903241330821783e-01 -4.866721071394792819e-01
-1.077125498979803364e+00 -8.987643788646096366e-02
9.690329027354762648e-01 8.651641140957998521e-01
-3.524848594998589157e-01 8.438168057829712465e-01
8.948871613827605875e-01 4.854157852859001254e-01
8.268275995640030906e-01 8.141929284089649554e-01
-1.458292464863671256e+00 -3.448544883285152296e-01
-2.029287447753618800e-01 -1.047735445504741847e+00
-7.328451486330753162e-02 -9.161381368553189741e-01
9.369579702977683111e-02 1.239482078562042788e-01
7.778444278474183626e-02 8.971344503032772089e-01
9.347269829201750868e-01 1.270964567200407735e+00
-9.788340209937149705e-01 -1.209007691821343045e+00
-1.899264662039440221e+00 -7.126221245395722992e-01
2.412076001624604560e-01 2.461607613494205538e-01
5.579644471429435343e-02 1.502652942550813497e+00
-1.649642851839582258e+00 -7.940617593189392975e-01
-4.984265066760273366e-01 2.042709582422864045e+00
-1.061643958990808212e+00 5.129179772477775873e-02
5.087367225025817286e-01 6.239265108635374535e-01
-8.490954237361275636e-01 -2.224172031433834240e-01
-1.658852670910153648e+00 4.282075768425182005e-01
2.984166948832031041e-01 -6.953134007992936017e-01
2.887384868599656151e-01 9.923620952351227542e-01
1.693983338215457435e+00 -1.411949930251139851e-01
2.898424765352991539e-01 1.680338880171795335e+00
-6.431909677991388685e-01 7.067642379347144344e-01
-1.203399964628976360e+00 -4.540789993486145648e-01
-4.631348635649520928e-01 5.250549801467120359e-01
2.219327853097079195e-01 -5.147352206084797599e-01
-8.248098588468335546e-01 8.842105195597675937e-01
4.551364761790061553e-01 5.647063407054458972e-01
-7.989358785402356222e-02 6.391490718028425277e-01
-1.041215301372506140e-02 7.557940334413917327e-01
7.717272733809816820e-01 -9.834833603039248029e-01
4.154100654604885867e-01 -8.478266881808652622e-01
9.917058851456563018e-02 -3.891980889920609865e-01
-5.951608956734497635e-01 2.229962742454379837e-02
1.941540444637897656e+00 -8.962800586747347031e-01
-1.018557268013117190e+00 1.313142941843058187e-01
-1.048560038926952265e+00 4.492713656426440827e-01
-3.095782807083983790e-01 -4.164932130385602393e-01
-2.570426652028773296e-01 4.471921939128566809e-02
-2.143422456911446283e-01 -8.327146967738738303e-02
-1.990350614958628639e-01 1.010337884969739530e+00
-5.398061659240949162e-01 -4.225531727153815087e-01
1.070670532329508040e+00 8.377131172046169139e-02
-8.096975993468367161e-01 4.890033509570222980e-01
