9.293186591753668235e-01 -1.130382115982298874e+00
1.090422690405126405e+00 1.645904017190535695e+00
-5.134645693953558965e-01 3.362797885679632004e-01
-1.308147813624528144e+00 -3.982491883271198629e-01
-1.136836960393053264e+00 1.466016252195182501e-01
-1.096669082752229851e+00 -1.562084094068752371e+00
-8.434933570905490674e-01 2.196633459789808285e+00
4.788497186090356905e-01 3.104369209905492588e-01
2.360920596120482939e-01 -1.745901280386198337e-02
-1.023491756929886254e+00 1.213068923459472259e+00
-8.733372387115098112e-01 1.730545390960162910e+00
-5.932368063402331249e-01 7.945715612895174473e-01
1.085589069323902534e+00 -7.933988101717518449e-01
-5.672291807449166695e-02 -2.478246416293912457e-01
8.209657411624888823e-01 -4.856023921496179230e-01
-1.496203715722703720e+00 8.329697997716412061e-01
1.395619074032993678e+00 5.864085785954882279e-01
1.807104252976565295e+00 1.409708791094133051e+00
-2.541891856129898652e-01 1.785161550732677627e-01
-3.502027138344810386e-01 -2.155142833365885080e-01
-2.217170322761103929e-01 -3.233603652112523319e-01
-8.086848247000715251e-01 3.003799961719711420e-01
5.875883268663250059e-01 2.014725026446887224e+00
2.256364231451924329e+00 -9.932319457280426311e-01
-3.882736204230069488e-01 1.723384297498098405e+00
3.169864447474065039e-01 -3.848652208465169755e-02
-5.406768261058394476e-01 -6.937716214634732648e-01
6.308306670059711241e-01 -1.413491444266273475e-02
7.395631042142692957e-01 8.506515762613694465e-01
1.144946389335205206e+00 -5.946089656339889062e-01
1.048421659795178540e+00 -5.652916117511900262e-01
7.581492384917297433e-02 5.043329656639332637e-01
-5.578431723268214570e-01 2.145159428378735633e-01
-4.920600838625213344e-03 1.032140031201409069e+00
-5.707805192963205654e-01 -7.440157870899412051e-01
-6.288073147397699181e-02 9.096941153048652140e-01
8.377736482985814748e-01 -8.493197494812237958e-01
3.350727975764561384e-01 -8.092955087820167259e-01
-8.803077534309371177e-02 -1.294308574740489437e+00
-1.018932097451842766e+00 7.019541209264520409e-01
1.053665981751567893e+00 1.204231139791914984e+00
1.011455025559349075e+00 1.073702166011289760e+00
-1.531293749382132363e+00 3.470403955743407431e-01
-7.286873108875400185e-01 1.150146951342686297e+00
6.117893436366221849e-01 1.307166332729473135e+00
4.786756694512268595e-01 1.365923759170675655e+00
-1.001092973107489958e-01 8.658213396286978947e-01
-1.002090399511256891e+00 -1.097261731781824068e+00
-1.242798704103337676e-01 -6.109389085320251489e-01
-1.043570209674922200e+00 -2.130928931462602871e-01
-1.565538700895947155e+00 2.234048476105711667e-01
1.101604131711032331e+00 9.150931214073784736e-02
7.491273876185151892e-02 -3.111633591601683513e-01
-7.294806701434708440e-01 -5.883353841131215567e-02
-2.228913835562253976e-01 2.793128683355320385e-01
6.161092153562212070e-01 -2.018069494555535526e-01
