-7.784706070949735102e-01 -1.353366923469858374e-01
-2.010280620075667990e+00 1.110379629964019843e+00
2.280045992829786705e-01 -1.759408326429702463e+00
-4.016225497241863313e-02 1.626938731361769808e+00
-2.523058376924325885e-01 -6.781144883865332096e-01
-9.973912483689253428e-01 -2.228810218763508377e+00
-1.409622769372833595e+00 3.097870069750646715e-01
-5.739780612754535882e-01 -3.640726037892278444e-01
-7.293950495085987917e-01 -5.768405582462933501e-02
3.560540160937833987e-01 4.951830983015775289e-01
-3.261940272125524731e-01 9.714761431944172188e-01
4.886190507191570109e-01 1.503399487632255838e+00
-3.291604737526367397e-01 -1.487753441791913378e+00
1.117384954632306027e+00 -8.663836244307530077e-01
1.572261222678144721e+00 1.449537343597979477e+00
-1.275087198727376636e+00 3.307109259648710053e-01
-2.057435538334207725e-01 -1.530622110804676084e-01
4.557012350196326667e-01 1.202246397516779863e+00
-1.432770884389944932e+00 -1.510433813526323721e-01
-4.721392405165020789e-01 -5.605883819934721901e-02
3.794744975043961022e-01 -1.218940135873603392e+00
8.785643269011054191e-01 8.942638583830899712e-01
-1.870755821095191340e-01 6.323477278742242746e-02
2.071837161697948293e+00 5.432522398467694025e-01
-1.190335778407080186e-01 -5.767851505761339981e-01
-8.584576790269843327e-01 -1.518637702654511701e-01
-6.878303134972248156e-02 8.113936350301316214e-01
5.615906028664553462e-01 -2.502708867385656788e-01
8.914870723972295741e-01 -1.074134466442146080e-01
6.062522345890096753e-01 7.406248888932728258e-01
1.770186427907443349e-01 9.946452171661651631e-01
-1.335292170277791790e+00 1.557812757405591331e+00
-1.267465712965882840e-01 -1.353380921479929277e+00
-1.189444382637705910e+00 7.974697878155333486e-01
-6.613523641292168298e-01 8.004672977536847478e-01
9.918984002275933465e-01 -1.618386478749409330e+00
4.426249553344409060e-01 7.351586418671740564e-02
-2.016711872387591420e+00 -6.021512588436471469e-02
5.896418168720718445e-01 9.844179571309870092e-01
-8.088944459105053275e-02 1.607632366274547586e-01
-5.619142278224563691e-01 -1.176499247282638549e+00
-1.254544181147196458e+00 1.012367824257415005e+00
1.132083689468928595e-01 1.212141961770040188e+00
-1.107166126911042214e+00 1.125685814290595887e+00
6.928104448294178930e-01 5.697161310466513084e-01
-1.929762857670119125e+00 4.471214805426441119e-01
3.445980564322752016e-01 -1.734307226167891569e+00
-7.401406604712170711e-01 9.352044122309225438e-01
-1.368854447549659736e-01 9.766520947464207847e-01
4.813335039021429118e-01 2.905632334225287106e-01
-3.697292105774223625e-01 -2.729207203855000596e+00
-7.019690931817426094e-01 -2.061186596468563004e-01
1.075396408864805808e+00 4.497251867698898731e-01
-5.505380102121394392e-01 -1.288920952553485877e-01
-1.132840785991986454e+00 -8.155648950757651283e-01
-6.916543939886200532e-01 -1.791793947220959859e+00
