6.818890397283768889e-01 7.279250996184453981e-02
-7.151093162323212127e-01 3.311706106712114517e-01
-1.336447432620305298e+00 -4.020993176252699586e-01
-6.935726794310631549e-01 -2.034177229219312211e-01
3.903310181489342279e-01 -3.747696719031436419e-01
1.725190559036320070e-01 -1.902593091710406137e-01
-1.649982296328334153e+00 4.845199124090031617e-01
6.551004392480513916e-01 -2.017266698426851690e+00
6.208910145963254523e-01 -1.931095050453303374e-01
6.822462082796205973e-02 2.491963415105037660e-01
4.658542850992333229e-01 7.111020748646608158e-01
1.065483461841495005e+00 -1.566592919173231291e+00
1.673630673190386053e+00 6.937891425723301531e-01
1.168819760458915002e+00 8.195949604185289727e-01
-4.967195965593567686e-01 8.320472072430976640e-01
1.413642845842703277e+00 2.040921144258577957e+00
1.506974586102113101e+00 -1.407607726985505181e+00
-8.752871149790525385e-01 -2.053573081006108414e-01
-1.886325354144588351e+00 -2.237318749578551813e-01
-6.432563657223395737e-01 -9.792625089123834226e-01
-4.479330538067558681e-02 -3.919260053182220815e-01
-2.032511990392414369e-01 1.436488577313058901e+00
-5.005604502167855241e-01 2.514193437475144011e-01
9.813198486746288474e-01 1.057198060132563122e-01
-1.010664908749894897e+00 -6.814000958806319952e-01
4.834094804959225278e-01 1.463414947734528404e+00
6.028768775946291569e-01 3.533286468393618263e-01
4.786231251983366630e-01 -1.911745258773766887e+00
-1.102089084830250032e+00 1.003303121514360852e+00
1.408499205918777308e+00 1.961142920135858225e-01
-3.735585873380070643e-01 1.416364832487188308e-01
-1.485790602030375052e+00 -1.496569255061088510e+00
-1.195905444910523086e+00 -1.051326879714443052e+00
9.563041444121818113e-01 -4.867263750873463413e-01
2.434793050015904292e+00 -9.708639406257246751e-01
8.273419760516629307e-01 -5.126234666470641521e-01
-1.260662595617487058e+00 1.278553716166358711e+00
-1.056601106158971126e-01 -2.764162271616012537e-02
2.654010438457710674e-01 3.813643578363906106e-01
-3.981709663527529088e-04 1.220452538078387744e-01
-1.117530950929437605e-01 4.168380988420717359e-01
-4.581885161068323109e-01 -8.040162127417095350e-01
-1.201152543331070355e+00 1.234711260701897073e+00
1.903645281880788298e+00 1.031904860918360978e+00
9.196947289973437245e-01 8.042456348631991103e-01
2.133687725846001859e-01 -1.384950465670493402e+00
1.258517247091332392e+00 -1.474244926954858759e+00
3.231147282891128625e-01 1.432236184043270910e+00
2.361851412891272872e+00 1.368998483631144181e+00
1.119741603701901234e+00 4.506940348219644621e-01
9.597920220238173039e-01 -7.855814397601560417e-01
5.887434548047330019e-01 -1.393255745634656706e-01
-1.164264425148730409e+00 2.787900248578367365e-02
2.926303724303535095e-02 1.105020087609409840e+00
-1.527370870766965538e+00 1.779824510295301643e+00
9.369962875570796434e-01 3.226901889734409279e-01
