-2.257773335912122370e+00 -3.375720264105597779e-01
2.523595028600423840e-01 -3.607288685032762343e-01
-4.133619600554365725e-01 -2.328035111622079045e-01
-7.935867853739219102e-01 -4.139295792204339963e-01
-2.053764257003041216e-01 -2.286729731590649184e+00
-1.300726497673301951e+00 -1.339870760404613392e+00
-1.714481134491770697e-01 -2.845356285831934784e-01
-2.232472157584648453e+00 -5.572897490151681454e-01
-1.143053315553826277e+00 1.055300370790583697e+00
6.390257802214769356e-01 -1.854972813099220741e-01
-1.019663077131737761e-01 -1.368134459371370404e-01
-3.605391552414174416e-01 -3.108860444254672450e-01
-5.799206707369815028e-01 -1.074700290605472786e+00
-1.921371752078700368e+00 -1.421140496316840363e+00
2.241080253700280522e-01 1.144012687261389272e-01
-4.472961867390157220e-01 -3.392946776240296503e-01
7.962619799664454323e-01 8.107908414028892896e-02
-5.769463776364904817e-01 5.095851251745816546e-01
7.701817500013544704e-01 9.319230186351035172e-01
7.965843015267549676e-01 1.687634937807275026e+00
1.102089625296713837e+00 1.310109966681130222e+00
-8.839350722973844388e-01 -1.867261899240122869e+00
1.509440520348876547e+00 -2.400326064448651819e-01
-4.664252464944469434e-01 5.885018127660284204e-01
7.798710516545600546e-01 -8.354220647116764598e-01
1.930875380320691059e+00 -1.879605772560249688e-01
-6.940270890987207952e-01 1.473303550100088843e+00
4.403958037903227263e-01 5.412564495052309965e-01
1.522615503465751141e+00 1.646864906142725182e+00
4.718129073278303220e-01 1.112186544284005763e+00
4.992013967558342480e-01 -5.552484034586241401e-01
5.759521915661801605e-01 1.449254918761838429e+00
8.915861153223032520e-01 1.441489207129122541e+00
-1.796758628641175637e+00 4.679886649969488555e-01
1.726283465230029623e+00 -3.101879951817722580e-01
9.992011133049950866e-02 5.897217373556578046e-01
-1.089230246446550865e+00 1.653348109201661975e+00
-4.647515231944322478e-01 1.143264866828414439e+00
-2.629231518299719461e-01 5.406772022375922956e-03
1.576456339939794893e-01 4.949081341603010081e-02
-1.823517268857282048e-01 8.766511488661746232e-02
-1.538106002775510905e+00 -7.680579551926630666e-01
7.653919351627873624e-01 -2.314322069535087734e-01
-1.005083298151489890e+00 -2.678984456839366146e-01
3.223529589749271618e-01 -1.077731180524483356e+00
1.521606067331758849e+00 5.230837687283645954e-01
3.286635469973178125e-01 -1.032395173679016676e+00
1.065010214138502054e+00 -1.618930899570748261e-01
3.018177817358485560e-01 6.247352125587196658e-02
5.865804546827355082e-02 1.675470869769868587e+00
-3.338541077085365738e-01 -1.990266016830334106e+00
-1.490085422925624181e+00 1.121914196781071515e+00
2.182520764334344443e-01 -2.526667132198274213e-01
5.296963776449968853e-01 1.836143164434909547e+00
-5.384637178986353412e-01 6.523110202232521582e-01
-1.082992457389726937e+00 -1.488720286417561933e+00
