8.610263506393833755e-01 5.242640163170138035e-01
2.014596523870688938e-01 -1.192592119706145759e+00
1.215234141601122975e+00 5.115933494387866487e-01
4.801009306720945280e-01 -1.018151548749962748e-01
4.945799095607595341e-01 -1.117558544129525711e+00
7.091368086428149198e-01 -1.527879309203404867e-01
-1.608270417165258870e+00 6.571673202421439708e-01
-8.691262283572185332e-01 4.781985684138816972e-01
-8.716618579052810567e-01 -3.718271471789981186e-01
-1.039725579340197381e+00 1.755168937230961790e+00
-1.772410403789521194e+00 4.618228253735311983e-01
6.378414531882118377e-01 -1.632370200342240230e+00
4.898304829340435762e-01 7.648440412128991728e-01
1.333956655803934632e+00 -7.943165074301081763e-01
1.184855853343483173e-01 -1.236917970950300039e-01
4.774304662825286649e-01 -1.734592325540520730e-01
-5.896548466077007333e-01 -1.973128928779821711e+00
2.442753716441771417e+00 -1.388546723404581629e+00
7.111104443507092476e-01 -4.690222557815327264e-01
-7.008678762284890895e-02 8.773105894711395736e-02
-5.908480675226291945e-01 -2.075907260059624893e+00
3.842111908485906224e-01 7.069345067012584860e-02
-1.561464192041690735e+00 3.981418319235227044e-01
8.525502351909630683e-01 -7.700271426804087271e-01
7.856125029778276980e-01 -2.338554013457286196e+00
5.043141472956274018e-01 1.494769981340210441e+00
-2.479184891779705191e-01 -5.155572859861053958e-01
5.345126660747940850e-01 4.886547963298537578e-01
-1.231198896477788240e+00 -1.997751417222265902e+00
1.503989798055272775e+00 2.305360780137991339e-01
-6.929866486847551243e-01 1.424674622200696072e+00
3.217928491844056493e-01 4.072858667209388606e-01
-5.394562298000598055e-01 6.466268455955411776e-01
-1.778163505124463473e-01 6.397610210966286903e-01
-2.217092435457453714e+00 6.130589766317284806e-01
4.824458928963391569e-01 -5.486073807918268042e-01
4.291712457151680010e-02 7.442653957579509205e-02
-7.112587764076124808e-01 -1.321779518952012289e+00
-6.810328863168592095e-01 1.950492739890091753e+00
-2.257959878760550376e-01 -1.675587790175899761e+00
1.559369445822941680e+00 -1.523073556763908876e+00
-2.280381669335665329e+00 -2.087272179900009073e-01
1.487033352480041648e+00 -8.177550461273510596e-01
1.031841752167728998e+00 6.945386333559594449e-01
5.013013741215536223e-01 -7.725567156118826051e-02
2.916646891698982391e-01 -9.079665362585898070e-01
1.346709446691697898e-01 6.264572475397111040e-01
-6.363799917119092875e-01 2.708131509966645312e-01
6.385363541822646205e-01 -4.652246231289302592e-01
2.375256254523391841e-02 1.160127460312382786e+00
2.164183313135134679e+00 1.012555912655855650e+00
-1.212246824732066131e+00 -6.762959831804221666e-01
-4.856644616981053431e-01 -2.454446416366803163e+00
2.061427178631352497e+00 -7.350041958675744835e-01
4.686231859735638938e-01 -1.208117365934744170e+00
-4.813556494892087811e-01 2.794156891460854553e+00
