-9.218349417265679913e-01 9.607218699027505471e-01
-6.705934547947869362e-01 9.619382889860266239e-01
-1.471813361042181079e+00 1.269236717967136586e-02
1.250684112525960678e+00 1.072028074625213240e-01
2.319466886531230010e+00 1.548606131768201388e+00
2.068174104796932089e-01 -3.519022964004964726e-01
-3.103841419143661629e+00 1.838302601022602012e+00
2.118220893346537403e-01 1.819142841123505272e-01
9.500183168545800472e-02 -2.273355366192683982e-02
-7.383042587784590660e-01 -7.117252286082047519e-01
-7.140083334125578718e-01 1.018712096314886795e+00
4.478391076949566618e-01 -1.453760980093978139e+00
-1.358527883716568407e+00 -6.032282489357354560e-02
-1.196554481377571227e-01 -8.166582846133214613e-01
-2.598572893072526035e-01 -7.722732655849118277e-01
-1.648299268417155350e+00 1.521086852921212484e+00
-6.747528395118372879e-01 1.622461068365672388e+00
1.227776003248693737e+00 -1.262703498256401602e+00
9.826326510503748946e-01 -6.918274523638366924e-01
1.138836283045414621e+00 -5.778848570957697550e-01
8.599503373821849594e-01 -2.235519783574830388e+00
9.524411469876215008e-02 -1.228705313924559173e+00
2.267450354399932200e-01 -3.035158790382109228e-01
-4.868095180817119116e-01 -4.755719558477702891e-01
-1.053352029146216395e+00 -3.467140389280591872e-01
-6.997904991540759845e-01 -7.997116539403293922e-01
-6.108650182506698556e-01 9.993174175310325369e-01
4.956354554268251333e-01 -1.764643082024661414e-01
-1.888353363396034990e+00 1.326969482114827015e+00
1.624035466449608167e+00 -2.905446352473827973e-02
3.758533592144936986e-01 -1.652091940122349389e-01
1.231189963376335267e-01 7.073755759885584915e-01
4.683264292875686241e-01 3.391131272185933243e-01
-3.803394025269103418e-01 1.269716908886178199e-02
-6.047647841232934862e-01 4.265615910529814148e-01
-5.632501346976923617e-01 9.721713983193495112e-01
5.360791964758898631e-01 3.685643610181392749e-01
-1.354719933855539571e+00 -1.174653736994147657e+00
-9.641090693748814999e-01 9.434415493471148828e-02
2.130276449791289828e+00 -5.096347894689891023e-01
9.967300612673537508e-01 1.649270324280567301e-01
5.056407709725209143e-01 7.200204610712525044e-01
-5.911567190977677910e-01 6.017562108163969636e-01
4.954155299222817166e-01 -7.832301783204552448e-02
-1.741265750135118084e+00 1.402233369187259049e+00
-1.318383575717865519e-01 1.222937852830783045e+00
1.327360947568481331e+00 -2.303912434981579271e-01
5.900190954128846643e-01 -7.745311167828737853e-01
-3.957105754612781912e-01 -1.155720738768705180e+00
1.113764611364009394e+00 9.497722458273881452e-02
-1.081621987573665900e+00 1.350690359942471330e-01
1.739686321730122831e+00 -1.264934841472897809e-01
-4.258901231515261343e-01 -6.677205934020695732e-01
4.093391857506891718e-01 1.764455490586698483e+00
-7.395773858398895229e-01 5.254680384644192515e-01
5.467631820721563507e-01 -3.392482332952472257e-01
