1.074641855954219460e+00 2.617706596269528951e+00
-6.993773510836909235e-01 6.861360953821495912e-01
-2.396509782730026350e-01 1.595392579433458247e+00
-3.945500033749100854e-01 3.148048317463871260e-01
3.255968705509790229e-01 4.247863907995069743e-01
-3.149316478047727297e-01 -7.625754459852980283e-01
-2.062433630597585166e-01 2.152006124155773081e-01
1.793082020330761250e-01 -5.416153049790963792e-01
1.291415921271592993e+00 -1.985175970712798721e+00
-2.397410906265949215e+00 9.418134399592100747e-01
3.750454149746154653e-01 -4.936556884913959053e-01
1.189502008232860897e+00 6.622474260639740207e-01
5.779238907887139787e-01 9.606523708161453234e-02
-1.374452833242213678e+00 4.388166124889222863e-01
6.269521012921948355e-02 -7.445970528891383555e-01
-1.683162922986513266e+00 7.736447624538096424e-01
-1.599931471257100002e+00 -3.100075719408714181e-01
-1.412052881391268611e-01 5.417364147717450562e-01
5.627177456292623559e-01 4.530531496578837913e-01
-4.781413577758045208e-01 2.559706987074171769e-01
-7.971378901774832659e-01 -6.095464724652178701e-01
-2.023336728511763438e-01 -7.587130090960908513e-01
-5.800067368948957913e-01 1.301188909422164863e-01
6.465934413888877463e-01 -1.838952550125933172e+00
1.047666529813293529e-01 1.164625526328786798e+00
1.789597070648325738e+00 1.242083041648779362e+00
7.990268174870038820e-01 -1.080499513821267410e+00
-6.076629806314787219e-01 6.148519408899196792e-01
1.671355448831518264e-01 2.869021848144397424e-01
1.498746185802527275e+00 -1.351532719075972722e+00
-1.849420529255512591e+00 -4.939706655361586485e-01
2.048880828857826852e+00 -8.006878618887916521e-02
2.371606898744657022e-01 -5.166377831186382830e-01
-1.007338915833240645e+00 -2.743479431033222671e+00
-1.237951199623490872e+00 4.070245970985844619e-01
7.767627962569431110e-01 2.603239297961594811e-01
2.210215036327961791e+00 3.484477661988604758e-01
-9.435230786631544353e-01 3.571997518135852645e-01
7.871644609944640214e-01 1.228613066205636484e+00
5.833320537579208542e-01 -7.200045832874996110e-01
1.037704404642203038e+00 -1.614419146541663075e+00
-7.856566711271933956e-01 8.171937858693373302e-01
-3.534432948118009787e-01 6.332034083324111773e-02
-1.985722210888884731e-01 -4.607652617785366611e-01
-1.375716620471677976e+00 3.793613347892522691e-01
2.131331975292277914e+00 -3.987575054227574523e-01
1.407483029044841905e+00 -3.797364997153120370e-01
1.936658804535926759e-01 5.417364300842212321e-01
9.500531168988537445e-01 -1.288045037841175411e+00
2.830772733164686472e-01 -4.975083781844583108e-01
5.538685844249312540e-01 -4.230587792559749594e-01
6.309438063144829911e-01 8.290793485539167673e-02
6.707506221416084102e-01 -1.562170179296458628e+00
6.252385863872040872e-01 4.700797635950869635e-01
-4.208305464932886042e-01 -1.999768355245637730e-01
-3.137517131525351943e-01 -2.854456104159427410e-01
