-1.153808493491383036e+00 6.162042108794111295e-01
2.889281148318105785e-01 -5.193413566589415442e-01
-1.583227017596503805e-01 3.807578079987428143e-01
5.885843126024791275e-03 -1.338537736648133247e-01
-5.075947434752518632e-03 3.673129948259959976e-01
7.322898907427485837e-02 2.829637715483134253e-01
-3.238094801716750459e-01 6.745602680552398311e-01
9.057350701031000595e-01 -4.896975182185469566e-01
-4.513724212130706404e-01 1.678129595218213810e+00
4.928412996581373329e-01 1.231655786234636896e+00
8.512883387891441167e-01 4.195394531691304385e-01
1.057852357653329634e+00 6.873488033732934044e-01
-4.147638108023107284e-01 -6.238588416398639369e-01
6.539772547949770365e-01 1.327053816385529161e-01
-4.396010153785856467e-01 -1.723482073183527433e-02
-5.115272910369157433e-01 1.501767028829079642e+00
-1.883084601794385193e+00 1.754676944221269519e-01
9.989591204018757331e-01 1.214904854166148906e+00
1.018803171686700620e-01 2.757488745961203525e-01
-1.788051219341568965e+00 -1.275083324015068076e+00
2.255686459460533588e-01 4.314549363224278733e-01
1.138316766968869409e+00 2.245155103281199546e-03
-1.147742345157414245e+00 -6.812677292409775598e-01
-9.296804986568509843e-01 6.082762817424007817e-01
4.425438739690781831e-01 4.115461132704890113e-01
-3.319912407031164192e-01 1.533273477390599382e+00
-1.762143387574727216e+00 -2.312844788152712550e-02
1.431193775257727507e-01 1.832702451388506404e+00
-1.945552016695548669e+00 -1.152809525157572290e+00
5.259410786383522662e-01 8.475424146129461045e-01
2.436490093282590863e-01 1.318517785610479942e+00
2.783180852585138143e-01 1.856620364282579594e+00
-4.230051601892659829e-01 -1.450052067906501541e-01
-2.101791069196828232e+00 6.123971708297912819e-01
-8.426422004171679747e-02 6.841710269739138539e-01
2.061797559551410419e-01 1.018305729467694487e+00
4.885703660176630714e-01 1.961535335842345296e+00
-6.984007176691330032e-02 -8.495398017910824051e-02
-9.945336421486358214e-01 -5.444196425318084120e-01
-1.298377632791880121e+00 -7.432263426707437226e-01
4.213629769089782817e-02 -5.543162348856452981e-01
-1.229252992529228150e+00 -2.646552592916931457e-01
-6.747428544387237270e-01 -2.641895012581693125e-01
-7.519485863866669229e-02 1.298635405226143125e-01
-1.285830294757385861e+00 -4.662478124870180207e-01
2.834695369984661650e-01 -8.862597099146016788e-01
7.651702265125995828e-01 2.536625490432373731e-01
5.463221456535074377e-02 2.568009558118187763e-01
-1.652653656443868080e+00 -1.991723238141699381e+00
2.405677236160416455e-01 1.600414792036952916e+00
-2.907485551484825792e-01 -2.136787808716599235e-01
2.178259607549449584e+00 -1.748717618102448634e+00
-1.665774705563066505e+00 4.001786335388391791e+00
6.583400003703816505e-01 -5.323181695043280870e-01
-6.820964424987115970e-01 1.606350571969175967e+00
7.409370079717765289e-01 1.648228094227336626e+00
