4.313726751909562895e-01 3.957661874936576063e-01
-1.019285743089660468e+00 3.471155637791187992e-02
4.224874854489816256e-01 -3.762265594187682027e-01
-1.544006314890358667e+00 -8.339492438058814239e-01
2.386629137095452324e-01 -1.242283980224778039e+00
1.647256042606998205e+00 -3.520855588648697521e-01
-1.120844628713952407e+00 4.886008690088042283e-02
-9.691130138645265291e-01 -7.410116146504216461e-01
-5.039591704604582528e-02 9.606953605627579496e-01
1.452493254632242214e+00 -3.664218943152552921e-01
1.740427915620993637e+00 -5.561635497368915271e-01
-6.437776021719441299e-01 -7.733833894418166155e-01
1.070237707368676627e+00 -5.485796892992788054e-01
-3.234213363191375534e-01 -1.461747621483409310e+00
-1.291417413565639327e+00 9.100219274015362014e-01
7.948047782428205865e-01 -6.789306209407022230e-01
-2.141378310067878044e+00 1.350070142931693251e+00
1.871874007385314620e+00 9.816999433598605496e-01
-8.036670645235933774e-01 2.081300316675265549e-01
-7.191321652743870585e-01 7.952095937575461848e-01
1.647861645577215484e-01 1.743634108279806250e-01
8.268942159750877208e-01 1.477296012579233153e+00
5.423584164008173891e-01 -7.825681637391409540e-01
-9.186066262054644049e-01 3.602472685896652704e-01
1.362938991567583802e+00 1.018898365815797291e+00
8.757618928185675888e-02 6.687175824581943484e-01
1.274285100723101305e+00 -2.323926932163089543e-01
-1.137160286404842457e+00 4.663676156901719327e-01
1.389669371207564452e-01 -9.158165709038458280e-01
-6.314558928698389417e-01 -1.437749217990703210e+00
-5.360316127710402778e-01 1.030884099580954283e+00
-1.626090206675808059e+00 1.011571161185344847e+00
1.304884104697560998e+00 -1.130048943407452766e+00
-5.167148848625736229e-02 -2.539215482353416320e-01
-1.251823894367633416e+00 1.063473268312690179e+00
1.165688148529585577e+00 7.572810171340697838e-02
-7.221961235254489297e-01 1.200970822344286371e-01
-3.226650249839606022e-01 5.119963103669311622e-01
5.070982161686445056e-02 5.479293989144884414e-01
3.918607865228675158e-02 2.762041312365096091e-01
5.159289831621896028e-01 1.144183192481789790e+00
-2.017183713926633093e+00 -1.177090839707221948e+00
-1.060350868438700578e-01 4.910366210277536947e-01
1.664835170761933547e-01 -4.477216565696451323e-01
9.408990797063416789e-01 -1.181738649950279330e+00
7.979019107783635878e-01 -8.594145674298200310e-01
-9.011191885713042138e-02 -1.426695566562174333e+00
2.088322484962475745e+00 1.249464391594478307e+00
2.550853445041715850e-01 -1.373590314212565049e-02
1.018879566232959305e-01 -1.217606518681314309e+00
-7.280618648059824505e-01 -7.280875161166646681e-01
5.168904253597985665e-01 -4.048944492415643692e-01
-5.066518419972292353e-01 6.328907016698311905e-01
-1.369443050217290292e+00 -4.100695170487603791e-01
-7.156073483636753441e-01 -2.742792320135983175e+00
1.102870694804169327e+00 3.221719162027940619e-01
