5.371809355076920256e-02 1.546116591882576441e-01
-1.347107781739572019e+00 -7.008770818144864634e-02
1.023277788521556708e+00 8.652385903502094466e-01
6.852155074159130832e-01 2.275847202148650883e-01
-2.292411407311502614e-01 -3.206090817529787529e-01
-5.887828087484481276e-01 1.236289322547951874e+00
-3.563904384403702164e-01 -9.246577461790809194e-01
-4.710233442805805137e-01 5.612259226071235618e-01
-1.487885492865774317e+00 -9.018114955302989344e-01
1.461824069971140005e+00 4.355759273480755422e-01
2.036658953304682773e-01 3.289828032033791927e-01
-9.295868485221908673e-01 8.369203415102133281e-01
-1.077253346865833405e+00 5.794734035685947804e-01
1.784702280095637361e+00 -1.158183874532928564e-01
2.744811909071561695e-01 -1.139371396787416946e-01
5.536184215799023756e-01 2.687922938963916430e-01
1.819700631852803341e-01 -3.982751746843625762e-01
2.544191870909510156e-01 -3.422465930994485483e-01
3.875522194949469479e-01 -2.894470576103535642e+00
-2.295287797139167196e-01 3.076964781660864734e-01
-1.371526567059663249e+00 -6.145704016731127345e-02
-1.789542305184044224e+00 1.765875340649774861e-01
-5.612949834779220604e-01 -1.806856625794129423e+00
8.914109367524080119e-01 -7.019843400393033228e-01
-8.614373847301645126e-01 2.930258676220376945e-01
-9.939360759525528444e-01 -3.244681832657329065e-03
-1.545820568813610407e+00 -4.370084033869743312e-01
4.194892086442765788e-01 2.273814279405121375e-01
-1.484345708815110632e+00 -1.171061734268088739e-01
-2.699470420333349718e-01 4.009274054556175026e-01
9.867434858149873866e-01 -1.251302463204758686e+00
-6.249543272880349054e-01 -1.475947672211717077e+00
-6.952551031333092935e-01 -1.164789199930801766e+00
-8.849021998625761221e-02 -1.727006485882357639e-02
1.420349214478816569e+00 -5.327628558807436798e-01
1.957479585827164525e+00 -1.479012297967042144e+00
1.621232404323459941e-01 -7.148652588083940218e-01
-1.666424741982275581e-01 -1.759939724214544809e-01
-7.706421662556935948e-01 -7.773297377075457648e-01
4.843320233055951052e-01 -1.894378710145634193e+00
1.491140346622282342e+00 4.383827906435551758e-01
-1.212892587979547354e+00 1.867726504685538025e+00
-9.788437403587204599e-01 -3.145979859791895095e+00
-9.031057829502261991e-02 1.042432030966976342e+00
-1.127582090832675465e+00 -1.812443617791146933e+00
1.074791147503188160e+00 -2.645862081807213717e-01
-2.365906842416488409e+00 6.278583664824602950e-01
-1.125996195322889637e+00 6.914723232370099115e-01
-2.148468032996117549e-01 2.703818009894516927e-01
1.597634587082795710e-01 -1.100300867655647608e+00
-7.340790652357195301e-01 9.305135177377543698e-01
-8.343136478208581508e-01 -3.460643655423153442e-01
-5.756618002348959928e-01 -1.614841150573754214e-01
2.523560808067625283e-01 -5.574234590457081140e-01
-1.730725896356439142e+00 8.969239760573869402e-01
-5.526413439428738694e-02 -2.312336557490071720e-01
