1.009839175012611223e-01 -2.626517376032139750e-01
-5.553351955632981340e-01 1.211136530660120059e+00
-1.011799716192157916e+00 -1.055587544983854764e+00
1.541010841348913751e-01 -1.320356630017245125e+00
3.488885002859765661e-01 -4.959971400790311735e-01
2.792226299576065496e-01 -7.724059409989546543e-01
-2.195285658568590925e-01 1.588686703984682480e-01
1.188955912393593994e+00 -2.331774524692554473e-01
-6.292063365496398664e-01 6.207912229564567230e-01
-9.668908676374976530e-01 -1.396639560294844262e+00
-1.685529170069367089e+00 1.058753507995899179e+00
7.631399260283353581e-01 -3.065886940330572186e-01
6.251816454903396103e-01 -1.798076366959081365e-02
-1.992174108551328260e+00 -1.044958921479306690e+00
-1.475888404784253538e-01 7.597315954532151139e-01
7.576044481510830764e-01 -9.258904990184783079e-01
-5.015725066964730194e-01 7.605097366375778156e-01
-9.047949103687354944e-01 -6.315905382883989505e-01
-8.535549475706660782e-02 9.834308069049731982e-01
1.757984770510768069e+00 -3.646728341497332271e-01
6.992932205842026239e-01 -1.879251865029457180e+00
-5.274281675840915007e-01 4.023185046774553908e-01
-3.904718321264643577e-01 6.775885538168784361e-01
6.830332546730132071e-02 1.141328715140801364e+00
-1.717567334357858189e-01 8.140055928421792153e-01
1.187224294009213699e+00 9.018837186645869419e-01
1.393468022199820799e+00 8.546422825525141764e-01
-5.164895675409828524e-01 1.533239107371808241e-01
7.751390973623809577e-01 1.658501390226974626e-01
3.417163605695069939e-02 6.439356554009451061e-01
8.298426515321418728e-01 3.020606230877985743e-01
-8.907626941251987063e-01 -1.059910343226000640e+00
-3.162301971907398035e-01 -8.802998978194274127e-01
-7.432086261762116397e-01 -9.809556910836343402e-01
1.334833481081830753e+00 3.185822359964322059e-01
7.079588038194535304e-01 -2.993759376284598206e-01
-1.217576428441364600e+00 -1.019429641412568976e+00
3.198906731982650853e-01 1.632919467345024467e+00
-3.782022395464007536e-01 9.519340753994763871e-01
-5.981537210984275710e-01 1.130236321761825202e+00
1.887342623451933932e+00 -1.054380956598825136e+00
-2.433615094816390656e-01 6.943252022522914402e-01
-3.660366518038462025e-01 -1.144770844991700731e-01
1.698607587981300349e-01 1.060932647781955396e+00
-2.685946828721811341e-01 4.609973033178850210e-01
7.036813451813488107e-02 9.709238625711518189e-01
9.089323429441100721e-01 -4.761993374753195618e-01
-4.447477787756509149e-01 -6.604865585978849651e-01
-7.023526591400490737e-01 -8.039734284944788367e-01
1.440850658565135500e+00 -3.129383947154731199e-02
1.623527866507295636e+00 4.192331557113667118e-01
4.818503993311117894e-01 -3.424626371996605800e-01
3.664248606416970477e-01 -2.095680722884190883e-01
-2.350277962387517516e-01 -4.898689866519060909e-01
1.779357441056707845e-01 -6.608379109418082153e-01
9.292477975594947148e-01 -1.659445688312020939e-01
