-6.345188178066268891e-01 -4.614680134689121416e-01
-1.913132460049409289e+00 6.942020937376324197e-01
4.697613804710915608e-01 6.586955394461940783e-01
-1.932629908121674955e-01 8.044827829920422335e-01
-4.040086471293184989e-01 -1.797342449681832210e+00
-1.598357785990419888e+00 4.400573715071817160e-01
2.575823299818707501e-01 -5.175523689754535361e-01
8.176437058927565893e-01 1.877614047331228164e+00
5.857390720745958568e-01 -6.313305996192093428e-01
8.895019619819906076e-01 -4.120911280643698577e-02
2.267538849372337517e-01 7.414051449158016727e-01
1.453694955164277047e+00 -3.785969979577365474e-01
-5.208631139934364329e-01 1.035012914640064396e+00
-9.105307617303163292e-01 -8.852933746787762237e-01
-1.451881260339723811e-01 -7.684796812460227278e-01
8.985001645030915585e-01 -9.626277630713711009e-01
3.135695858925274110e-02 5.810920335441241980e-01
2.268630403286909791e-01 1.545098811186046861e+00
3.816911980415144678e-01 -1.031068114858968876e+00
-2.430136732935779698e+00 2.467023774672092440e+00
-1.083014800914457565e+00 1.329324873182219591e+00
7.881409585150057906e-02 -1.409098709842605990e+00
-7.187143372997345514e-01 -2.909539022766096106e-01
-1.623864801081112696e-01 -5.615568685624158229e-01
1.921314327601281180e+00 1.380744731231238864e+00
1.968994123705818389e+00 1.588238726718025351e+00
-2.627913654476501937e-01 2.242464229993517133e-01
3.288345456347434026e-01 -1.270621516842679988e+00
-1.041513313554378817e+00 8.555273175428462773e-02
9.270093898059690307e-01 -3.301746965806925255e-03
1.053122077220944197e+00 7.690489770014293791e-01
-8.330127076807852804e-01 2.148549093272359656e+00
1.218212981670388606e+00 1.888165580300139590e+00
-2.587200632854015359e-01 -1.023888407284452517e+00
-6.863005991906423464e-01 -1.213835093427838296e-01
9.895717759042472750e-01 5.919130190577620576e-01
1.579457023218157508e+00 -4.100168117617425390e-02
2.321648133977785577e-01 -4.849287394897357495e-01
-1.184883202023449877e+00 6.584465264185115907e-03
1.680937636006023306e+00 -2.058839421588910312e+00
9.221370401828288266e-01 -9.731466399399419931e-01
-5.494968750515601130e-02 1.362780591811164066e-01
5.482305031009838681e-01 9.313198627444901900e-01
3.137579656536508832e-01 1.850292204739842017e+00
1.712263365816296123e-01 1.844730069481049714e-02
-7.300359837056261680e-01 7.319663639205357952e-02
-1.371569561326139608e+00 -7.688324399680014354e-01
-4.624966899831973177e-01 -6.321810428869005793e-01
1.009123336195311582e+00 2.483260789610060026e+00
1.414462738074983017e+00 1.992986976780757036e-01
-1.645599692537903946e+00 -8.326575650937907414e-01
-4.388275037838589854e-01 8.613535501777127568e-01
-1.243157962138260020e+00 4.289604356434039700e-01
9.744094548145005863e-01 4.157319192736433910e-01
-9.196062242225574446e-01 -6.139576177292879050e-02
-4.743133366356859781e-01 -7.904327246668476636e-01
