-6.029524563067684140e-01 8.017700291733457219e-01
1.343717042876293732e-01 4.374006175128588580e-01
7.376251187676224896e-02 -1.929246173384286389e-01
-7.863279825030274894e-01 -3.297463359663500015e-01
3.296241589729189680e+00 6.475081505616927524e-01
-9.707870580007323946e-01 -4.740061255316596611e-01
9.980404743687676383e-01 -8.673324760361325048e-01
-6.220504548371352631e-03 -4.216206159629001804e-01
-2.455356338912583758e-01 -1.033052621183715658e+00
-5.688645712675152177e-01 -2.114979101541973439e+00
-1.813885960075245496e+00 -4.208368138083433685e-01
-7.061134116289861096e-01 -5.246325128298221646e-02
1.038844878810812222e+00 -2.579301887003250804e-01
-1.431355903284624587e+00 -1.030065259846949299e+00
8.148257576178915551e-01 1.770830664626219658e-02
7.979076307982463367e-01 -2.128529644709025240e-02
-4.591095646280760612e-01 3.264942554585639756e-01
2.739671471488319132e-01 -5.644127334582832445e-01
-1.313846215232983505e+00 5.341109581609573276e-01
-7.560907747797906975e-01 -1.133433492135876852e+00
2.882100635253607712e-01 4.479142027595821585e-01
3.311804444626192945e-01 -1.579241129900871565e-01
-5.939314817947356773e-02 -8.964126734923471007e-01
1.035213856153182732e+00 -9.328933468988847011e-01
2.765380116325733439e+00 -6.517032430580452784e-01
1.193011349652657982e+00 1.387914485521083430e+00
-7.218287673155111550e-01 3.329003473696862669e-01
-1.416786293135000874e-01 -1.904214473779099193e-01
1.396371392508915621e+00 7.985618233557196799e-01
1.725140607369646695e+00 -8.361042375414172723e-01
1.529856105617675599e+00 3.455429430407347402e-01
9.364957901842573262e-01 1.010200280886208724e+00
-5.812130292310698637e-02 -2.317091862820621351e-01
3.473259394967143643e-01 3.070346728495480515e-01
-1.230772704161308129e+00 -1.185024465387070736e+00
1.403029575296517173e+00 1.318221952808761310e-01
1.244351942737271788e+00 9.719960211617864054e-01
1.338683351840755931e-01 -1.105276120590335864e+00
-1.189171773151427525e+00 -2.746107979587608106e-01
1.866427958632048245e+00 9.997458521089573891e-01
-1.827354766504599159e-01 1.308480989828148644e+00
1.773625935234660167e+00 -5.685506916197790028e-01
8.137153268457205657e-01 3.341953242366826893e-02
1.861265068799481170e+00 -3.335282098930042460e-02
1.837047107280646463e+00 3.577651009876934296e-01
1.481106348118606642e+00 -5.729064743696695716e-01
-6.396860880272707828e-01 1.316581681366014500e+00
-4.435531807278930705e-01 -8.714223138318206718e-01
-1.097219237017642124e+00 -6.822891568704234633e-01
1.105098997963436386e-02 -3.974192488410293600e-01
9.968293814720764479e-01 -1.351200377440051836e+00
5.438020383027233340e-01 -1.850017273541314511e+00
5.864464513606572060e-01 9.783438477039313463e-01
-2.179663287751891776e-01 8.128176114641125771e-01
1.022373337755391048e-01 -3.103880364492691002e-01
7.439398622058460697e-01 9.916273831175421716e-01
