1.563916476174744163e+00 -3.899698446015086306e-01
-2.338497584309549016e-01 2.826578025539124295e-01
-1.659035299108384265e-01 -1.444211419279397834e-01
4.993202763446457082e-01 -1.759943316325228435e-01
8.909634441443103903e-01 7.288034609611708792e-01
-2.652566943650332479e-02 -1.094925469005157276e-01
6.042111166389130261e-01 1.336637279859672400e+00
8.250182112520338951e-01 -4.178601695138052241e-01
1.966524128132322247e+00 1.744599855744010108e+00
-1.556957569412100728e-01 7.429231261732535674e-02
1.759348834746122386e-02 -8.091955853832232259e-01
1.644300777128368196e+00 1.298888619334370276e+00
1.410764284080163300e+00 -3.245626289985913820e-02
-6.045363878656149215e-01 -6.067159338021209658e-01
-8.916804256940480400e-01 1.742396966836899042e+00
8.358069555552204155e-02 -8.570641452345437727e-01
8.237944871105066236e-01 -6.177419679908220385e-01
-1.315410214215085860e-01 -2.212223683687517983e+00
-4.088518123677433169e-01 -9.814378080808288107e-01
3.758043917956885860e-01 3.257514408374911241e+00
6.251068416518559268e-01 -6.391230548864344774e-02
-7.483496158632019224e-01 -5.936827480131412482e-01
3.748260351028241399e-01 -4.016138532697239860e-01
2.550244043854558162e-01 -8.231668448527416082e-01
1.101281081220568225e+00 -3.011735352407312050e-01
-8.827819926370176207e-01 -3.874370026907451026e-01
-6.895218562305280852e-01 -1.050384809344303338e+00
1.078186282690662690e-01 4.094332100020201537e-01
-1.383258030043343467e+00 -1.224166513756174579e+00
-8.147558499984502989e-01 2.345873410248371926e-01
-3.932489454400989737e-01 2.595952508169621087e-01
-1.880321055715989509e+00 1.538898889558578453e+00
-9.425656470050752800e-01 1.485519722491470462e+00
-4.639067975888008788e-01 -9.432360950898812657e-01
-1.182694795962555556e+00 8.008654402639655556e-01
9.622391392847964853e-02 1.023805860759466890e+00
-4.943582736383163312e-02 -4.275171404656615270e-01
-6.696478620343148114e-01 9.418823595857342967e-01
4.713131530780587664e-01 -6.663484032030653204e-01
2.720603270103527649e-01 -2.239639727956410087e-01
-4.574561132621355330e-01 -1.372278987305620146e-01
-2.649474097812258289e-01 -3.811420461916226188e-02
-1.775549344991432799e-01 1.594759914532001277e+00
2.958025425979605716e-01 1.149519722310939018e+00
3.318266228807079110e-01 1.910041485603895195e+00
-1.592332101609334583e+00 1.468006709697873557e-01
-4.034069282022453851e-01 2.477536369652892922e-01
-3.851604823920268816e-01 1.130421506860813885e+00
2.209971403544562563e+00 -2.219157717423057563e-01
5.340003987590433709e-01 6.558958249034844146e-01
-5.801670254932504989e-01 9.308111167311394762e-01
-6.869653556670429762e-01 -1.028238194794074412e+00
3.976730574581562316e-01 2.065454157472343399e-01
1.506193786087202113e+00 -7.412370794408071895e-01
1.247559826157242702e+00 -4.626714874310773329e-01
-1.730120703822555367e-02 6.319706930222831476e-01
