-2.519866215107821050e-01 7.508592082303189308e-01
-1.006772597420427795e+00 -9.190951022289686190e-01
8.138002005851162624e-01 -1.228835684259618199e+00
-2.857537426487165022e-01 1.229110573963915626e-01
8.823489293175065251e-01 -8.378313056296660122e-01
1.020123969948354192e+00 9.482930688986687118e-01
1.370673355826822259e+00 -1.418119708158525727e+00
6.861554029162899582e-01 -5.681383063566146641e-01
4.409557577988642563e-01 -6.360424785579245066e-01
1.069539642224927867e-01 3.282160148308335135e-01
-1.145561606690909340e+00 -1.225925841319209786e+00
-1.084888226738520700e+00 5.721847056271228693e-01
-4.597415316123383833e-01 3.324388834540173421e-02
9.582354939850740161e-01 4.325562068084234379e-01
4.126329421242852513e-01 1.677552135267005085e+00
-4.873382254104237643e-01 2.848346939315819504e-01
-7.676265650045986932e-01 1.111865215447572552e+00
-1.819719085996927554e-01 2.308798734964466082e+00
-5.947044187646400859e-01 1.230981866423427107e+00
2.233279913831891950e+00 1.634088384427982543e+00
6.432889293895139859e-01 1.267213106112589527e+00
6.108899603997737238e-01 -1.509200745314190351e-01
-1.055588951227905303e+00 -8.483086468585731010e-01
-1.212251304093593385e+00 -8.498278045769348532e-01
-8.298493123783236003e-01 1.047542404331959665e+00
5.437766189585827581e-01 -1.490187513720209411e+00
-1.204629282558773218e+00 1.676052998053194631e+00
-2.063135926953837629e+00 2.688964630582618143e-01
-1.330483279421556808e-01 5.072547432120073641e-01
1.527908723745272090e-01 -9.932857896025212296e-01
-5.010771411370488204e-01 -1.155608236654883658e+00
4.988327814965298201e-01 -1.301584619784696528e+00
-1.057941137781331475e+00 7.991209622364570109e-01
-4.616109200384334033e-01 -1.964000821115585271e+00
1.187362874466220575e+00 -2.158144499933245974e+00
-4.022482904664370640e-01 -1.847213133733621504e+00
6.586903879443404275e-01 -1.979523519211079163e+00
1.382499227340312498e+00 -3.506668297957126201e-01
7.079777760657043340e-01 1.248995427179293571e+00
2.002133024993950627e-01 1.458756556275598637e+00
-1.384503228691876808e+00 -4.244021086903826956e-01
-3.740984684127722226e-01 4.341184816492772020e-02
-1.102793119177505110e+00 -4.730555002293755362e-01
-3.429029674901053482e-01 -8.254576192394676992e-01
-1.811658617972768670e-01 -6.970271584396039444e-01
3.311554371749329817e-02 7.782842903648736765e-01
-2.511569268792535059e+00 6.839403014426558292e-01
-6.548492323214274435e-01 7.038403799077004308e-01
4.765950913938767908e-01 1.445027012321696835e+00
1.323019784164755963e+00 -5.527399782519143434e-01
-5.727651459973548409e-01 4.038814053846518370e-01
-1.476651216646006348e-01 -1.124329545699269906e+00
-5.216156454440633583e-01 1.015329846491891175e+00
-2.641843742107059106e-02 1.856499458692013327e-01
-5.693834978552678866e-02 -1.529732580194715030e+00
-1.948876972055574031e-01 -5.836321147726976077e-01
