-1.318109518466684893e+00 -8.133428905758561811e-01
-1.752164714915651900e-01 5.615775829611568959e-01
5.910569473913730443e-01 -1.298998977497823892e-01
-1.128963601669560335e-01 2.837891297236209281e-02
-1.610507254066346206e-01 -1.194595357933025292e+00
-5.043342795317552474e-01 -3.255619871094263956e-02
3.708921963360190532e-01 -3.827166217102370149e-01
2.662416189543679312e+00 3.116262862383093468e-01
3.491049139590472056e-02 5.118442258411562973e-01
-2.804083685362430689e-01 6.546965924420117267e-01
2.348026648386901116e-01 -1.477451750351980453e-01
8.939582712263167696e-01 -1.441525889623379575e+00
1.116220430779873762e+00 1.868093932048385808e+00
-1.016166329539970548e+00 4.230665569823990335e-01
-2.415676223495356600e-01 2.227171338298788772e+00
8.689335515147819100e-01 -6.778434544542489837e-01
-6.095362422522844215e-01 -2.431166137887753875e-01
1.196174795735977403e+00 -1.225404729846961915e+00
7.854499084755423022e-01 -4.268342815595137507e-01
-5.116766763998917833e-01 -1.777659767506781785e+00
-2.935696946078766856e-01 1.499353492973514446e-01
-1.972791676600827104e+00 4.428133033280895470e-01
6.616919382305007646e-01 -1.162475557402584903e+00
7.674454512912856075e-01 -6.372447459607202269e-01
-1.441843222230607402e-01 -1.023120570035479071e+00
-1.061991047469278637e+00 -8.101345712762901830e-01
-1.284320015810532567e+00 -3.616910372413372765e-01
6.262871164027249415e-01 -5.412048040581750596e-01
2.681661944075070525e-01 3.013810974547277977e-01
-1.772093842149656151e+00 1.051894450473558118e+00
8.848470284662665825e-04 -2.013267640911477141e+00
1.562274018592195723e+00 2.696054167889661013e-01
1.005832014709935107e+00 7.590689886550212595e-01
1.364091971153099214e+00 6.277717884923410541e-01
1.264799068863300846e+00 3.541478476030111011e-01
-6.343940448377184405e-01 1.429451637674048259e+00
-6.237334752007177296e-02 8.966909242404135227e-01
2.610609712344234661e-03 -1.265661477064497387e+00
2.005456503274622548e+00 1.729116989068969934e+00
-4.604996001469796041e-01 2.321292372051654951e+00
-3.134258611799285443e-01 -5.095438721606988519e-01
-4.723191267485381674e-04 -5.905562905327723655e-01
-1.348474924567929278e+00 -2.693826744459758560e-01
-4.281488965108492528e-01 1.543667308538534400e+00
-1.970896452686034805e-01 -1.329315336177292195e-01
3.043794378910470444e-01 -7.985760346178740754e-01
-1.411431801678096898e-01 7.746726934669236064e-02
9.984313671994212713e-01 1.273553059601278681e-01
1.584463083978945752e+00 1.008215633780468412e+00
9.907074410931498987e-01 1.188040742896024460e+00
-1.104056210016764739e-01 6.148008150324761889e-01
-9.391909322158014106e-01 -1.282300952161808061e+00
-8.084711288888447589e-01 1.419625543969863068e+00
5.553824580644898257e-01 1.721983120175067716e+00
2.007237260362740583e-01 8.237390930598275096e-01
7.800455390457589067e-01 7.275661493897422893e-01
