4.339869614057291214e-01 -1.253106706500911827e+00
-1.191033301955607193e+00 6.350647396231265396e-02
5.107211862479464903e-01 1.182980653740520888e-01
-1.006128799499714788e+00 -3.086793566444275272e-01
8.182691325706095142e-01 -1.770127914869722874e+00
7.680077061874532873e-01 -9.664647623035075297e-01
8.036290646698074358e-01 -6.927089367685957955e-01
-1.045841481583064558e+00 2.377822359431526422e+00
2.705909411642285489e-01 7.508261758009093789e-01
-2.146179707781626367e-01 -1.561479399611761520e+00
9.339079908254841467e-01 -1.133673939141660814e+00
-1.678389641156361023e+00 -9.995725770991011894e-01
9.481549477734153575e-01 4.821626687313108617e-01
-3.324730745225137341e-01 -1.189705351063452099e+00
-5.759160202785541527e-01 2.430956612243334869e-01
-1.570507614018536557e+00 7.800425321403053891e-01
7.980785330362011321e-02 9.059961117829858773e-03
1.645260363693457739e+00 -1.589719945999556572e+00
7.260183620859298470e-01 1.512384792229867436e+00
7.032658682748536005e-01 -5.222948513159956230e-01
-1.068823720217374929e+00 1.239605321788747716e+00
-1.178239348613457471e+00 -6.497437216083825628e-01
-4.168868251252285106e-01 5.645929077629670001e-01
5.937445218669962221e-01 2.833182463684847940e-01
-3.550681673696809981e-01 1.943042439802091570e+00
-1.844332470367242849e-01 -8.024115320483632408e-01
-1.915072942955134416e-01 -8.497502504802665335e-01
-2.983281798802698281e-01 1.252405453569051252e-01
5.690645243935801290e-01 3.823698906180661439e-01
-1.209086136066416461e+00 -1.974101165040857420e-01
3.086957948699720511e+00 -9.921096489457781331e-01
2.245324433413538490e+00 1.651387812910347197e+00
6.909486094702150805e-01 -3.137724951920742300e-01
-2.419522631511622723e+00 1.497922206669477285e+00
3.975809577138499917e-01 -4.939472337389750334e-01
1.782206991199944968e-01 -1.092390874222987973e+00
1.310660248102111680e+00 4.193462769603311102e-01
6.437881911771287102e-01 1.247568177137434065e+00
1.434509582382559878e-01 -1.456529076405075784e+00
2.517372276347813465e-01 9.565954114837991185e-01
1.556698085219930583e+00 1.006789128049940141e+00
-5.429366722628782282e-01 -1.251645209895054345e+00
1.645368918568539396e+00 -1.468581258178970339e+00
3.600814384872941809e-01 6.683717930536231533e-01
-1.166773991493463836e+00 -1.274371608193612504e+00
1.263019218672283062e+00 2.077612163924944078e+00
-1.228292340099658375e+00 -3.781544654530903937e-01
-4.993073206405387876e-01 1.272321373790067101e-01
-1.283036466186117996e+00 -2.216981506796491808e-01
4.616860894109349744e-01 3.573692431551203641e-01
-9.388657299722257266e-01 -1.424088109905602639e+00
-1.911024911222208633e+00 2.445471246641708785e+00
9.500113920497441633e-01 2.890644298191680783e-01
1.500039014372821500e-01 -1.553150801875110121e+00
-9.612953784329119067e-01 2.375763792268233421e-01
-1.325737830591117827e+00 1.325654101242950356e+00
