3.822830484733230061e-01 -1.058943142318131692e-01
-4.551659759218474322e-01 1.763274461883335809e+00
8.838671891805542913e-01 2.037364850472898892e-01
2.187154151211393449e-01 5.341221147122285906e-01
-1.361800448173109690e-01 1.405092095362544979e+00
2.419994518918358317e-01 -7.728528101899365677e-01
6.586367053521477999e-01 -1.402647459515558026e+00
1.806126757255598569e+00 -3.726852373290522324e-01
-1.263473608993186614e+00 -2.738744781448806620e+00
-1.121522947673303294e+00 -8.153630682999778445e-01
7.595326099966628330e-01 5.097208197995212881e-02
-2.171001445004479627e-02 -2.422642745078884274e-01
5.253266316701842298e-01 -2.776025408748560297e-01
-2.837914628918903892e-01 -1.628805862940319316e-01
-2.377523786563591757e-01 -6.167698995143267027e-01
-5.736887158432821820e-01 2.069623075853743721e-01
3.524538146859029220e-01 -5.951969840486326380e-02
-1.011141034487966772e+00 -4.476919392016283639e-01
7.827459956057061241e-01 -9.841751747914082582e-01
4.385310526546644105e-01 -4.307110311347174259e-01
6.216751562975284529e-01 -2.068590028217971721e-01
-4.105722141605762099e-01 3.687957323071300308e-02
-6.059586062628370684e-02 1.266991185347324245e-01
-2.658435622242650176e+00 -1.632456591153908398e+00
1.477366578671656550e+00 -2.068249343316949318e+00
-1.385691042706318710e+00 -1.544879129552363617e+00
2.149208052050033957e-01 -1.498087342464337723e+00
-4.038448786999643825e-01 1.626991006561499642e+00
-2.594376127289397260e+00 8.121695518022867821e-01
-5.152799477594584010e-01 -1.355251801781371501e+00
3.201393144539553814e-01 -2.142498509897081821e-02
8.474870860593273214e-01 -5.501958880275954061e-02
-6.534753749443940052e-01 1.378499188046150348e+00
3.740120184996439390e-01 9.653419607401068081e-01
-9.551211392855597504e-01 -1.541865446549342877e+00
-7.123124652506538368e-01 8.428106343409914603e-01
2.288104110497482857e+00 7.094000328619126661e-01
-3.023600468630870952e-01 -9.644731789412896994e-02
-2.692151149627778350e-01 -1.144076499420280557e+00
6.536741921671525013e-01 -3.815058721423285615e-01
-1.515224156699182201e+00 1.274138745018418062e+00
1.737159736881801919e+00 1.162448689510470895e-01
-8.914951598300518976e-01 -7.953905192755696962e-01
1.488284925639844269e+00 1.458414314814054480e+00
7.746996622717374770e-01 -8.500131456196784452e-01
-9.987224204393031768e-02 -3.642119526069162450e-01
7.856121804262811148e-02 -1.742446242886967589e+00
5.349068680695264755e-01 1.103962165391871197e+00
4.854026805720759730e-02 -5.246276971987693383e-01
6.352970474176075077e-01 3.305426609973667329e-01
8.314349732734046539e-01 1.546024729228618888e+00
1.449263010086667913e+00 -1.979409799199816078e+00
-1.584639602830425043e+00 3.550140204523731802e-01
-9.598607956713205505e-03 -3.601856445392275785e-01
-3.376502026405091561e-01 2.024481588794759812e+00
1.119373363756828610e+00 1.901584546969986134e+00
