-9.316226004401633176e-01 -7.816236955692026367e-01
-9.948608662369849975e-01 3.413842307912039464e-01
1.695413333647777798e-01 1.508650360316111105e-01
-8.387411255634003027e-01 4.089311559815005936e-01
1.249201383183231151e+00 1.242261913715126953e+00
-4.041244547396261599e-01 -3.070316811073843799e-01
1.470773356673918952e+00 4.642556659458770829e-01
7.802002408592231264e-01 2.304977103459867616e-01
7.276254788477427571e-01 5.100110238707677990e-01
2.192971601498150847e+00 2.697096954657474122e-01
-8.102970593734269977e-01 -1.674729457112839326e-01
1.213306906867696044e+00 8.522123357551365797e-02
1.516729561194680720e+00 -4.048002899395439225e-01
-2.335877875523828973e+00 -8.851681739291814566e-01
-3.507395951613961893e-01 4.810974278116453978e-02
-7.460297182901100277e-02 -9.619325797385491761e-01
-2.085011288414603259e-01 6.598290347876206718e-01
-3.216241632105958370e-01 1.757732683365130111e+00
4.699144240061540745e-01 4.491165442558581883e-03
1.278278162999936796e-01 -7.544224179279123144e-01
5.026156897533923251e-01 -8.594693075407304761e-01
-1.694922248777217311e+00 -1.178837170906527954e+00
-1.709726237710757157e+00 8.285928157777516789e-01
1.090492931810922217e+00 2.252513972771305606e-01
1.521843258940881238e+00 2.747328523900192110e-01
-3.321533493067216902e-01 1.781064471662812676e-01
6.787419465157179532e-01 -4.841000936757079431e-01
7.138810006506483008e-01 -5.425990121072263653e-03
-4.676622477474617345e-01 -1.411854790076165544e+00
-3.333608761253736286e-01 1.202178817786362153e+00
1.673724411828671765e-01 -1.646989795942189305e+00
1.155428448120773499e+00 1.097841720861169046e+00
-9.132522977523837016e-01 1.109408560804468147e+00
-8.607905034782213916e-01 1.217288838697320408e+00
-1.431304997784243138e+00 2.923297314054824070e-01
5.870287263033067277e-02 -2.924087022850601070e-01
-5.929798198539146803e-01 1.280366390031433266e-01
4.932970520924056523e-01 4.171923443230606821e-01
1.018349773079649356e+00 9.076631679703169864e-01
-8.490338714364867867e-01 -7.989863603770916978e-01
2.708789610955442684e-01 4.155187971383201423e-02
-1.099345145747747443e+00 -1.098531305557201021e+00
1.028192752008923350e+00 -5.100983309558704271e-01
4.233347106402603477e-01 -2.922527004630390834e-01
-1.140622368502723250e+00 -4.639997733315831541e-02
-5.857243621833841951e-01 -4.578366552089229713e-01
1.034899167644238505e+00 -1.906074029639325484e+00
-6.830276778809433180e-01 -4.039637444463298199e-01
-1.905041052922463729e-01 1.282048540449245433e+00
1.357545440288735028e+00 -1.675260002461578690e+00
1.006626554997207545e+00 -1.703939166647034265e+00
1.813593124204565810e-01 1.359882811094619948e+00
4.129242705625090215e-01 1.488967685659345896e+00
5.879601865058683430e-01 -6.511398753959606323e-01
4.023627701446603339e-02 -9.758041130938288621e-01
6.559816375180763104e-02 1.683470850567897248e+00
