-1.947691877236137570e+00 -3.032678567964789962e-01
6.981313303394428571e-01 -6.613191403660592105e-01
1.277917628211270584e-01 4.935665736613864540e-01
-1.437619890862840588e+00 8.741429183967949212e-01
-7.732426501057751977e-01 -4.917561965627454956e-01
-1.285551767400670231e+00 9.763492298603982170e-03
-6.046616596187874837e-01 6.322941363259053649e-01
5.177224501289823255e-01 7.627223535280227562e-01
1.017597145975363215e+00 -8.295251280091467949e-01
-1.023569985420551332e+00 1.806453263304334256e-01
-7.231037365271665296e-01 3.220098871395619677e-01
-9.081160202985257834e-01 -6.790625695684924246e-01
1.652037436418292982e-01 -4.573066835432256227e-01
-3.272415818031300661e-01 4.751039624321715116e-01
-1.166013618505993554e-01 -2.630549308685563137e+00
-6.124977332603759317e-01 -1.129615399452608804e+00
-2.004187172911793269e+00 3.931994895983155769e-01
-7.929901024973149415e-01 7.103489691267494965e-01
5.160293135557281197e-01 4.409920914499337874e-01
1.235274970391111449e+00 1.428223696231279705e-01
-3.886743187683986966e-01 1.985429255919213931e+00
-7.131118475555902059e-01 8.851791846560872479e-01
-8.871962812301795731e-01 -1.328301274272309929e+00
5.806821753660021956e-01 3.656091130283732893e-01
7.009308974358601230e-01 1.768549180786373465e-01
-4.686323183997893049e-01 -9.551132531737488440e-02
6.059523858584390243e-01 9.180226373375296456e-01
-1.018893536088775059e-01 1.569797700714669730e+00
-2.254720767283423744e+00 3.158838873429338778e-01
-6.099291883644907264e-01 -6.577664616211406079e-01
-3.251069423860051405e-02 -1.427309645415183015e+00
-1.484213560437797952e+00 -1.481522849426403443e+00
1.018740935510341838e+00 -1.253767008356919455e+00
6.496743817351915973e-02 -8.408188799244037392e-01
-7.059447535971262733e-01 3.435998991634455629e-02
1.498359835404697415e+00 -6.280054788831986902e-03
1.918936952971027343e-01 9.924875345814200278e-01
8.635831822447828099e-01 5.893832487269438092e-01
1.487469564959679857e+00 6.083593888665691507e-01
-1.015284894228557944e+00 -3.984462328000383247e-01
2.819848168175451697e-01 -1.806501606289351525e+00
-1.291677372480472819e-01 -5.758679617814320695e-01
1.532031876503158419e+00 7.787112228356739552e-01
-1.484594326174778711e+00 6.349114189641631434e-01
5.003007661695852565e-02 -1.020792460688081160e+00
-1.300741511123648220e+00 -2.053022173774686765e-01
-5.782201888554734381e-01 -5.158015193769465156e-01
-2.629559863122861607e+00 1.342278757711026449e+00
-4.412312848898881645e-01 -1.296618349877997955e+00
1.334076891387557529e-01 2.184733055435464644e-01
7.312692211843885293e-01 1.052420256298377405e-01
-7.133760588889522802e-01 -1.156074352921041104e+00
1.175790485755586534e+00 -1.949133770251365361e+00
-3.873927855368864415e-01 2.584633175834368246e-01
-8.349610856495205402e-01 -2.847143286331675904e-01
-2.158104070630575855e+00 9.244992612344197225e-01
