1.068461901774787393e+00 1.630630207168290990e+00
5.829025111445622631e-01 1.185671644359241883e-01
-1.581369695335965941e+00 -3.747241682083277681e-01
6.559270402106369413e-02 5.800516468424111727e-01
1.776513254049957580e-01 8.163476505526444660e-01
-2.359689919344621842e-02 -8.742011114343096745e-01
-8.693666249025565618e-01 -8.117837317151656018e-01
-2.736969356011967336e-01 -5.599672737495634545e-01
4.723355019429393287e-01 6.641505529945993525e-01
6.663194500859172253e-02 -2.216147102484641529e+00
-1.799334017173989553e+00 -1.235359037577706154e+00
7.018302745172273482e-01 6.404599841165709018e-01
-6.195821249787363261e-01 1.060472723547770446e+00
2.455547589246534837e-02 -7.275750889531139576e-01
-1.442599051782644803e-01 -1.377719051399591277e-01
1.598351386393001006e+00 2.118147633932910417e-02
7.935318111007003683e-01 2.605974419101221226e-02
-4.880069158391186490e-01 4.747224543251153395e-01
3.212990791648794309e-01 -2.128335287035211520e-01
-8.481276576366610920e-01 -8.949032428795017369e-01
-1.402112476538111885e+00 6.519697045854558892e-01
1.320848257050918351e+00 -1.582667794261328531e+00
7.117137106801667557e-01 -5.318247430298102263e-02
-2.934712681193390460e-01 1.730794881850352240e+00
4.328226577716375312e-01 -1.122798306946497293e+00
1.164474435966266069e-01 -1.033760053176138616e+00
1.084704727750787301e+00 -6.199237309413273556e-01
4.040874589616074708e-01 2.486490256334527249e+00
1.865210136739767210e-01 1.157850963262737842e+00
-5.301891043347694010e-01 -4.696695603411334408e-01
6.079038207336923127e-01 -6.794605141321179431e-01
1.101291313995062859e+00 -9.184656687930078389e-01
-1.274219273385238882e+00 -1.366040531142087788e+00
1.628534736870058008e+00 -2.962311934471257291e-01
-8.118098807063069966e-01 7.472886264725213668e-01
-9.627442386795910245e-01 -1.272391639679510300e+00
-5.736893563091747250e-01 2.688236309929042722e+00
3.883852304859721771e-01 -7.690726459637216017e-01
1.419537235240127204e+00 -9.390303174861093505e-02
1.593121178039324626e+00 -1.910551455891367767e-01
1.114150409009081910e+00 4.664118237119661003e-01
-1.098296779937942391e+00 7.658419907203962984e-02
-1.296352031037860453e+00 1.593240353423189815e-01
-2.162060982474561577e+00 3.003475610262537621e-01
-7.859184897004389825e-01 1.851678729557333924e-01
-1.717581809296727879e+00 8.616480369421537777e-02
3.062143519914712453e+00 -1.937144256975654288e+00
-1.454858221870510171e+00 1.104476122353602041e-01
9.546508773077546639e-01 1.944407055106902371e+00
-1.015779145163659969e+00 -6.189198441178448418e-01
4.283693159496908542e-01 1.339771504252674106e+00
-3.791409925569476647e-01 1.108504986717633978e+00
7.066547724066439828e-01 -3.905189353135290337e-02
-6.551298714402088441e-01 -4.912429214931139376e-01
1.194476767284314178e+00 -7.908253589641025538e-01
-1.563514914661460475e-01 1.585692553635177138e+00
