-1.230759732486043978e+00 5.673297160200138078e-01
-8.027815114046467082e-01 8.506452319914842297e-02
1.141254344410655319e+00 1.749041950396609257e+00
4.867413079093802497e-01 -2.014037363990775820e+00
-9.954119864640073034e-01 1.433422550421733721e+00
2.150674596930204352e+00 6.412932642186350840e-01
-8.897342789427638010e-01 6.101914577564672149e-01
5.611910034218373644e-01 -1.622553696491788322e-01
-3.984853410107433991e-01 2.914971651271106579e-01
-7.251673251198750836e-02 -1.277198799288022657e-01
-5.669463988851929093e-02 1.682526749443545855e+00
1.513512871571135454e-01 -6.883692511869026198e-01
2.965518818511584942e-01 9.564198020542811207e-01
-2.934954764989874954e-01 -9.520370312484024988e-02
-1.591042855457598826e+00 8.469655254095973529e-01
1.344904713620066194e-01 6.703108274831345303e-01
1.050866583192862969e+00 2.108122859489248491e+00
1.922661883305184366e-02 -9.536276835182180139e-03
2.293395286336654681e+00 -1.112228409611865976e+00
-4.092952356175098005e-01 -3.333206819096077300e-01
4.327450568059122427e-01 7.625484001906578380e-01
1.246215483073089159e+00 -1.366525914669386221e+00
-8.147614002617535878e-01 -9.929763663085940939e-01
-4.666460999225722217e-01 1.676736132175017657e-01
-1.144540759187292894e-01 -1.902017698875266394e+00
-9.272014084349445850e-01 1.654994873697991642e-01
-1.126183427424078676e-01 3.360368480036989292e-01
7.355490343703395550e-02 -1.632988899357331380e+00
5.616460293349656574e-02 -2.184562929036643730e+00
1.948372358333531063e+00 1.092844233059492076e+00
5.032627790310165855e-02 8.087048609199157800e-01
4.626782473389128292e-01 -4.906968051425809052e-01
-1.504428936029717778e-01 -6.571824101751478908e-01
-4.721610475466280210e-01 -7.855723215551496663e-02
1.078297355764350707e+00 -4.444090403129350580e-02
5.274301553040589008e-01 6.728038026560388962e-01
5.865996215208536535e-01 -8.548544533021864567e-01
-1.116700220773921420e-01 8.090791724840813437e-01
7.548692764190435556e-01 2.079792758650230056e+00
-1.084738101589280967e+00 -4.542343142513050047e-01
9.311591601631520332e-01 -2.428416290130940292e-01
2.517010065506329219e+00 -4.566833563603464041e-01
-2.338850254808749529e+00 -5.477829383392908147e-01
3.694755653722746613e-01 -1.043953409941890786e+00
5.543713301386575809e-01 1.645196041450830426e+00
2.151239929865474965e-01 -1.867335623081847418e+00
-5.219377578934855100e-01 2.412661372042552987e-01
-2.355572291269437679e-01 -1.449749585337967606e+00
-1.315386313762810122e+00 -7.264200296078325847e-01
1.091007653806489897e+00 9.806039472102181520e-01
-7.106964315313821778e-01 -1.711633190690793116e+00
2.612432695237294489e-01 2.058497751143410159e+00
-1.153258724993324380e+00 9.482813829221493213e-03
-4.569560071993137434e-02 4.336241759810967045e-01
-6.263947548332694515e-01 -7.793921033507292817e-01
-1.105780368635452149e+00 -1.647945192860507779e+00
