5.917554294470234177e-01 1.005329435871057830e+00
1.776112803245078475e-01 2.760461906832469836e-01
-7.476027237378274348e-01 -1.431116998713070743e+00
5.430645324538239116e-01 -3.836148368488800919e-01
-7.817971463026499590e-01 1.360940751584895247e+00
-3.613538880563765820e-01 -1.428622028740332395e+00
-4.846146647105162852e-01 8.697542141555901773e-01
1.257343305094392294e+00 2.862380739633811899e-01
-6.546308895444923337e-01 -5.642632884722011827e-02
1.006497644084404897e+00 -7.651839067041031617e-02
9.119188263763544633e-01 -1.281798854182956804e+00
1.313303225836351729e+00 2.566331776973906215e-02
-1.644761319682106704e+00 -1.435682456556054643e+00
-3.854497888977881925e-01 3.506144249626208520e-01
-7.180468461551566817e-01 -1.463767065628142697e-02
-1.045543190664641076e+00 8.296453224697719619e-01
1.121255840379337787e+00 1.607932357511010213e-01
-1.373016731680968272e+00 1.424067244246018049e+00
1.278167390534589609e+00 -2.613084465676607793e-01
2.831945847714220643e-01 8.679448569636131205e-01
8.428617111401371931e-01 1.375999094713976634e+00
-4.213405442600824391e-01 -1.350212431032114635e+00
1.883207452247887270e-01 -1.232207986776238329e+00
2.120186088242385358e-01 -4.322755847454212152e-01
-7.147436477172413039e-01 -1.678951132323330597e+00
-1.133078111078794414e+00 -1.855050593786203850e-01
-8.978480949827969404e-01 2.101341556468068195e+00
-3.765656430420419309e-01 -5.280970782694028864e-01
-3.502342630342086816e-01 1.602691079943354413e-01
-2.171850685184437246e+00 -9.821833184605167633e-01
-2.090093358341734708e-01 1.185402244180773002e+00
1.703195247740376006e+00 -1.684441746249207617e+00
-7.648663010526560724e-01 -1.268046505505139934e-02
-1.147231410439361277e+00 -1.226049994106483298e+00
1.154457905527305872e+00 -6.378693309284731994e-01
-3.277888998419598021e-01 1.448869520807305689e+00
2.981418776377758872e-01 1.677961082484362931e+00
7.948828540270812260e-02 -5.487399837135540498e-02
8.666927780793964864e-01 1.399838296638917234e-01
-3.298478469210240682e+00 -2.406525119511654154e+00
-8.192010504808885374e-01 2.675969405157425651e-01
9.758574448137913304e-01 -4.623453216804645494e-01
4.222192937852644601e-01 7.065039171860932887e-01
5.097028906340798082e-01 1.563634276439596071e+00
8.911474903114294799e-01 -2.421790383842664873e+00
1.754867347218516671e-01 -9.233346466008873765e-02
-7.081379186611844734e-01 -8.071756612493673211e-02
9.230671983149075777e-01 -4.149370739857790591e-01
-3.553003337116759641e-01 8.464939210253040747e-01
-1.608164900867782299e-01 8.346602747513554021e-01
-3.788789067114350928e-01 2.355942712087991664e-01
1.483593843665210077e+00 4.235611044558394434e-01
3.290763718886293709e-01 -1.054977264178276641e+00
6.663434517011685987e-01 -3.320791551619176052e-02
-9.322966188355433781e-01 -4.211447901766829927e-01
1.010159889994030502e+00 -5.175655289573881657e-01
