-4.973274258282812110e-01 -1.210796171015283251e+00
-2.321857403335229053e-01 -1.083355453729013762e+00
-3.584853027437805983e-01 4.491082146495949945e-01
-6.144169682808801047e-01 -7.395250418652653257e-02
6.000382442991043785e-02 3.180006696806016997e-01
-4.493181973497170079e-01 8.450456295240791338e-01
-2.746109619704916738e-01 5.586897537018009618e-01
-8.246608162241942930e-01 4.133386456503698736e-01
1.176461018081057963e+00 2.253790779847718584e-01
-2.119881181884441246e-01 -2.601706885385875467e-01
2.142763130241351011e+00 3.971171607870841447e-01
-1.109658974077052607e+00 -5.481781743081713953e-01
1.247416976551973811e+00 -1.041276968901781785e+00
5.880532203072896119e-02 -3.515901057556571896e-01
2.396954776495654194e-01 -4.645123801787214846e-01
5.043569551098215920e-01 -6.694934725869117198e-01
-3.575472581350862544e-01 7.457531934024882458e-01
2.596663947303560427e+00 -3.964121082953477870e-01
-3.410894172813545844e-02 3.597770814572113784e-01
-2.533489983461147815e-02 -9.385484642713741721e-01
-4.735001002214896393e-01 1.432512523222243761e+00
-1.014163451488782064e+00 -5.220807963263142393e-02
2.400013302259288717e-01 -1.719643636084880800e+00
2.267680166621136584e-01 6.889727984195389565e-01
2.321923938419752365e-01 -1.790151535338750100e-01
-4.410884207498661641e-02 7.372427831575379953e-01
1.074591293512399570e+00 1.035919447854254827e+00
8.226317987517272057e-01 8.705009946121647912e-01
-7.580566717519849895e-01 -4.701126656978891760e-01
-1.063955559764371700e-01 -4.175499263970174346e-01
3.296291641635947789e-01 2.556267038559892679e+00
-2.341946228374477967e-01 -6.494368556471155629e-02
5.750789578827553150e-01 3.936060398019928797e-01
-1.566702183708755358e+00 4.981543495706042268e-02
2.525368608794468228e-01 -1.174803036565316428e-01
-1.712132727379239494e+00 -7.234455389969411954e-01
-9.275924896657029572e-01 6.949619960924495743e-01
8.257275369746051030e-01 6.179476750043541022e-01
-6.624838149010244329e-03 3.348273251365320724e-01
6.307222684902961118e-01 -4.871597155490755005e-01
-5.259547565314263151e-01 1.440393623740373885e-01
3.046216441333085001e-01 3.075063231918851447e-01
6.035715211582566297e-01 1.402877953660758958e+00
6.623912327163121727e-01 6.615662578146027650e-01
-3.869336300497674963e-02 6.399071433127787589e-01
7.377235459449782429e-01 4.564401240206571453e-01
3.048335338794692494e-03 -4.238146409587303931e-02
1.825263336237887168e+00 3.567486595475131139e-01
-1.874184689963769079e+00 8.780228878404281456e-01
2.186611793631211276e-01 -1.069006437381637031e+00
-5.456643446843367773e-01 2.999413594117751325e-01
-4.412348679680662134e-01 1.910625286645944998e-01
-9.370286555387054017e-01 1.396641779632222358e+00
9.539761203113316101e-01 -1.814226187118771705e+00
1.132218284508363704e+00 -1.542050128075108217e+00
-1.608597567994465849e-01 -6.926244931556312379e-01
