-9.254225942438772945e-01 -1.782325803828771482e+00
-1.703315177832283034e+00 -1.051872906625127002e-01
1.527894903982695285e-01 1.321913143900083965e+00
4.472790750645675439e-01 -1.850618013246936755e+00
8.409026349609717566e-02 2.028757274356286500e-01
-1.441913207582095069e+00 1.725568970314838690e+00
-9.382765327161798896e-02 1.326416638384361857e+00
5.241348770780130534e-02 8.972444009257803943e-01
-1.425918374579370873e+00 1.633689222285834131e+00
-4.400178524681513936e-02 -1.406042533832408403e-01
5.785536413224845464e-01 -1.752824036921742490e+00
-1.225044471402529478e+00 -4.670756518537024227e-01
-7.835753229514543783e-01 -4.239124948049915464e-01
-6.643880592814744857e-01 1.721504570946483792e+00
1.439345495488708604e+00 -1.030213260581613222e+00
4.636312576485582260e-01 -1.507010258049357398e+00
-2.783215385677439424e-01 9.276214935474891288e-02
1.562337875533647558e-01 -8.347184608619929724e-01
2.040922740944452751e-01 -2.473318352710289325e+00
-1.830287737381421087e-02 -1.819211141140557375e+00
-1.312032756008488121e+00 2.122982102205049681e+00
1.662295168872050199e+00 -9.419268590749402259e-02
1.129340859014226650e+00 4.655549047738931634e-01
1.108211177522874680e+00 -2.185662464992841891e-01
1.593402531827657009e+00 1.243629995175270064e+00
-9.112364123243624769e-01 -5.271681438602393577e-01
-9.004068512113163614e-01 -1.547331403502329727e-01
-4.907505240795494439e-01 -1.582896188282908012e+00
-1.789734858567555431e+00 9.543557425630041502e-01
-2.828890202482082783e-01 -8.791926994523633354e-01
-9.751930648974526106e-01 1.193476000367611922e+00
-5.816227654787518020e-01 -1.127099500820509803e+00
-1.097838078128785977e+00 -5.465586275916145542e-01
-6.319666547251688860e-01 3.456054957428761898e-01
-7.949071170362032035e-02 -1.654540767860863126e-01
8.630538993485729060e-01 1.528085784803616676e+00
2.093798392318010126e+00 2.633547390985723879e+00
-1.135374016693872390e+00 2.928553648786953456e+00
1.463738731573084595e-01 5.818107734574311241e-02
-5.850093358476572414e-01 2.063008534802077965e-01
1.646354178648358868e+00 -5.369001275140710128e-01
-3.760743953577425636e-01 2.365872531383524713e+00
1.372083408111871128e+00 -6.005450272112431431e-01
1.660301494259770250e+00 -3.678637537903704791e-02
-1.253924540653791331e+00 9.557545676707612792e-01
1.750159293604409028e+00 6.219650223156919511e-01
-3.529759497515385092e-01 2.408792127714546316e-01
1.347268446842695200e+00 1.473571435774269356e-01
-1.155961739563855062e+00 -1.173908858705189351e+00
-3.009995502696805048e-01 -3.053742658212557082e-01
3.702202379667482446e-01 6.475087797463937589e-01
9.181693918886755235e-01 5.791423351227890093e-01
-1.275033605492559508e+00 -1.359162615720800105e+00
7.358485237953371616e-01 2.153260551475072726e-01
1.051640028650149494e+00 -9.610146105626211910e-02
4.794044670167369460e-01 2.947706529151276067e-01
