2.410513950893607982e-01 1.065216654373402738e+00
1.859035014335054248e+00 1.059586827234649364e+00
9.193282669545868035e-01 2.280572543250531659e-01
2.239655446604872147e+00 -2.006449223606852073e-01
-3.153460381003181934e-01 -1.500888797198368652e-01
2.498281886184273937e+00 2.292508930217063590e+00
4.370956552708404330e-01 4.223308822332001999e-01
6.860718821876021778e-02 1.040341736860962207e+00
3.071849419280558990e-01 -5.270635303268095262e-01
1.964303893060966866e+00 -3.936721384997642348e-01
2.655722973735583192e+00 -3.440059838961312400e-01
-6.036256523866089241e-01 8.706557544169007956e-01
4.515794592961949738e-01 8.649479283129309914e-01
2.976743420376338767e-01 -1.219954170055149945e+00
-5.318322927662114674e-01 4.003098415846415709e-02
1.455467531957783667e-01 -5.983692726725627908e-01
2.076718615271497814e+00 -1.520155787982170104e+00
1.473199265884223896e+00 -3.391232672106200829e-01
-1.288069025592067929e+00 -5.072232600617539999e-01
3.122814739825289232e-01 -3.329758434206290807e-01
7.454510087140341357e-01 7.775453722626838315e-01
-1.805042613175114496e+00 2.142831450340576260e-01
1.771432751428674360e-02 5.149807522382433556e-01
8.949216283892816870e-01 7.729038810853009478e-01
4.040635901208469161e-01 2.050571891391531065e-01
1.620518742468972206e+00 -1.054484061908905757e+00
-1.112771881863067469e-01 5.515171779893526249e-01
-6.957049365556424725e-01 -4.638251147382185247e-01
-1.459939893166083857e+00 -1.011473808095758153e+00
2.485655750459074387e+00 -2.117179884802029122e+00
-1.435810306678829765e-02 9.013095972611077089e-01
1.755961464315405562e+00 -9.024599157521566717e-01
6.839317769606247932e-01 -4.686290506121547073e-01
-2.029488899738338237e+00 9.609728870605602769e-01
7.199438536640829778e-01 -1.245991303416617901e+00
-1.130526135949246669e+00 -1.859553429897272014e+00
-7.144002688940751522e-01 3.012435898382620492e-01
1.469641587112320735e+00 -4.450182108699363148e-01
-6.152532536681166730e-01 -1.504817698409202986e+00
1.985820949806190450e-01 -1.035827189308136109e+00
-5.529164490850896341e-01 6.026880940901861994e-01
-5.505962409787549250e-01 -8.665118337765087553e-01
-3.117663640429086946e-01 7.512025805338835571e-01
-9.880107335262726664e-01 -4.573011790098894802e-01
-4.488553961204279630e-01 1.542017835301788542e-01
3.072442314602452651e-01 1.533190362125946171e+00
7.134550513145681006e-01 1.205549888433428363e+00
7.829559766130255172e-01 1.699535916575555916e+00
-4.775415175431358961e-01 1.498290009281281865e+00
1.026456369001426117e+00 -1.741620903059963421e+00
2.237112425878219346e-01 -6.730039130814177151e-01
-9.894724383042134974e-01 6.022162289604984231e-01
-6.706973630100732109e-01 -6.913443711600846253e-01
5.862793205677905434e-02 4.147496376803662677e-01
1.000161322613555059e+00 2.106942305124923642e+00
-1.379007337178836279e+00 1.878025419043243716e+00
