4.006176084099032364e-01 -1.538567289123833060e-01
1.672818179491862844e+00 -5.704395841478939744e-01
-1.562808902111726683e-01 -1.448253604695967978e+00
2.026289931530467214e+00 -1.566151707556691086e+00
3.721997601786325438e-01 -8.328208559441068193e-01
3.178594291217674561e-01 6.677644414499250836e-01
-1.189427095391776712e+00 -3.559929953839651717e-01
4.325500799467303370e-01 9.750545881389901526e-01
5.328786292212259745e-01 -8.102121679412065403e-01
-4.117139566572902004e-02 -8.916669478063108389e-01
-3.160698270027415546e-01 4.167461244723905667e-01
5.717863725245695417e-01 -8.774855082193424582e-01
-1.981464069568604991e+00 -6.742755448898942738e-01
-7.496081609088223185e-01 3.387848009052397275e-02
1.062955759556490909e+00 -5.256445811363994469e-01
7.091073283070493671e-01 -4.161545419007552093e-02
9.213053177391210546e-01 -8.134971972044672262e-01
8.361393171716190453e-01 -1.923533300212447950e+00
-4.312010341875339714e-01 -3.018100549589219361e-01
1.239036674306431607e+00 5.813951614581727156e-01
-1.653690451779787907e-01 -1.224075200527150908e+00
1.066114917977630944e-01 -1.134026802529435107e+00
-9.513432855419031720e-01 1.001754254611459061e+00
-1.858921501893384676e+00 -2.670606586649816316e-01
2.155673374424434685e-01 1.157179575619846856e+00
-5.343046853368067506e-01 1.114489879794199112e+00
-1.237128473210995949e+00 1.535794450303835657e-01
-1.005032451913699942e+00 -1.379667626643046041e-01
-9.271203715483346264e-02 1.453390034014650833e+00
1.058442337393267207e+00 -5.595917409721236357e-02
-2.532475823195890485e-01 -3.353379824523065600e-01
1.901892127923086706e+00 1.143167061927739425e+00
1.574829582942627315e-01 -1.080317275824897338e+00
-6.043631582795756518e-01 -1.503203175385498191e+00
6.153074402429794532e-01 8.997895386303043086e-01
1.341011428895995117e+00 5.807647984302347632e-01
-1.356092798580274650e+00 -1.520921461558125909e+00
-1.176701315667443071e+00 1.693801539681972335e+00
1.195340464292171223e+00 -1.348390813347075889e+00
3.821886870191153196e-02 -6.244663766717943876e-01
-8.552005917439775562e-01 -4.183710208499721306e-01
-1.999102142670780458e+00 -1.343196673737789282e-01
-3.954114793614778023e-01 9.236512596282763221e-01
-6.401507087681338470e-01 1.665270347463201350e-01
-9.055236089511075059e-01 -1.861828748820710533e-01
-3.550268935936873871e-01 -8.262506174677172188e-01
-6.380007070302249339e-01 -5.648834667650275421e-01
-4.853075795272687176e-01 1.496450567012596600e-01
2.257299574505284401e+00 -5.920422077017996054e-01
-1.539713770172282059e+00 2.994354642668251021e-01
4.249079023597694960e-01 2.147432308582636562e+00
1.014235197087370866e+00 3.372431115707250626e+00
6.720650278941429911e-02 1.009022652839539180e+00
8.833779920132153185e-01 1.099753689195925643e+00
-1.235526423369215809e+00 1.759660529128683981e+00
-8.913054663973828395e-01 1.100454068678102582e+00
