-1.622537351492340518e-01 -1.234494277324188705e+00
-4.270100863148202364e-01 6.821923814334786007e-01
8.959649591487321985e-01 -7.617976830962348567e-01
1.223103994601950628e+00 -8.281748610806163313e-01
-8.197549373157898556e-01 -2.972727462628931283e-01
-8.274565670951501417e-01 4.054127619400360594e-01
2.254371219359925238e-01 -1.352669759051131182e+00
-5.685743032330943247e-01 8.488023865234675114e-01
-1.961830219112711049e+00 -9.756004706122594072e-01
2.210255850428269053e-01 9.521182116818702190e-02
8.982228020278237857e-02 5.970638009117515965e-01
-1.409126100060618669e-01 -1.453961802195533837e+00
-3.448152925314629802e-01 -1.172722553880328089e+00
7.913191500972480696e-01 4.818128950519786069e-01
-1.144704539704739066e+00 1.914355948997988222e+00
8.474013299567693114e-01 4.410582939793941670e-01
-1.184823112222787467e+00 9.150369839778890180e-01
8.088648081040334947e-01 7.016393019701873124e-01
1.528191647251118779e+00 -8.768462481090430471e-02
1.020695310799772049e+00 -5.581361859312561347e-01
-7.951652295403802695e-01 3.350782596869799068e-01
-1.417273503582028304e+00 -1.746232874162253923e+00
-1.936352012604160011e+00 4.674887406338072982e-01
-5.514367190776974237e-01 6.637540972239648340e-01
-1.068194078914606493e+00 -1.747239638083158519e+00
4.961421973087646320e-01 -5.888873310128299975e-03
-1.480237768287594680e+00 -8.269419812818811222e-01
-1.105514849600275212e-01 -2.050434695602810997e+00
-4.494225601650864710e-01 1.284993234226409209e+00
-9.311947814229490361e-02 -3.657675562102651878e-01
2.894992468732718316e-01 -3.925259843788528880e-01
-1.443417198650624123e+00 8.215793852676873676e-01
6.290254724295901712e-01 8.384721370487424608e-01
-8.898522711040316446e-01 -1.594826162035829054e+00
-7.173657481788739410e-02 9.471800137280396159e-01
1.782366954393834468e-01 1.281625305568493634e+00
-1.295866948614515568e+00 -2.329399115360487327e-01
-3.129796351378741903e-01 -2.964121584501285822e-01
-8.919886416257200024e-01 -3.933362579700246942e-01
4.400215383567203653e-01 -3.657581466568027850e-01
-1.146634950176035561e+00 5.484025008813263602e-01
1.076355367836727694e+00 -3.139362920880066077e-01
3.144949163122270797e+00 -1.276958336321544485e-01
-8.145043101422038134e-01 -1.480747670804377858e+00
-6.169074885993762747e-01 5.482089338089639607e-01
5.586149504377085906e-01 -2.350783965175261780e+00
-8.595725806039694605e-01 1.744748264350260092e+00
3.761984808953087178e-01 -8.391652979210516561e-01
-7.683460127049408506e-01 -1.805469827350736578e+00
1.465646847005285691e+00 3.571360483986359413e-01
-2.117787917062866843e+00 -1.264171466464932392e+00
5.366405426863416483e-01 -1.249398017841655717e+00
-3.777469071770171438e-01 -9.744586085382476170e-01
1.683316654772081700e+00 -8.014160184456706193e-02
-3.145389681313825458e-01 -1.171976151330547528e-01
-1.674829151355036849e+00 1.551642825887390886e+00
