7.289361227938101484e-01 5.806828273370406857e-01
8.080404716888589522e-01 -2.046934436636635102e+00
7.069971166080826208e-01 2.195582363968039408e-01
-1.185770033858999595e+00 -8.854890048907120281e-01
1.202636422054595533e+00 5.551673695765423355e-01
2.401178012669289707e-01 8.370202045207041364e-01
-3.499819624427553122e-01 2.458614231358062785e+00
-2.988009612018489025e-01 6.059883368237088952e-01
8.506165116135621096e-01 -2.506271293369984332e-01
-6.589620840965252357e-01 -1.076757160029961469e+00
1.076934109744641210e+00 3.378640523997511469e-01
-4.681297598230678703e-01 -9.266591403855979348e-01
-5.898100209473639000e-01 6.097955245406407876e-01
-7.222544228473302130e-01 -3.071192563913667795e-01
-1.741118734397909318e+00 3.271662316819321514e-01
-3.989545539635975246e-01 -1.854929767263462148e+00
-7.755119812960534764e-01 2.128105862338044718e-01
5.091839186673168260e-01 1.260965115762320954e+00
-6.355095859873428621e-01 1.287584817752063515e-01
-6.563265409102063686e-01 2.008254296291990482e+00
1.075106086028339680e+00 7.731762672435982253e-01
1.242349295589455505e+00 -4.165208167550913526e-02
-1.376830790144902616e+00 -8.034615994336574696e-01
-2.484405769971635980e-01 1.957114999990231308e+00
3.659654420840605660e-01 1.064128809721476498e+00
-6.900122496215894963e-02 -1.449705362826048338e+00
-4.994945030733232150e-01 -1.926520041431689645e+00
7.148575895062012076e-02 -3.952679122560311953e-01
-1.728649727985675510e-01 -1.879634685994296728e+00
-1.122917626473315167e+00 -1.785327670237029096e+00
-6.001557902274053946e-01 2.344237056320087331e-01
-1.155829188367146210e-01 -4.548815901156780805e-01
8.413715707262647836e-02 1.040966749117597123e+00
1.347019135807751455e+00 7.497582704955626509e-01
-4.021111066155113600e-01 -8.278979347942416744e-01
1.167558676693058128e+00 5.549325577427290795e-02
2.601993986180797802e-01 -1.996829719159119720e-01
5.714523071065111814e-01 7.081550256836912638e-01
-1.575240566112503515e+00 -3.912716275255775922e-01
-1.247002189003928452e+00 -1.128237477708906727e-01
-2.031175252268388742e-01 -1.025228562908371499e+00
-2.610075003477577704e-01 -1.263744085500518421e+00
4.222587741768437097e-01 9.736981637064086037e-01
1.241946942636832807e+00 1.847377657477293544e+00
5.915615169347658853e-01 8.858939845873872176e-01
1.173150749627759781e+00 -2.578915812574098076e+00
7.399457050734373764e-01 -5.674716848433419836e-01
1.091944336631201606e+00 1.096686351420478989e+00
-1.668736615224571673e-01 8.387065372022335652e-02
1.018292954977622289e+00 5.022256332487466494e-03
-5.907213589433611967e-01 -7.143578415137101789e-01
1.000999619976866040e+00 -9.953560598178914365e-01
1.088418291826327655e+00 -2.452685581277838089e-01
2.633399998167337483e-02 -1.649623226665488884e+00
-3.814617644018721832e-01 -6.365423840170534309e-01
-8.071611754520138238e-01 2.724345220974232484e-01
