1.425042795716736865e+00 2.010183137011977816e+00
-1.214131227771912735e+00 4.523479489291433731e-01
5.591560524708246716e-01 4.264429522496001601e-01
9.199853390128556185e-01 -1.670909310754606081e-01
1.020093503341215735e+00 3.401652090175686927e-01
2.125549681472204550e-02 -8.921342677715117242e-01
-1.049382135564530943e-01 6.536166558313806219e-01
8.740339874914446749e-01 1.073458641874514452e+00
-3.301683813215211538e-01 9.814458588571924880e-01
1.054435949648304005e+00 8.919840538355745529e-01
-5.609110353924297021e-01 4.115972960426387828e-01
-6.888161689891113548e-01 7.655213148346798890e-01
-1.157099816675794868e+00 -8.186563265712830662e-01
6.011506218053861428e-01 6.893140642871092849e-01
6.366336786470052633e-01 -1.557501116993589951e+00
-1.923253075702585857e+00 4.766151953063981206e-01
-9.534780727143769008e-01 -3.782320237415147668e-01
2.699985771917125521e-01 6.367134683936319650e-01
-8.643099290736107332e-02 -4.205806619139482727e-01
-1.024690786296895695e+00 -1.239895192272190139e+00
-1.966304266164004222e+00 7.132612480836477697e-01
1.306912255845403825e+00 1.258830449951358066e-01
-7.149561943351802062e-01 3.952963561624577848e-01
-3.396393309370617786e-01 1.150619237965881503e+00
-2.409477262097279304e+00 5.885931367644398060e-01
2.392754761857208035e+00 -4.100278906890625907e-01
1.449112616580838231e-01 5.630460680702670251e-01
1.283745519053821171e+00 3.344863671310703279e-01
-3.370830979968896662e-02 1.262607017402260778e+00
5.018293142342080682e-01 -1.303405838221826096e+00
-7.862172636487503308e-01 1.375885194986572913e+00
1.205235363710688845e-01 -2.517681377331485226e+00
-1.219482953741953590e+00 -2.532340391007808708e-02
5.511060321672223150e-01 -8.119022999248166617e-01
3.298720979524550484e-02 -3.866888043585734458e-01
3.484171991793814094e-01 2.467185007759659321e+00
9.543716045000465442e-01 -6.515580672559259101e-01
-2.152247348838823626e+00 1.215009718506054659e+00
-7.100888233481152945e-01 8.078207799409788947e-01
4.549615761632925248e-01 3.964111480630841955e-01
9.528867340360483440e-02 -2.947298861662637354e-02
-1.710562955495203152e-01 6.032165735742108792e-01
-7.660620469530903254e-01 9.417837137903987133e-01
1.274646818685313931e+00 2.053643127113318645e+00
4.873822908690181865e-01 -2.385549693539663063e-01
-1.020052542643641980e+00 -5.514933422910196503e-01
-1.116977728192027480e-01 7.958158197588229843e-01
1.064918842519743114e+00 -4.464860365286797972e-01
-4.797540358708131392e-02 9.220602151624003318e-01
1.109494868209358387e+00 6.537546672122250199e-03
-6.635470610547654635e-01 2.444679314296093198e-01
9.222326955427315731e-01 4.637059266181392525e-01
9.977312047397408623e-01 -2.497905206560639968e-01
8.833372277491572389e-01 -1.669902132346733348e-01
-1.455370197249063469e-01 -4.939292755753372233e-01
2.450499373140211518e-02 9.922596249168111893e-01
