-8.638273438355098532e-01 6.822237509409670997e-01
-2.048460727960806693e+00 6.901481518326948450e-01
9.656283374677833153e-01 -6.262413030710778372e-01
1.118973021484553465e+00 1.961306951144370092e-01
4.772384948394924747e-02 -9.476583406695090472e-01
-1.394806470825287470e-01 1.663393592784760511e+00
-1.751644083415024866e+00 8.332732558104373188e-01
1.136287462915143820e+00 1.294924031397882480e+00
8.828888037680143741e-01 1.847807697005883876e+00
5.654598632582020779e-01 -1.829175890982559505e+00
1.775114711405245904e+00 -1.011632861584313980e+00
-9.347355706584344059e-02 1.222786745530682062e-01
-2.011210880247801924e+00 -6.911573288519345937e-02
6.066403118700163244e-01 1.114622111410521921e+00
-2.170134526083829785e-01 1.832851565016028195e-01
1.793493041217379291e+00 2.415351693604115002e-01
5.612519150388064482e-01 -3.048128606410415165e-01
8.197311485265924569e-01 1.437889342927054503e-01
4.463764738871190962e-01 1.510081975183094061e+00
1.313825696393983389e+00 -1.016925842744138553e+00
3.945336626550449699e-01 -2.256037179114606772e+00
-6.777788470915948604e-01 1.193691240843856027e+00
1.571397351739601822e+00 -8.842432161265809665e-01
9.682805694931035934e-01 1.462026596225098674e+00
1.668606231304395449e+00 -2.947647438409379261e-01
8.652226811383528782e-01 7.915818548341813088e-01
1.169569799707845248e-01 1.498699546869193044e+00
-5.926672707982214572e-01 -8.849355286082202232e-01
-1.781414197761994334e-01 1.118759561566088134e+00
-8.942379042728252347e-01 2.490634967675396272e+00
-4.698884945191882379e-01 -9.942336266662592237e-02
1.419366697504841568e+00 2.128665501166714380e-01
-3.264934700426589953e-01 7.060221046676162793e-01
4.573039471319220034e-02 1.479246735841072580e+00
1.316211045737913476e+00 -1.483640057803140566e-01
-2.559529986416225977e+00 3.935304881529569920e-01
1.621707413725592017e+00 1.031223470171795942e+00
5.306798282472928729e-01 -8.359110514964903649e-01
1.519846881561688789e+00 -8.657419367945191624e-01
-2.686906120217991689e-01 -1.072478824051965041e-01
-1.450346065460386358e+00 1.358049146635897486e+00
3.136912242991810373e+00 -5.955116770230091394e-02
-1.695193281606588220e+00 -2.985409594943874700e-01
-2.750223551425306501e-01 1.894910770696499158e+00
-6.740852526669925959e-01 -2.995540800027524098e-02
-8.614344745903944611e-01 7.118100629752589503e-01
-2.105717566139673480e-01 2.738013243082375037e-01
-1.342816978482470336e-01 -2.016897150588582210e+00
2.506239677167813040e-01 -2.653487769912540095e+00
5.669394356411643354e-01 4.273642033459658651e-01
-1.378161430121229492e+00 -2.555691077095778585e-01
-3.012551608677433990e-01 -1.121977185144769074e+00
-1.305538912679535590e+00 1.664036938111522979e+00
-1.117559120694933572e+00 -4.080195780768616221e-01
-7.854683151318491152e-01 1.843046287874777089e+00
7.787311761974299307e-01 2.424846460916265517e-02
