1.279655485964543038e+00 1.699101394325701397e+00
9.144897009327924708e-01 1.540880684713573645e+00
-5.267023371971015777e-01 -1.196516072847800594e+00
9.380873302308432304e-01 2.583476930500315794e-01
-1.241595056252357138e-01 4.961709784254258321e-02
-1.187717476545685047e+00 -3.466469249690308230e-01
3.908332401773602083e-01 5.450238026671571090e-01
4.866032265454834360e-01 -3.316646011399631000e-01
1.496268071116732434e+00 5.466994768496296064e-01
1.770377823546408214e-01 1.564355162168834523e-02
-7.772358027462470398e-01 -9.978096813281331912e-01
-1.399180893771051037e+00 -1.253405890842256287e-01
-1.171384717352911498e+00 4.243590621873221669e-01
-2.046291711081603681e-01 -1.008337578092766362e+00
-9.340158668038008039e-03 -4.505818799060074542e-01
6.072722511579548010e-01 7.686365759020689081e-01
4.209357755537620482e-01 3.547383511896416985e-01
4.990501086761202632e-01 6.953936720893212353e-01
1.276811684539988834e+00 3.419923956513163388e-01
-6.001643309864738152e-01 3.918198394056215950e-02
1.123309744608905314e+00 9.698434087308327456e-02
6.917264326639448457e-01 -1.495513343509955018e+00
1.771878007251669052e-01 -6.225799533689253540e-01
6.974832544407549850e-01 1.228505912429575853e+00
1.272705243876043335e+00 1.310861104455723902e+00
-4.123256539778906715e-01 -4.572086392831096746e-01
-7.802522312670823190e-01 6.918942897021955751e-01
1.450687879394187696e-01 1.238649596336775655e-01
-4.040168996782132760e-03 -9.570070221660612053e-02
-6.692925720623839336e-02 5.310890392278921901e-01
-1.069076676459335129e-01 9.066978822083038292e-01
-1.669453206202208717e+00 -6.672362828583828787e-01
1.786082445583056844e+00 -2.237449572708837486e+00
6.922640253907752506e-01 8.197229494029470986e-01
5.906191640977255242e-01 -8.017295303957765185e-02
1.363533960417980806e+00 5.091082304790568447e-01
-4.317442468251252996e-01 2.374836802928261270e-01
-2.540109821884832808e+00 -7.032037802562708384e-01
-9.076835317747968812e-01 6.879407503198579077e-01
-1.222388859602939304e+00 -6.426274724198753896e-01
-1.728585995080986315e+00 -1.341052282960759345e-01
-1.325568771210803520e+00 8.269416319377198565e-01
7.356323763977159480e-01 -3.234099198265014685e-01
-8.003802728887553508e-01 -6.553367388344319977e-01
3.603991826687908545e-02 -1.296935198452033644e+00
-1.053754434379468030e+00 1.696938467599305111e+00
-1.146426560340851664e+00 -7.454754197426534112e-01
9.439835404667297203e-01 -1.945294148539499446e+00
1.458202151643100408e-01 1.975400821513874750e+00
4.910908347231441873e-01 2.142145207205828628e-01
-5.811156048137391394e-01 -2.222349004872846145e-01
1.034731627883873850e+00 1.106457112976121371e+00
8.873715587248834913e-01 9.341660991234804756e-01
1.319960307509218334e+00 -4.511603346858651664e-02
-1.095683500796392096e+00 -6.079662685598977712e-01
1.534767176852177339e+00 7.769280339591413398e-01
