-6.767057725317290329e-01 7.191765336850962365e-02
3.379575431850601053e-01 -1.060257929895107365e+00
2.065623697638858225e+00 -1.011848864558053229e+00
4.121239610376140616e-01 -2.548437164742983763e-01
8.097641554210590620e-01 1.643567294718722760e+00
-6.281418454380802707e-01 -1.943687847846250927e+00
5.036093930016130593e-02 1.628807026214219023e-01
1.104954343738694833e+00 -4.519786329230019578e-02
-5.074240852159912080e-02 9.477583917660892254e-02
8.889010755446499212e-01 -1.449377177367623615e+00
-2.093481169122981989e+00 2.578429019933698552e+00
1.926507450679196543e-01 -5.635433268442169297e-01
3.025127681288108494e+00 -4.131723374753523692e-01
-6.484048566497058186e-01 -3.980412170037374020e-01
5.348479550874245259e-02 -4.772773402908313534e-01
1.719658694601515769e-01 -4.091136300265120207e-01
2.763762442363818517e-01 -1.437528563141109439e+00
-1.514214214627884081e+00 7.736164331957313955e-02
-3.173463832296335996e-01 4.913469399568118345e-01
2.087428766862001461e-01 7.692047792104095283e-01
5.369041834911773142e-02 5.489219633189678094e-01
1.068661319500377571e+00 1.483415640469730734e-01
-1.044127384726138752e+00 -2.023104607409867306e+00
3.788822314775974198e-01 2.059443944615324817e-01
1.714725945420971787e+00 9.014889563139959483e-01
2.232048333636235116e-01 2.929919887703221759e-01
-1.982769704461986970e+00 -5.580606270219913290e-01
1.626134150916378196e-01 -8.013290517036208982e-01
1.535368499621186100e-01 1.734608920922399822e+00
2.754188534079917913e-02 -1.372492871896436872e+00
2.146242704179111005e-01 9.352797595491851856e-01
1.816967786815779196e+00 -1.177466103066314052e+00
-1.149134963744208981e+00 -3.942617085381569519e-01
-8.469384156921309914e-02 -1.011222428086538727e+00
-1.072248250367497713e+00 -1.880989219716815708e-01
6.584674411638425928e-01 1.773144220576520769e-01
-5.349451251386607709e-01 2.371010351430656304e-01
3.902003781633308632e-01 8.722679391419210226e-01
1.222823127180346914e+00 -4.962779593989519733e-01
1.197355286212400838e+00 1.125887515369501379e+00
9.194817501720617958e-01 7.267803957772642764e-01
-9.759410930173616217e-02 6.260976727395022312e-01
-1.611416411504099422e+00 -2.751600132594733683e-01
-4.954218048215077719e-01 -9.732082262610938228e-01
-2.091407456859722291e+00 2.543114230896897254e+00
-9.057935154615305573e-02 -1.009054455120271809e+00
9.132317850539863890e-01 -4.300878151111460768e-01
5.857484873912636170e-01 -5.019642017977185011e-01
-4.245593234261518245e-01 -8.439434502382987535e-01
4.806595996992009678e-01 -2.109516249946955802e-01
-3.410177559622376564e-01 1.215023387804595068e+00
1.677992282826527681e+00 -3.666910390052691149e-01
-4.541536044403523403e-02 -1.832098962890624794e+00
-2.177602660681791313e+00 -7.225203671339490430e-02
7.138520290149003023e-01 6.509133421571161593e-01
-2.974882056975196032e-01 -2.257580641604346461e+00
