-1.306794786909105666e+00 9.014675132338352270e-01
-1.603367745871080718e-01 -1.488883026948637722e+00
6.638807058675382233e-01 8.917365244699843041e-01
-2.547699090184947224e-01 1.239471034437449881e-01
1.064471021953862506e-01 -1.043765666097244305e+00
1.086113611850884342e-01 -9.271541741144828652e-01
-1.189202238481334550e+00 -1.952933233492811782e-01
7.260552696231692416e-01 -1.523430507959188551e+00
7.575426988274859275e-01 1.641784697747163124e-01
-2.595830869092583537e-01 -3.354282723418083312e-01
-1.473683016320905370e+00 6.436204409177457286e-01
-7.225570796157809728e-01 3.344993631859818906e-02
-4.881204727906758856e-01 1.399905784543065579e+00
-8.745542132840194993e-02 -5.849763073541354441e-02
-5.741307537020433616e-01 3.180382074911987100e-01
1.917623476578075969e+00 -4.534893209882466247e-01
-5.134523191266031628e-01 8.603761587047507875e-02
-1.942149307455763863e-01 9.732071525696600611e-01
-6.853100842295631878e-01 5.594093782396178938e-01
-9.699826193365278515e-01 5.720188545419209181e-01
-6.619022573727862957e-01 -1.841159492631017358e-01
1.559876836364825659e+00 1.599614739107956263e+00
-1.293800643865819611e+00 -7.029724184877766957e-01
4.535004571376169413e-01 -7.340423575997668815e-01
2.864122748968001009e-01 7.623998851023329471e-02
6.568052433743264418e-01 2.387330624978517335e+00
1.190618888240652984e+00 1.657075678563408205e+00
9.677220359697467078e-01 -4.519892532589552259e-01
-5.662409538962791949e-02 1.432774071824965523e+00
5.089021699233160501e-01 -1.364852630317205051e+00
1.063525333732904740e-02 5.240772578608350329e-01
1.526111723384672159e+00 1.002738807537349786e+00
1.484366290666127020e-01 5.054624502664439856e-01
1.476967839773854818e+00 1.656164864001289372e+00
-1.051384004979600384e+00 2.734843418160691098e+00
-1.130804216220551606e+00 -1.111276040537014564e+00
-4.604914957827940802e-01 -6.337379871731542158e-01
-1.364291457850399292e+00 3.511834113859018669e-01
-2.111707922266959248e+00 1.599928838468962500e+00
-1.321994495141280535e+00 -4.888661143056174385e-01
-1.598445906306087405e+00 -1.152531928124401972e+00
6.935200078857942652e-01 -9.799203386633700275e-01
7.033321569851125332e-02 1.259106153948922335e+00
-1.157769325629708801e+00 4.672289755687223933e-01
3.057477793288434498e-01 -1.394789811440867888e+00
2.128306323668346378e-01 -1.105976455515945922e+00
1.622978535905643949e-01 5.408520194138679571e-01
-1.512712181591974625e+00 9.403911223341974157e-01
3.027559583334759608e-01 5.399920352007280266e-01
-9.788063091719826359e-01 4.334905185372810998e-01
1.205401867664365634e+00 -1.946859095325502165e-01
-1.257050318074253603e+00 8.107093052457344795e-01
-8.382426522256636314e-02 8.296635449885417235e-02
1.235414589335992019e+00 8.189618601045273172e-01
-1.127435426373546434e+00 -2.038606177866121083e+00
2.378112321410241758e-01 5.057732598813154956e-01
