-7.581291416960592722e-01 -1.532810951256637244e+00
-1.652883422612848596e-01 -4.641086516133328121e-01
-4.365107741431792920e-01 -7.972487787427867678e-01
6.580936942092834308e-01 -1.152960215933739097e+00
1.429172857742284419e+00 3.175765154258890222e-02
-1.980015877669192736e+00 3.068281936236597063e-01
9.670312307886377856e-02 -9.863749968297703674e-01
4.959357133314571953e-01 -7.269240231407068098e-01
-5.608845533090108804e-01 -1.737524220701712474e-02
6.710202418672975844e-01 -1.825712538236299309e+00
3.101666922472615107e-02 -3.826837808500526128e-01
1.819781037437396831e+00 4.935991688902617303e-01
1.187331591751501214e-01 1.298310509390850687e+00
4.460976149723906714e-02 1.110018686960558387e+00
-9.280821091905544495e-01 1.292345919827628142e+00
4.213726498704719048e-01 5.236570284716859369e-01
-1.580063500578741120e+00 -1.306509412615053822e+00
3.831858605012061214e-01 3.781946635616599273e-01
1.463720198544925299e+00 2.595190287919132976e-01
4.953335577855989130e-02 -1.107121275915637248e+00
-4.353086955699524974e-01 8.465822228799561866e-02
8.954434319455611968e-01 -1.339071259783167989e+00
1.958602005690517567e+00 -3.958688987990921504e-01
8.297804208112327107e-01 -4.080604326086532119e-01
-4.623970318682606995e-01 -1.252802826951917359e+00
-1.494772313534976638e+00 -2.034793364760676404e-01
1.160108016415205556e+00 -2.420159988996085088e-01
-1.912049716112751874e+00 -6.965253410624075991e-01
6.197400753702233533e-01 6.914450501609608057e-01
-4.389318074306422512e-01 -1.197080259989845574e+00
3.814418389850951496e-02 1.892646525605652108e-01
1.636189321748799719e+00 -2.562203469551492807e-01
-8.455386066461936245e-01 -1.350610288054594488e+00
-1.228155290335328775e+00 1.115152416251672385e+00
-5.378809714855707913e-01 -9.781405781721974613e-01
-6.496385485686201333e-02 1.833642385234060646e+00
5.793553503343945588e-01 1.138554438535946067e+00
-6.728563086175535224e-01 -7.650579864531110719e-01
-4.837987359588760139e-01 -1.018513374447234554e+00
-3.089882489099635698e-01 1.862591407063967308e+00
-2.223227290416341262e+00 -6.046167286858019629e-01
3.355913962594298527e-01 -2.394943255541250038e-01
-7.504821820543781941e-02 4.659447695398974965e-01
1.125874077996175560e+00 -8.759148160975051278e-02
2.912638151811858811e-01 1.043509007286544388e-01
-1.126843835142097738e+00 3.796215877190671772e-01
1.850375649291889690e+00 -4.136347118232894804e-01
-1.327596893712099879e+00 -6.674243920508442507e-01
-5.616336715722233253e-01 1.926616414379987541e+00
4.570900104011477727e-01 -1.465413577952112245e+00
-8.146126653779716120e-01 1.652961855185557383e+00
6.125067165651749690e-01 1.353183913466674548e-01
-2.160255118955894393e-01 -5.355343626004849256e-01
-3.443142842743290855e-01 1.485466828632286788e-02
-1.442498299049213006e+00 8.551472607474889243e-01
-1.053958568119409911e+00 -3.096279903517636378e-01
