-1.640279744187467248e+00 7.985441695474589929e-01
-5.178182080096433992e-01 4.194613303780286850e-01
-1.960093363017484602e+00 6.621029472526774873e-01
1.572539406227874137e-01 -1.459563101890937631e+00
-3.421204061756450976e-01 3.505703310585472354e-01
2.822394982576423850e-01 -2.260882954124592281e+00
2.128876665048670402e-01 8.674562945239087108e-01
4.715133881238675051e-01 -9.627592621631929637e-01
-6.706289593486668421e-01 -3.303438058855509007e-01
6.124743311111906924e-02 1.059838867186303935e+00
-6.192200627598541951e-01 1.399072307157197992e+00
-1.003070174587815888e+00 -3.870448806417466914e-01
-5.535838299363957660e-01 1.107313752637531623e+00
-9.221681596644331069e-01 -5.818501086007826784e-01
-2.563484328765361919e-01 -7.418858246196033956e-01
-7.500888839501517191e-01 3.202709905726903172e-01
1.137991366039808439e+00 3.740195143995191929e-01
1.570431103968675135e+00 8.559352065360761319e-01
-3.160546593543822058e-01 -1.499483910079475901e+00
2.290197512843464289e-01 -5.130117053005021077e-01
2.095635342062037498e+00 -1.780342831924041358e-01
9.924628751030403206e-01 -4.038959491635632504e-01
-1.635240349741827748e+00 6.082627898866294069e-01
6.089539476540919427e-01 1.007676247190116392e+00
1.164284392404915769e+00 -4.336100851423668190e-01
-6.645654228754014348e-01 6.884917372348006159e-01
8.151685356525139037e-01 -5.884416944205391603e-02
1.742723269177326673e+00 -9.146922455188869483e-01
1.552092320749359489e-01 -3.059334268940131496e-01
7.937503023087514320e-01 -1.368623113223441434e+00
2.002315624719928217e-02 -6.859901806977087846e-01
-5.091604090649825415e-02 -1.470492031882702610e+00
-5.817859880726561350e-01 4.717534367304096476e-01
-2.992299600817542871e-01 -6.898171597951708867e-01
-1.652705005038276331e+00 2.745721629312417034e-01
2.754277264392146138e-02 5.611598546313271152e-01
6.685185275793275039e-01 4.001278879658937693e-01
-9.478807377522961986e-01 1.935814186037891016e+00
-9.969353145111338466e-02 4.440467218528594828e-01
-1.741427966440460162e+00 1.330238154973690579e+00
-7.119449802249484816e-02 -1.355918960940284412e-01
4.925538890675550951e-01 4.726039182414062262e-02
1.646906982615390813e+00 -7.238880389636465074e-01
6.566542861335553094e-02 -2.304332866569598348e-01
8.843212350480469941e-02 -7.100874513622658368e-02
-7.802508816859338170e-02 5.048250517275598703e-01
-2.705292342844931586e-01 5.692253892666325754e-01
-2.035324390248739734e-01 1.428516182511230248e+00
-3.263666709928138565e-01 -2.508451768677379470e-02
1.863527042372949832e-02 -3.005229327055157218e-01
1.137991145320836756e-01 -6.458475270639978394e-01
-1.442199279432644587e+00 1.588259806382906092e+00
3.154458579024130849e-01 -3.686924997003445670e-01
-1.354127959957591276e+00 2.164892941709838925e-01
-1.806308026941438882e+00 3.366748543441955288e-01
-1.044180273363614964e+00 -1.805073662136328583e+00
