-1.092427083588111802e+00 8.204716199241586516e-02
-1.032224452069330001e+00 1.297986025895006890e+00
-5.874235759231690585e-02 -6.244897412111890533e-01
-8.574735786819586147e-01 -2.083143258415180166e-01
7.868652318662827660e-01 2.583017256331030520e-01
-2.284363186392033729e+00 -1.382544938187020955e+00
2.027809945797106383e+00 -2.037136880271151362e+00
2.018057409061255469e-01 4.608647832953735590e-01
7.832622452157270709e-01 1.083475570628271045e+00
1.229917965291811077e+00 -9.677126927829051706e-01
2.000362604122220667e+00 -1.295687667790108799e+00
9.485742361526010302e-02 3.616923793288536748e-01
5.821425235488977279e-01 7.278695184525751927e-01
-7.620571341344546390e-01 4.887701851664140174e-01
-2.092950123564584430e+00 -4.582165759566815266e-01
-1.433695866872394531e-01 -1.106418206464415910e+00
1.878218757663635552e+00 1.447662163639976907e+00
-1.172150474229892492e+00 -4.085685344505444183e-01
1.713220411730616677e+00 -8.772213695191549698e-02
-1.505013581255721489e+00 -8.187379507052598981e-01
1.605394840086321051e-01 -5.576094031642306881e-01
-5.817165780795489904e-02 5.114686589342076761e-01
-1.406179648798352999e-01 3.210928984780436757e-01
-6.492383155672922790e-01 -2.918597981386970158e-02
1.150403709912458938e-01 -2.500936421780676766e-01
3.561720895717027657e-01 -4.666523419759068814e-01
2.344746793429914877e-01 -6.456037756907181402e-01
-5.053239917490701671e-01 -4.753443892395569637e-01
1.279951869799578645e+00 2.535689410202067173e-01
-2.784808217985605405e-01 -1.639404853029796660e-01
1.733254701901357109e+00 -2.162732164986172823e+00
7.052193442387211068e-03 2.093341281490080086e-01
5.782878757033604877e-01 1.546448425688978112e+00
-6.301819193547937570e-02 7.187097146808676396e-01
4.199669090529551396e-01 -1.791588231544040122e-01
4.143460412680645688e-01 1.798239608148963331e+00
-1.225350030172674742e+00 1.412815248493590525e+00
-4.760131396921438718e-01 2.632743243008702980e-02
1.668462544627793864e+00 4.966968155299216203e-01
1.206880125214225385e+00 6.873314435360949881e-01
-6.155900932062260411e-01 1.285155073543918336e+00
-5.675099008134879552e-01 5.747827555436187952e-01
-1.092419277467160388e+00 -1.952177140423314805e+00
-7.628437246416844841e-01 5.287228073384182547e-01
7.535087312127338732e-01 -5.082551602601325103e-01
-1.573374117533904881e+00 -1.156251188406107966e+00
-8.128212143875187534e-01 1.613103960250864333e+00
-1.691656183757392462e+00 -2.844095405231703011e-01
-1.615592030763800757e+00 1.761185911373076340e+00
-7.794677074722314858e-01 7.984947974577275565e-01
-8.137637677974333128e-01 -1.489655489752662376e+00
-1.715108445232009157e-02 -2.594425963722001294e-01
-7.346410554855675734e-01 -1.363110344219689019e+00
-1.267632465686333365e+00 -5.098255850122190846e-01
5.861746089367479706e-02 5.028678144211908840e-01
-4.975235254302646237e-01 -6.088186864015916466e-01
