9.714009298020948036e-01 -1.407302491065718586e+00
-2.446494581759374454e-01 1.526375091868448219e+00
-4.300846799526356068e-01 -1.646187727646070353e+00
1.114892912128691682e+00 1.238893956305945343e+00
-1.542281760389827561e+00 -8.344116475632198382e-01
-7.959218443037043844e-01 -1.859262670585123844e+00
3.890174930225864802e-01 -5.788546679423827168e-01
-1.043228099510268292e+00 -3.688795523260778864e-01
-8.700613680579702414e-02 -8.227285554575241022e-01
-3.299063401696050724e-01 -2.836856037150485843e-01
-9.149988961174569668e-02 -2.116095775663162093e-01
-2.322395546270824285e-01 -1.127211786537008376e+00
3.105116343530534007e-01 5.485421202968725485e-01
-1.716995162163891697e+00 3.459412416466270401e-01
-8.707903789910030889e-01 2.456207036216275785e+00
1.436035750721757820e+00 2.499588960865896381e-01
7.988646945552444478e-01 2.354664722173250180e+00
3.726033589770288285e-02 1.768208691033119895e-01
1.613689818482748839e+00 7.293992812199334708e-01
3.250542498024897586e-01 1.036181348999051011e+00
-1.470701822197594932e+00 -1.902455172838745323e+00
-3.372863150237571661e-01 -1.079904516693724004e+00
5.049416973093695526e-01 4.179461858747961500e-01
-4.866675895294693688e-01 -1.380722510083536525e+00
-7.608041402827726320e-03 -4.423532642676784032e-01
-1.614145303140994248e+00 -6.755844659739880242e-01
-1.220533593329605093e+00 -1.398281630821173627e+00
-3.225010270747377117e-01 -1.244673466991822242e+00
-1.282474560876496028e+00 4.770299235832430873e-01
3.715525944690903359e-02 2.001383092701363609e+00
-2.110185260774467830e-01 1.555679638007178289e-01
-4.053298925984499812e-01 8.932417841062930686e-01
1.512944898252437387e+00 -1.806033406947169739e+00
-1.555995083727762518e-01 -6.462724751557222813e-01
6.920157885065150172e-01 6.516651264398066745e-01
9.897279856802208009e-01 -6.918539066407656257e-01
1.145117732870425176e+00 3.821473666931125557e-01
5.112033649187790463e-01 7.181201999299168248e-01
-1.659299524295453132e+00 -1.505991218510815077e+00
-9.334838314624031019e-01 2.555740735254730112e+00
8.922205696780325379e-01 1.157097709808391883e+00
-1.467075715615542064e+00 -2.316999725544836297e-01
2.310728802483435762e-01 7.999812827455480280e-01
-1.337641666291730924e-01 -2.638682865544189626e-02
-4.650648187711224901e-01 -1.401686769271377753e-01
-7.483080980759659884e-01 -7.688884414494789876e-01
8.094638749106194409e-01 5.036134551020892136e-01
1.029575003542978040e+00 1.308951008232728253e+00
3.245795473912395090e-01 1.037350799907108323e+00
-8.603598369709971605e-01 -1.511678011445461767e+00
-8.229742032886755432e-01 -1.991255190193827351e+00
1.570255815190850335e+00 -1.034260042553340586e+00
1.362011113287808994e+00 3.181049466240722934e-01
2.680267529881616428e-01 1.629298275948191321e+00
-1.740459467057735299e-01 1.003016504065655651e-01
3.096912865606217258e-01 -5.483714110237392081e-01
