-6.572669450318399109e-01 3.712257534465782105e-01
5.036383607676198776e-02 -1.178555193316801253e+00
-1.726040368151553928e+00 -1.186937889039684002e+00
2.090217600968646394e+00 -7.938752929712593609e-01
7.699763775747991978e-01 -1.252566311634867313e+00
-4.022986539178700638e-01 -1.103348389276004760e+00
1.197999630364325663e+00 4.082949048811566617e-01
8.311418937987996580e-01 1.106656915653821072e+00
2.099512244473070499e+00 -1.950750149867175320e-03
-1.127416345378061013e+00 1.331888700369072254e+00
-1.257828934047031666e+00 1.634777450016980105e-01
-5.966153503079426601e-01 3.499734217214450771e-01
-8.362552760555043152e-01 1.325759907318762476e+00
4.227586593654968361e-01 2.670737013897308554e-01
2.131361333525850776e-01 3.275935084529699171e-01
2.170298446323507768e+00 -8.518075651058956699e-02
4.496903026380549284e-01 -4.080890752253811260e-01
-7.873940505855527849e-01 -2.825517957943840530e-01
-1.278951707975665597e+00 -4.671146471165300157e-02
4.238055028329271168e-01 1.076805461286104659e+00
-1.029377959736873516e+00 -1.364792413977816699e+00
-5.958706531643640503e-01 -1.470927108431744901e-01
9.593822884653278038e-01 2.728109932233160340e-01
5.504297866566737474e-01 1.177449600554375309e+00
2.362570013979617689e-01 -1.361350390340538175e+00
2.260154343455042236e-01 -1.238677970507694459e+00
-3.396510813380358984e-01 9.425755551305564639e-01
-1.163185786866643756e+00 5.252237887926242133e-01
-3.643459159295759243e-03 -1.293850084400102185e+00
-7.997347318699257190e-01 -1.907340604451186472e+00
-1.203739403643611316e+00 6.037445603628639468e-01
-9.740132329564406000e-01 -1.486766834669023041e+00
-1.452412318595908266e-03 -2.242181662137687492e-01
1.861825827013105172e+00 -2.134475407663090518e+00
1.529108480656009572e-01 -7.719654521692886906e-01
-5.607148436431457217e-01 5.123266180751162580e-02
1.793310731670688885e+00 -4.322512097195591041e-01
-1.698718975229150108e-01 -7.110575815071004113e-01
-1.362839400197185524e+00 -1.374652885506221500e-01
-3.421806394129481288e-01 -2.315974154086029024e+00
-6.366458141024567974e-01 1.125539475592045369e+00
-1.061375056911602721e+00 -3.914402990129630111e-01
2.173001042165481955e+00 -8.191758529565067171e-02
2.504442046431436530e+00 2.054804860383674381e+00
4.182925167092692298e-02 9.377198492365342031e-02
1.248059313681709304e+00 -1.613821996167773332e+00
-4.882334535359494354e-01 1.285746593628868117e-01
-1.353103812865177058e-01 -4.245158240017197770e-01
-1.311360538659970265e+00 -6.070732553002953225e-01
-1.434064701492365090e+00 1.024916440360126441e-01
-6.457038840519466749e-01 8.943796964435438701e-01
-3.039377295803984969e-01 1.083521121529331527e-01
2.850889766066129760e-01 6.419053967880609078e-03
2.386995580135042594e-01 1.719593994630640721e-01
-3.373009842013515724e-01 -1.237784132255613373e-01
3.320439167579927187e-01 -2.042718859804419362e-01
