-2.584613702056950402e-01 2.228326862891401916e+00
5.306198410354614481e-01 9.423336494319601853e-01
-8.250561218074799197e-02 8.851968749601960562e-01
1.747174128869630749e+00 3.722075924214409137e-01
-2.373296072401654896e-02 4.299118584024643752e-01
4.894500371977881237e-01 1.463119411608110099e+00
5.983869451079849577e-01 -7.166255683686582056e-01
4.633784078233533221e-01 -1.393513697245305494e-01
-1.088037066152691468e+00 7.201336363147508024e-01
-9.942006823920467029e-02 3.097656742743768454e-01
3.663039612498660280e-01 -8.849795452823775443e-01
-2.061377420205393829e+00 5.556274824298684800e-01
6.745575184301995098e-01 4.747989568334179400e-01
-2.322766578846731933e-01 -1.087084217542105602e+00
-3.415149275477498136e-01 1.325172616034867135e+00
-1.966896164152594606e+00 5.202464497610235217e-01
3.492938607260926420e-01 -1.362416548889553214e+00
7.623733916593228299e-01 8.261481591838379934e-01
-4.121371971661434985e-01 1.296740035473097796e+00
-1.392263444558745178e+00 6.822122623040962619e-01
1.968969853239278756e+00 -1.036927392048691221e+00
1.227831247166264461e+00 1.142595423063341276e+00
-1.619496090518564302e-02 -8.227515819215005521e-01
-1.232142287495566091e+00 2.269299122610425323e-01
-1.479825573691759821e-01 -1.063748698048590846e+00
-4.510752988070336755e-01 2.380516056208559661e+00
-2.783408664102191121e+00 -1.340525594777532525e+00
3.427231507865310944e-01 1.235709065225335662e-02
1.203670315207864716e+00 -1.330220709527738965e+00
-3.596500162318621019e-01 -5.648683273016064099e-01
3.875324165810662413e-01 2.286156234163944923e-01
7.509774550035325236e-01 1.198877628872916823e+00
4.583819168740657091e-01 -1.987777145156783387e+00
1.395803876597643933e+00 -1.339257063964109928e+00
-1.642932386670247977e-02 1.306363752607843931e-01
-1.234955433904304956e+00 -1.043449884275987172e+00
8.921711742628174457e-01 -5.082547990063737142e-01
1.553041141505334233e+00 4.719778650169953460e-01
-2.235870822034144556e+00 -6.945737975022794330e-01
-1.494558337734501530e+00 -4.220533120880453071e-01
-1.100247352442426108e+00 1.582385722205643663e+00
9.530943962574616179e-01 9.180438368374710389e-01
5.951969323489570973e-01 6.312625882734230753e-01
-5.184945365621422830e-01 8.243867576173569134e-01
-3.742549274948338556e-01 1.623345345038437637e+00
-4.579910644135481990e-02 1.282890392271123225e-01
1.402690165679062739e-01 -2.223649770050030727e-01
-1.151170247159217785e+00 -1.017796397303028622e+00
1.580719199009964215e-01 -2.353040838241047573e-05
2.012700991448176102e-01 -1.846000201407702157e+00
8.635236305689864000e-02 1.928881240618161852e-02
-9.420286646095159533e-01 -2.264772258183940512e-01
-2.255154391137377701e+00 2.712753536223880824e-01
2.380586879375666598e+00 -5.078269510989829039e-01
7.586054849358422891e-02 1.233779788183152898e-01
9.158238862514975209e-02 4.754274576590236112e-01
