-1.383050703023936401e-01 -9.783321421107745719e-01
-1.050468822561447135e+00 -5.374886920619658115e-01
-1.854472664053574471e+00 -2.849437609496052182e-01
2.990972361906276134e-01 1.597978957363868913e-01
3.787620706918098379e-01 1.182778793071528556e+00
-1.494367364488841110e+00 8.958525018781162697e-01
-1.730440117474876804e-01 8.873964444241372318e-02
3.105539314037186749e-01 -2.089389590506064209e+00
-6.469643879089395089e-01 -2.083934301051094451e+00
8.225250960864014527e-01 4.606530117517763923e-02
1.471526689942436184e+00 2.083801699350201542e+00
2.848437219401152021e+00 1.746435246188895007e+00
8.292256094608935202e-01 -1.423449553801233447e-01
7.984678329685329645e-01 8.547186488929864323e-01
1.356685554751772660e+00 1.625111717686149315e-01
3.406757137762033705e-01 8.222114864076032203e-01
-1.273442264880981334e+00 1.605314673262579761e-01
1.552005888228920050e-01 -1.684572401242013795e+00
4.738071539083923978e-02 1.379205626516841976e+00
-1.741899896997265718e-01 2.318227852622287977e-01
-6.465572813462691082e-01 -8.193505423826301648e-01
-8.206714178654197500e-01 1.170144823530616662e+00
-1.468295807764376404e+00 -7.765982867137235512e-01
1.143079057155509615e+00 -1.691214499935804083e+00
-9.250602089192930810e-01 9.603270656928183380e-01
8.760222084748534380e-03 -1.794777898313909326e+00
5.267589719919998914e-02 5.599306899861805631e-01
9.345680914148831731e-01 -5.334769355856673334e-01
1.933288084615320646e+00 -1.030975572392816231e+00
-2.164439557857012364e+00 -1.148893468696082554e+00
3.863715293461219558e-01 -1.300736333569487924e+00
-1.426216865599197747e-01 -7.290372868207264587e-03
6.974464164547092837e-01 -1.822158464407392708e+00
1.251588405571343529e-02 1.501762088942028006e+00
9.489592663606539746e-01 -6.798216647007178370e-02
-3.808532434530835786e-01 -1.036720032144008430e-01
-2.319550680503221773e+00 9.497197129259684623e-01
-1.768540597199893982e+00 5.614245925596283993e-01
-1.425549317490443224e-01 1.196438017399273024e+00
7.960155451966726137e-01 8.591728043165405282e-01
6.572512199408689915e-01 -7.205342478605673007e-01
-1.279527867955791320e+00 1.708631329938374854e+00
3.607968486194580993e-01 7.915436224524540210e-01
-1.044144117494356649e+00 1.712135720594468502e+00
-6.030557891164328721e-01 8.810409789389066493e-01
6.587981709579192324e-02 5.771967829058157751e-01
-7.557082202502245494e-01 -1.135136352994957187e+00
4.914898890271530152e-01 -7.322590467982388329e-01
-9.319485238253590875e-01 2.461413065380171905e-01
6.650633425876973925e-01 2.153387158686025149e+00
9.585099629080267025e-01 2.462012284367547099e-01
-9.593592556704777508e-01 9.660563138168549724e-01
-1.152496812955281280e+00 1.436465715965745238e+00
-7.711149185762761205e-01 -9.103910513322504006e-01
1.159551188322048620e+00 -4.564178720471607220e-01
9.233633436152327567e-01 1.728453100051665636e+00
