1.183958452067916056e+00 4.589188674917832333e-01
-1.631175650377384989e-01 7.847195495536621879e-01
3.238342439082317892e-01 -1.045188494549114111e+00
-7.156824858458703531e-01 -2.604040109475082021e-01
-2.739225080761014119e+00 -7.046996264739135984e-01
9.441845433964386469e-01 -7.704209578863641106e-01
1.499095899931933984e-01 2.278492470100071721e+00
2.786025669932559734e-01 -2.721911075007151570e+00
2.887745920548736578e-01 -3.867730935204278797e-01
-1.011767357141506674e+00 5.922359388780511491e-01
-3.949841457812316992e-01 1.057983065518180554e+00
4.066008632880020457e-01 9.508849310477023309e-01
1.001384419521859970e+00 1.577381334110435351e-01
-1.184622776023188884e+00 -1.318669253130447361e+00
-1.607552115351011057e+00 -4.106644767222586978e-01
-2.978750725796766030e-01 1.120043698324174608e+00
1.138714462035903097e+00 -2.669547230360433746e-02
3.235163185762313098e-01 -6.878854248802431792e-01
-4.044426503568583908e-01 1.889545826353279390e+00
3.101004928325112320e-01 6.508231688103811585e-01
-1.294771131558256405e+00 1.001835223431356559e+00
8.531006359110002157e-02 -6.192786318268080903e-01
-1.494724605277840956e-01 -5.928158578107693977e-01
-8.088157890635644387e-01 -4.983318675777543283e-01
-1.417325133497569833e+00 4.790754351974304548e-01
-1.193208378831492666e+00 6.630608868133746059e-01
-6.934095626901028986e-01 -9.745410530865634691e-01
-3.074246784397749455e-01 2.492346750230197472e+00
-4.406622162107389218e-01 7.574242610492262218e-01
-4.035401666265377441e-01 2.445177971510484882e-01
-1.572556716786648101e+00 -5.544294936440148647e-02
-3.793729746775943434e-01 -1.587019642129173513e-01
3.079901815428882639e-01 -2.128556489440209809e-01
8.771466225509320092e-01 1.368341486199618151e+00
7.908356146226022121e-01 -1.309360463773403982e+00
1.521484535169133068e+00 2.146068797548546847e+00
1.424124367277938286e-01 3.708109841342580038e-02
-6.806034730367064300e-01 6.708732643174698529e-01
-1.354064683522341550e+00 1.914843233458295879e+00
7.841160395627808644e-01 -3.662345426029492979e-01
-7.320032342602733610e-01 -7.901054869764612132e-01
2.372843984847466392e-01 3.297734952391708219e-01
-9.329162590746959971e-01 -9.741209413985042476e-01
-2.130245953139838500e-01 5.822022285940815500e-01
-1.422701932027638394e+00 1.179302603283276962e+00
6.824143359239420725e-01 2.269695759246642019e+00
1.871751695118943348e-01 1.943966209429752512e+00
-3.232280218881549705e-01 4.617962379488271818e-01
-2.671828057416317792e-01 8.908257983881895381e-01
-8.019707458697475921e-01 3.801020923903490889e-01
5.026796022517880935e-01 1.888021737239280184e-01
-4.447571803846883665e-02 2.143148777443052311e-03
7.761833553607708214e-02 3.628008533136994340e-01
-5.767370226404489042e-01 2.647218703559314767e-01
-2.067574714644109246e-01 1.584037307889039958e+00
-1.256643265188073011e+00 1.426549412945942841e+00
