-5.646376999435467336e-01 8.036706414956947819e-01
2.074477527212118810e-01 -5.050250275797590893e-01
8.685170479328609972e-01 1.479886437059399484e-01
1.344302128532471219e+00 -7.101568788320660186e-01
4.245731789776953091e-01 9.346935859789502477e-01
2.462884163927841208e-01 -6.084319285327012272e-01
-2.111597269646833808e-01 3.017369305870142848e-01
-1.308434252743009951e+00 2.077412283149362882e+00
-1.359770531258437387e+00 -1.912384342189548114e+00
-3.865329984275279185e-01 1.160675148625629260e+00
6.681681973535607000e-01 5.269089964995832265e-01
1.160196744517299594e+00 -1.345525276934513181e+00
-1.189569020235445640e+00 4.389980487679417398e-01
2.446930969230494413e-01 -1.254265997653400966e+00
4.933706880425556829e-01 -7.315163436215746939e-01
-8.215045096694751914e-01 1.133715901392145842e+00
-6.719449630706793818e-03 4.026228664193908235e-01
8.547078817915801929e-01 -3.585763545548412701e-01
-7.102402850576473581e-01 4.127805613138787466e-01
9.828522733240488418e-02 -1.047063417902081905e+00
1.900835464241529826e-01 -1.151941762297554295e+00
1.067648862056499670e+00 9.190031501459102747e-01
-9.126257196549929507e-01 1.409856479612730418e+00
-7.942065084411374931e-01 -7.602021077565980223e-01
-6.174754875402336252e-01 1.194883834585496254e-02
1.210821895601795983e+00 -2.886997594391153554e-01
2.040265151233172092e-01 -9.356182786721418676e-01
1.631460446878570392e-01 6.337023221057385136e-01
-1.056334664654148714e+00 -1.251914733043842265e+00
1.092157967995772694e+00 -7.603800690717060773e-01
-1.502836045428047829e+00 1.767229611047454352e+00
1.988640649249740627e-02 -1.605860329183416146e-01
-2.252883926391514580e-01 1.736914448505132436e+00
1.942805581185706731e-01 -9.316684880358915288e-01
-1.809339011468994451e+00 -1.508144997476427607e+00
-1.737855441580361537e-01 4.059785774612407749e-01
6.772629073780869202e-01 -1.010736960377141891e+00
9.413794841462176655e-02 7.831991307710630679e-01
1.145820159525328813e-01 -1.210801819234418319e+00
-8.917230187805579300e-01 -7.543772096260360494e-01
9.005842832493653471e-01 -1.315901207388864513e+00
-3.938726777257768874e-01 6.897951554298020760e-02
-1.953285466582111995e-01 1.070842254824579731e+00
-8.729520738183610407e-01 1.574305577905421027e-01
-5.739842484905363085e-01 -5.285541212763886776e-01
6.978903352237231239e-02 -5.086518082692879084e-01
1.409765168740775731e+00 -8.927891674272631084e-01
-1.081951374020247547e+00 1.117468441382507560e+00
2.018922880586273283e-01 -3.031903543017758218e-01
1.218610881735185059e+00 2.104896541066708870e+00
5.464604876461452987e-01 3.124333734015430353e-01
-1.869812332265199661e-01 -3.930199113511489983e-01
1.662076814065327826e-02 1.193162763420413386e+00
2.308871010557951298e+00 -8.045302110927037287e-01
-1.947470090495782680e+00 7.376512219102897561e-01
-1.038409007681775131e+00 -9.465330160027717321e-01
