3.520321238232870242e-01 -4.051197568918158964e-01
6.487781016428403325e-01 3.002763620380697329e-01
3.828377902562279944e-01 -9.980796223610920170e-02
-1.439342132459262569e+00 6.814605841395560137e-01
1.905199181740843795e+00 -2.508128589836287059e-01
-2.683092670233659938e-01 -1.593406418357391274e+00
-3.677740085561794769e-01 -3.954551123925374445e-01
-5.102170261711865829e-01 -1.302940419571763098e-01
9.199495832799325923e-01 -1.238820923956274189e+00
-5.289409472163579817e-01 -4.888034149407894519e-02
1.899058977808623760e+00 -7.094205209074396778e-01
7.798571818786934617e-01 1.250612466285855984e+00
1.505986330560098452e-01 6.753733041958571992e-02
-5.148944311246990146e-01 1.121022883935593351e+00
2.255931815604181878e+00 -1.528749601723895069e+00
-9.166298164586659247e-01 1.125081580518014074e-01
-5.952203671042602950e-01 -7.595799646043949194e-01
-6.462290640222703164e-01 -6.222197593817099248e-01
1.172352532266875969e+00 1.689785727539963700e+00
2.337094601485531220e-01 1.529200075359971045e+00
-5.113566569135734596e-01 1.582852024050867445e+00
6.873943751081258435e-01 -3.590216648316126857e-01
2.164273880910051046e-02 -9.211610806938266283e-01
2.973191350991792881e-01 9.516804008355697064e-01
-4.166559233668086781e-01 -1.009815682054067576e+00
-4.990274130749816073e-01 -4.441107084192314480e-01
-3.774097082412467552e-01 -1.690704992951345409e-01
5.246308922678352693e-02 -8.659634704891188139e-01
2.849762696945591922e-01 1.211610419403159167e+00
-1.781046970398746099e-01 7.664499214118504211e-01
-4.510227726878081600e-01 -3.830707585396831427e-01
-2.368375991144225368e-01 8.042715426809867729e-01
-1.640320599395464596e+00 9.380643704683554462e-01
9.630430478512580494e-01 -2.048702308018414797e+00
8.019894532358672334e-01 1.116952565869325648e-01
1.357009855701142298e+00 1.341169346036967136e+00
-5.064312899561479453e-01 -1.196949680899758589e-01
-1.890666131339117984e+00 1.787189256815283400e+00
4.507951294211662852e-01 -1.382392282421109064e-01
3.898039580336026266e-01 8.113735009440463664e-01
-1.231117354072814418e+00 7.582570685498899454e-01
1.891015305811769798e+00 -2.538171828668620567e+00
3.037581539090197236e-01 5.512588600664175553e-01
-1.158377100814174332e+00 -1.435764748312131633e+00
5.131604847755596444e-01 4.495264477442633133e-01
1.828955785079912966e+00 -1.037903212403392894e+00
-1.335071666704036542e+00 -2.092264929377360763e-02
-1.798443428775959418e+00 2.133912511145021895e-01
-4.638955916441796501e-01 4.933269240694891922e-01
1.140771493906169942e+00 -3.459737834292364034e-01
8.832642790956231060e-01 -1.452407174869823958e+00
-1.160677828934919553e+00 -6.974320096515449485e-01
4.364744050497628564e-02 1.657763261247708675e+00
-1.922046522243029409e+00 9.450114759055695535e-01
-1.825752272302133994e+00 9.295108818845617682e-01
8.701250346906693744e-01 -2.425683873752102204e-01
