-1.066644305392684844e+00 -7.599142526231480836e-03
-2.763883556407583167e-02 2.117172618948089668e-01
-1.554441804587643750e-01 -1.536351950340189676e+00
-9.766683747762947565e-01 5.248118962477070770e-01
-9.002740853925301767e-01 -3.089090208782627744e-01
7.535430534800338087e-01 8.981142807917004145e-01
-5.273967868783677737e-01 9.436584521603834652e-01
-8.449103093375768259e-01 -5.444743958247576510e-01
-7.675825899841996758e-02 3.227479594984380973e-01
-9.602028895252315843e-01 -4.612727725952415203e-01
3.114413602483395715e-01 1.369050525516515959e+00
-6.667327177334471111e-01 -4.062740588951502252e-01
4.972830621626751074e-02 -8.536933770252062015e-01
-1.253038471603292514e+00 3.849568226787032921e-01
6.037355425442084700e-01 -6.166980130246888514e-01
6.515355165371908286e-02 4.954667232627782969e-01
1.965931098177680914e-01 -5.668797337345983234e-01
-1.570488682934219338e-01 7.944717775299555695e-01
-1.086549633778521207e+00 -8.864358328142176724e-01
-2.201609437242153799e-01 6.638662341270725742e-01
8.408667940161350662e-01 -1.850043023852312674e+00
1.781214518619870901e+00 1.459421248505362312e-01
-1.011375707363777909e+00 1.263095954172841928e+00
-6.917136526029175059e-01 -5.832431650135232182e-02
3.168550361816425687e-01 5.709855516628907779e-01
-1.365234182557198972e+00 1.578678315411515543e-01
9.658365112445235767e-03 -5.088943134068452112e-01
-2.081238624305971285e+00 1.320894483831350330e+00
6.148902821001743790e-01 -2.883222230938781161e-01
1.065469401595318999e+00 8.224450276857158126e-01
-4.915356878785543948e-01 1.688167558996125917e-01
-6.707370005683137570e-01 -8.108585860749342178e-01
9.267093417779239672e-01 6.512541810787620955e-01
-1.226621947976074045e+00 -7.527629283312314845e-01
-2.704170487310797455e-01 6.261550558712624115e-01
-1.860885193479866917e+00 7.475101946728184288e-01
-7.500717299853993936e-01 5.364300814739725309e-01
-3.940938714481087013e-01 1.195334350253070888e+00
5.748474343104511552e-01 1.121650708294648968e+00
-6.879122679133651275e-01 -1.089428292506378737e+00
1.316345354197182349e+00 1.467802475959099073e-01
1.528127482525491354e+00 -5.717222280358988939e-01
-8.926049491942342762e-01 2.503888661908845736e-01
7.975635110040505404e-01 -2.241934471618893254e-01
-6.412203300810020989e-02 -6.902447838373737543e-01
-4.584901968989878451e-01 -1.301849483039388078e+00
-1.863945731803082484e-01 -1.180271475076196008e+00
-1.539500596202897142e+00 2.228819259420151966e-01
-8.774126742355584652e-01 -1.297276943976305663e+00
-6.714476742292924127e-01 2.606753328462336761e-01
2.090025481585850997e-01 5.858014491373846333e-01
-6.581262276349134632e-01 -5.194526800908367825e-01
1.089895851140260330e+00 -3.741750215519502598e-01
-6.669887883521796734e-02 9.796908533762277438e-01
1.721244334885209337e+00 -7.627229706689810929e-01
7.658145518804239105e-01 -3.509722280511782394e-02
