2.328440824297373091e+00 1.854669694373053401e+00
-1.846372722025377278e-01 -1.011406965729515273e+00
8.302746377529281185e-02 -1.962555064549364570e+00
1.390477628068376714e-01 1.065356294560109163e+00
-7.050280258443378800e-01 -1.286710931550610448e+00
-1.178932260038564606e-01 -7.487142343178965209e-01
-9.524531596175188630e-01 4.362269792157379977e-01
-8.200692221144946226e-01 7.227144485013503594e-02
-1.848177649870736738e+00 7.666120152558439926e-01
-1.770713959538354976e+00 5.638378415961886603e-01
6.016826953380237653e-01 -1.622900954195957590e+00
-2.847811290746779522e-01 -5.368354716948807726e-01
7.542817685125831062e-01 6.346601050934739252e-01
-5.490292603479769440e-01 -6.837849673962201891e-01
4.530198205970716319e-01 -1.489937021760717739e-01
-1.121491372276427700e+00 -1.195247659046547950e+00
-1.020461903332220199e+00 -2.904931665129659168e-01
-1.147178009144757871e+00 -4.103460947195052833e-01
1.352336500538384945e+00 2.760415067400908695e-01
-4.068135859057073755e-01 -4.759411293470273696e-01
9.220859077618748234e-01 1.465141352171669631e+00
-1.948877012747531889e-01 6.111001734248603517e-02
-2.178660835858144129e-01 -9.543587473996659742e-01
1.864040481285187401e-01 -2.030640802275075263e+00
-1.954099911375299092e-01 6.926809081321113615e-01
-1.642712871458382184e-01 6.344217021516677102e-01
1.016180259560680810e+00 2.492603650674256321e-01
-1.209148999458807827e+00 1.089425442014607226e+00
8.700710120755476007e-01 -9.758969957883919522e-01
-1.006797921347243711e-02 -3.869428618624385363e-01
-5.921997036358318534e-01 1.312128703817384778e+00
8.280836487779991151e-02 -6.331578455974230524e-01
2.337568280819044109e+00 4.172959604439859249e-01
7.265390116756862415e-01 -6.857704328663593030e-01
3.266943355842897301e-01 -4.357706320152058943e+00
8.551187611215702589e-01 -1.122739458892912712e+00
3.119334709185719312e-01 -1.348654443276934511e+00
-1.262592894972238255e+00 -1.090323413362957572e+00
4.950318861003477067e-01 6.091471065693187387e-02
-3.112766109763750455e-01 -1.958086376074772150e-01
-2.039201430065919585e+00 -2.508297057740419556e-01
5.436850249112193945e-01 1.778468997010916874e-01
-1.222185803195381837e+00 1.074923056692822509e+00
1.812127337032472807e-01 7.085669718833084163e-01
-9.117670674157888344e-01 5.883165395494998479e-02
-1.062349906833362362e-01 -8.684701261891192292e-01
1.058809143523407048e+00 9.292236851362968286e-01
-4.925431536090639772e-01 1.229626941131996665e+00
-3.897402735843395472e-01 8.154428611146975481e-01
1.165679521193227153e+00 -3.486957077992751119e-01
2.260836561222845098e-01 9.155916804155981303e-01
2.101539384516173115e-01 -1.383232203301150376e+00
1.098273088029908973e+00 7.673803262003536796e-01
-7.324261377115015570e-01 -8.482203112689226110e-01
1.336747373422195462e-01 -1.499793459423321096e+00
4.280426622100481082e-01 1.699387879230155773e+00
