3.343408391852425443e-01 1.303370437864436404e+00
-3.302531385985628121e-01 -1.790896664478102362e+00
-2.085095183698946197e-01 7.258516864659948498e-01
-6.907224250678620781e-01 -7.718902651600362264e-01
-1.451223687118742833e-01 -5.068318286734304623e-01
1.097670325258140345e+00 7.018165147719521713e-01
-1.647828067520435757e+00 -1.069918221542630388e+00
7.829420531103704617e-01 -8.487352168082301640e-01
-1.381595762015500606e-01 -5.693584701640074242e-01
1.661462056806216836e+00 -2.437034001653653803e+00
-9.583856291287152773e-01 -8.999289613344316763e-01
-2.058619330057459784e+00 7.173580546555311521e-01
2.737958190185421081e-01 5.479204657417791058e-01
-1.055853532490330648e+00 -6.686111756801691453e-01
-1.084272622345495263e+00 -3.919690800233913697e-01
-4.911786771880931046e-01 -1.188426378280744850e-01
-6.961638312899284253e-01 -5.841669291240576822e-02
1.367014752752504503e+00 -7.567346050160080884e-01
8.986413093391361073e-01 -3.244262147496977666e-02
-6.909041241000771771e-01 -9.901645312153218859e-01
-1.850814096261423625e-01 1.713123028052279118e+00
1.504247359430575859e+00 -6.799468840286840843e-01
3.825243797310453608e-01 -1.328310008447815882e+00
9.348632137673790199e-01 1.060273448377910821e+00
1.930246362269587568e-01 -1.717959103222395312e+00
5.857435556396421994e-01 -1.169977412688724794e+00
-5.221895256016069187e-01 -1.221275640570303356e+00
-6.870551071340127436e-01 -1.842762471972900995e+00
-4.628394219393310860e-01 -1.693058703520697872e-01
-9.752770537399758910e-02 -7.492365000957177390e-01
-7.364866996683788747e-01 1.675080740929207057e-01
5.260423971770929186e-02 -1.287606438464258929e+00
4.650567002867311284e-01 -4.694742699071413061e-01
1.120477196962138322e+00 -7.200937831905237507e-01
8.170465414777472457e-02 -3.332256238647303137e-01
-6.558181147418473689e-02 1.678043255558109847e-01
1.948651558676682605e+00 1.287745572156641094e+00
1.090891121008369158e+00 -8.120021902424489069e-01
3.693872770362692237e-01 -1.464276998412982200e+00
-3.865095062620071964e-01 -3.271256848516975957e+00
-7.587063386474829363e-02 -1.497159698235871694e+00
-1.389162639816907685e+00 6.881627380742270095e-01
5.119244844664055938e-01 1.604613849616813415e+00
3.262943852320056570e-01 -4.824343298754491527e-01
7.479570563333211020e-01 -1.485577629130830690e+00
1.540000831074539889e+00 8.248244685978874946e-01
-4.306393781350469907e-01 -6.645402443415079352e-01
1.058691005772255833e+00 -4.108896437218609310e-01
6.822032926554670584e-02 -4.769244730416987155e-01
-1.287548811225268097e-01 -4.259190603511367468e-01
1.378380700234476952e-01 2.583989188422694538e-01
-1.683495758556195765e-02 1.066688004754758001e+00
-7.558416006820223298e-01 -4.723560303834128393e-01
-9.373046898576042896e-01 9.925772718731068478e-02
-1.028250004073843815e+00 2.411099733730545647e-01
-5.905384358910396037e-01 8.283490241385045305e-01
