-2.466576763166571373e-01 1.370596630406384908e-01
-8.099466054639751222e-01 1.233872985500987340e+00
-1.044997819633915581e+00 5.415751918380972141e-01
7.229403305763746346e-01 -6.560848893775446111e-01
-3.841557690815054493e-01 8.586320095484845094e-01
-4.777950587658527648e-01 1.660232452168809436e+00
6.630382784441844757e-02 1.541914611100943855e+00
1.565379465790242008e+00 -4.955160586621962793e-01
1.355077063949453819e+00 -4.892120785850340714e-01
6.187621478659495189e-01 -8.444784167264247632e-01
1.802895335598430515e+00 7.168851430383124113e-01
-5.573735590559358855e-01 -7.004309470839981122e-01
-1.181347094639828010e-01 2.325390128686102842e-01
1.004264759542773167e+00 -8.197301520786027806e-01
-8.091589523378656112e-01 -3.983758184590645013e-01
-1.013645395856977327e+00 -1.159577764565550950e+00
7.498761768342666889e-02 1.021840055801616215e-01
-5.660040887067788740e-01 7.063278280323820324e-01
-1.824280356605933795e+00 4.162774743164859292e-01
-6.829944092926134580e-01 -1.281364096376470751e+00
-5.881706906707644400e-01 1.773430881435371365e-01
5.939636277307479562e-01 9.292220008381655294e-01
-1.147035378341331846e+00 5.795928781049168865e-01
1.226860601439757614e+00 5.203522333242215359e-01
3.395016390629356229e-01 -3.289469148242535890e-01
-2.501773442834280270e-01 9.842251584072621018e-01
-4.887745601962311670e-01 1.373545792568678481e+00
1.251492341728777380e-01 3.143489454970963548e-01
-1.802588682143793308e+00 3.106638492056958967e-01
7.740843291910349810e-01 -1.292959227760956398e-01
-1.350459701168173154e+00 1.638247138264123104e-01
-7.615001969359809220e-01 -1.880701368219842795e+00
-2.965019119872628339e-01 -2.122319530406352461e-01
-6.331576348652656616e-01 9.533676492807571234e-01
-1.058175789136829970e+00 -1.383528801037733791e+00
-1.365225211961547114e+00 -6.265089189731294361e-01
7.041405492452231796e-01 -2.074991321545390122e+00
2.432920362805376158e+00 9.561359784599852141e-01
-1.676041197598809651e+00 -1.669733854202213597e-01
1.205353476605794949e+00 -1.056859537177098907e-01
-1.348940698349835987e+00 3.420520353482330855e-01
4.719781405049123246e-01 1.424142692985552516e+00
1.570165264425445795e+00 9.425617370423143848e-01
4.670096579771109563e-02 -8.541823878800500203e-02
2.358552039749705342e-01 5.752174022347642524e-01
1.620350458320247988e-01 6.636287044399898916e-01
2.205342931096196946e+00 -1.907345774877202471e+00
-3.482678955903473206e-01 -1.808873742952812336e+00
1.233195707848763423e+00 4.804500700542750913e-01
-2.665678194310872051e-01 -8.851810501447949786e-01
3.299917220148455010e-01 -3.535077137569679617e-02
1.150412043977187659e+00 -1.915043801978487392e-02
1.515711653276013982e-01 5.923104369124617685e-01
-1.377114643443405173e+00 2.252172279325414528e-01
3.895688691655495584e-01 1.330064870965280921e+00
-1.809752301794478768e+00 4.311968660517659924e-01
