9.518271693973401337e-01 1.418775551719867023e+00
1.299631028841493841e+00 3.656514933327003058e-01
-6.790375650448604583e-01 9.343035782787350030e-01
-2.917757412880313539e-01 1.080323603409798494e+00
5.500615267989441559e-01 -3.219505402997326904e-01
-1.621548930091907259e+00 4.607013989931327269e-01
4.409084029511637359e-01 -7.597976221441170575e-01
-1.568268089176520164e+00 6.500365665987939412e-01
1.599581712521041255e-01 8.394164449013100660e-01
-2.518603362822872782e+00 -1.270951701195824235e+00
7.145206328801085860e-01 -1.523966922665097035e-01
-4.606687836253707258e-01 8.808306596351597739e-02
-3.284145248498619996e-01 1.195058917087299832e+00
-3.969248484433908208e-01 -6.135002628020627125e-01
-1.859186474792962618e-01 5.890833547183095265e-01
1.081252870781913122e+00 3.871523381287538257e-01
-1.092944820182568888e+00 1.185292877407290585e-01
4.965278764110470644e-01 -2.814270935459818879e-01
9.418042172987464156e-01 2.049559721088946240e+00
-1.248571027516832910e+00 -1.278016485238533839e+00
-3.063829081930099507e-01 -4.061244769906778573e-02
2.287169601734242996e-01 -2.853674203915470553e-01
5.932213755594694105e-01 -1.571059099363053269e-01
6.918843294091649998e-01 -8.556891960328063540e-01
-2.206044311335449148e-01 -2.041691408275202235e+00
7.049257008019914617e-01 -6.231335406481389727e-01
-1.285276526697662458e+00 9.252658373017470794e-02
7.811277723549105989e-01 -4.035421234413853475e-01
4.474777055219608668e-01 -1.265011874343282328e+00
1.931469101102171626e+00 -2.640354265491942631e-02
8.433940996323317785e-02 -7.220384241370247924e-01
1.853769880535408865e-01 -1.263566412110000758e+00
7.614746729197712227e-01 1.264137239661291767e+00
8.024530316158317023e-01 -1.005235579993294825e+00
-1.930469313897485328e+00 -6.544457434234206283e-02
1.522097656414568068e+00 1.201019622724555980e+00
1.215832136512041473e+00 -8.754001624483050137e-02
-3.795563935739727501e-01 -2.234749558482652887e+00
-5.003995501171644156e-01 2.124421146931852800e+00
3.261566987268255668e-01 -1.384043800059787444e+00
-8.055480938332267860e-01 -5.441920787807786875e-01
-5.749999956210256613e-01 -6.635828072138247880e-01
-6.232894161034847613e-01 -1.098313466661105853e+00
-4.345128214338665473e-01 -1.120981283740612344e+00
1.911683365638578325e+00 2.069745433613812580e+00
6.229444583527413704e-01 -2.539101499844350074e-01
-9.312988261153679614e-01 2.195733108025704095e+00
-1.099806392331129201e+00 1.467259530975586479e+00
1.027438934412548521e+00 1.024246212954348811e+00
1.944638937517451649e-01 5.627895588217720624e-01
6.565638508893669734e-01 -3.872533431882519972e-01
-1.104952895088031184e+00 2.315568697814172905e-01
4.150352838470606764e-01 7.976851074111956930e-01
5.471337744473460107e-01 1.859703792486607554e+00
3.518260619906798392e-01 -1.519934479294252350e-01
-2.826825370979813568e-01 -2.602037884835566722e-02
