-2.633490040732662796e-01 3.871258437751441961e-01
-8.245180696034370982e-01 -5.638658000534579884e-01
-9.652421631322917472e-02 4.288483328608669320e-01
2.394442758576290853e+00 1.189086610156619761e+00
-6.209473189278551519e-01 4.130446403901129049e-01
-1.113136534642384046e+00 9.525490414748243317e-01
5.392752459887750760e-01 -1.309755528811849423e+00
-8.716694449900906916e-01 1.578584720201259728e+00
-7.210827194235046589e-01 6.608679676889826771e-02
3.376503327890454931e-01 -2.060254508984320054e+00
8.487017990164179571e-01 1.287727464287293788e-01
-5.100657366110692564e-02 1.264919797008426272e+00
-6.239498077751288729e-01 -3.572075327112104737e-01
-2.151820322005722208e-01 1.131212523642527445e+00
-1.920711123505985496e+00 6.018943302486142732e-01
-7.193513204111331438e-01 -1.748386111328699366e+00
1.677255811247139849e+00 -4.063066556937557361e-01
-2.847304739175838817e-01 -7.497537775490749068e-01
2.554649992359894206e-01 -5.205581328162556254e-02
1.090366383556306690e-01 1.516953719805485434e+00
3.352028594076457146e-01 1.648287879872523676e-01
-7.646375317475762046e-01 -2.307904584094012446e+00
5.337549693443651710e-01 4.163488891813442172e-01
-1.686957682673022874e-01 7.916403098350605072e-01
4.936419146028391824e-01 -1.078240537921845155e+00
5.742586118599632972e-01 2.368022661523762895e-01
7.289027034851515152e-01 -1.906736444540169106e-01
-6.090651720602879848e-01 -5.148356594377253570e-01
-1.170263094530967107e+00 4.161526587337678329e-01
3.542998244311288403e-01 -1.256083314898924996e+00
4.834505291047994091e-01 -1.482058892523757443e+00
1.317547501762796058e-01 1.186402641389356638e-01
-2.339573748870087400e+00 -4.217543026724008826e-01
3.376914698156299743e-01 -7.001389172426756291e-01
1.962498405014164726e-01 2.775876613810604465e-01
-3.446146514092435914e-02 -1.409280265424325718e+00
1.944011096704425512e-01 -6.891801963622229410e-02
-1.452024716413733874e+00 4.805828072375791793e-01
-1.096067985582420024e+00 -1.070679743218226676e+00
7.512717850101310879e-02 -1.234496799889477137e+00
1.225288513599272211e-01 9.125775640126025934e-01
-6.651294077794682735e-01 -1.623746531382568969e+00
1.811875619159811990e+00 -2.641461919659253144e-01
2.994045553695782735e-01 7.970884603639728505e-01
-7.873446023087001810e-01 -1.104331730017096280e+00
-4.431642292127652150e-01 -7.285170371886153795e-01
9.138455218051531048e-01 5.186375493017512106e-01
-9.099859357434214591e-01 7.929060617904664099e-01
1.600593380702686752e-01 2.341874960381744308e-01
8.095283849688146294e-01 -8.834132460709832602e-01
7.072179062232064606e-01 4.467737772361182746e-01
-3.544252701329043270e-02 -9.873025797623549149e-01
1.591792932392150250e+00 -3.083800427832327773e-01
-2.695128095549033098e-01 4.450739516537141616e-01
1.979265095581324574e-01 -1.685778131880697250e+00
5.874499061511708753e-01 1.083683076169637438e+00
