-3.572818755330482432e-01 1.872679305075002576e+00
-6.663943683693551723e-01 -3.189056139980357418e-01
-4.398531274578439954e-01 -9.501855407461383685e-01
1.780144657991815427e+00 1.482295954932995929e+00
8.485470641799253144e-01 1.958043445385996839e-01
5.941666650110091208e-01 -6.326862621229593087e-01
-3.795966984610791295e-01 -8.348994004370747790e-01
1.949434744516846285e+00 -6.656014551512097199e-01
5.269781072635291164e-01 5.258096904382409953e-01
-7.737252582756021235e-01 -6.152143805452757741e-01
-6.445541400591978665e-01 2.066333614115396067e+00
1.954841085629045461e+00 -3.950479226904628494e-01
1.616215822924224943e+00 2.335966432397879877e-01
3.454132472399133458e-01 8.751587831810964113e-01
7.109791401432947744e-01 1.143449278743877029e+00
-4.522503378513793026e-01 9.283592105532779692e-01
-8.122717555529423983e-01 -1.821454704819887027e-01
5.555540428524217145e-01 1.277170782970030949e+00
6.180062591724362342e-01 4.211775709036509885e-01
1.537634555363411204e+00 2.034192303823418868e+00
8.473341345838081295e-01 -1.840196949040508789e+00
1.526913650406862111e+00 -1.357042515306042807e+00
1.056188701972729849e+00 -8.241082445557360581e-01
1.074104009419263317e+00 -5.013837628888583309e-01
1.187347911710425974e+00 4.945199301445123430e-01
-3.427470472557971326e-01 -4.238622163299368140e-01
-1.242346057042002516e-01 7.973406471112448601e-01
-1.552163099069434171e+00 -6.725559933149538594e-01
9.619612897555329667e-01 -7.223810002855503010e-01
2.016976066639153131e-01 -6.648995739428593676e-01
-7.409603284451330429e-01 -1.264247423218188171e+00
-1.216258506541936235e+00 5.553805935730049548e-01
-1.150402001615355996e+00 6.819632799954710167e-01
1.159830398848640920e+00 -9.845246369926311525e-01
-1.414653724180514952e-02 -9.162240153445879581e-03
-3.030573461808197533e-01 -1.612717455549772971e+00
1.644298625723975338e+00 -7.212205379141577444e-01
-9.708559519560039375e-01 -5.048024820200156526e-01
-7.287494475284665985e-01 4.809552387808019303e-01
-1.652060256774814162e+00 -4.750616296068483346e-01
6.427043010433564074e-01 1.097375280508254169e+00
5.440185569963271739e-01 1.584777635452088440e-01
-4.575847282546611217e-01 1.667907340450386078e-01
2.124119512256545494e+00 -4.035073483470407174e-01
-7.902138020712934363e-01 3.777058674837123209e-01
1.000933352813963895e+00 1.667601247056922142e+00
-1.307930997158694986e+00 2.447243035679842915e+00
-2.018375092164703677e-01 -1.271497185766659266e+00
3.078072263199911340e-01 3.846292026593986502e-01
2.013626911792010699e+00 -9.310495931905637956e-01
-1.294087086031685319e+00 7.382321596854402035e-01
5.183678623870160429e-01 6.269255615506813539e-01
1.222672974111514099e+00 -1.376450141107037561e+00
5.808291812185726322e-01 1.188174942945847468e+00
2.842091842696077286e-01 -2.003383035228454012e-01
-9.589832557785971101e-01 8.549636928701990213e-01
