-1.020547436990035806e+00 -1.023828949601661292e-01
-1.494085376317212610e+00 1.384453074045349563e+00
4.202040126052573044e-01 -3.426292127845247393e-01
1.151497237923083672e+00 -2.199442502242284103e+00
6.766285078851345114e-01 -8.691266124182086550e-01
-9.183473470486496204e-01 9.704709420572783518e-01
-7.489345493748583715e-01 4.244318021455381618e-01
6.371045515466512710e-02 9.331537444908742929e-01
-1.938431114871141281e+00 4.914548430165084913e-01
2.328416974988703828e-02 -7.040764223759217177e-01
-1.955595577299989452e-01 -2.208546346933591309e+00
-2.923774096011828028e-01 7.126764641856233595e-01
-7.170618629371446895e-01 -4.108828902918192361e-01
-9.229880355687466453e-01 4.258214370036309537e-01
3.769648417425633391e-01 2.230433776266268708e+00
5.206270898088278809e-01 -2.246082598090208826e-01
4.183449885047234029e-01 7.262863774688737006e-01
-5.694881724704721204e-01 -6.082577848910047935e-01
-1.136475960957386899e+00 -1.189518818891380558e+00
-2.824704675350901972e+00 9.147582741249089544e-01
1.588235648595296423e-01 1.082390882278651961e-01
-1.328615148949314761e+00 -1.291762560463864951e+00
3.698958448292851697e-01 1.049000501492361792e+00
7.029039898299966893e-01 -1.534796520568002309e+00
5.960450393849596740e-01 4.621734615185701389e-01
1.537081152774763870e+00 8.813343962183221025e-01
2.111484618459181117e+00 -3.278063961565744200e-01
-4.412861379848383447e-01 4.532718734810824435e-01
-9.356669840050053644e-01 1.235835486562738339e+00
9.710009707358310260e-01 -8.120339938777833000e-01
5.879482682688450534e-01 1.046254915420444132e+00
1.387053146927859082e+00 -7.451273729491452169e-01
4.972428349467026831e-01 4.287447812739938469e-01
9.594668859915473913e-01 1.245018172053653061e+00
-1.880766355889032626e+00 -6.147131156446024036e-01
1.060060060510233493e+00 1.447037076433550951e+00
2.387009160744847147e+00 1.389583398130322278e+00
6.777904629880759924e-01 -2.448525062528759122e-01
-9.382289822049389993e-01 1.551378327260723555e+00
-3.877585504938615979e-01 -1.832788025581273850e+00
4.952244101968925616e-01 -9.776705402212738649e-01
-1.285469763981133662e+00 -1.184522945248752013e+00
6.704260235518187949e-01 -1.259661529128358604e+00
1.394957222979750222e+00 -7.666218788184835098e-02
-1.694112577712836298e-01 -2.472085927195848409e+00
1.544852939722073604e+00 -2.951324251777803220e-01
-2.579260708122518841e-02 -1.213007208724158570e+00
-2.424367406987573137e+00 -1.174715201027167893e-01
2.800386584988150962e-01 9.553266359106984407e-01
-1.662671377219063329e+00 5.236470143259699395e-01
8.272513875307431486e-02 -7.304200040654904580e-01
-2.488359379504875957e+00 1.600633684142655611e+00
-1.757282964481663989e-01 1.534634509041258033e-01
1.005735929707502141e+00 6.370500227691036077e-01
-9.572741161137464649e-01 -6.305002124566703170e-01
1.601540396378710263e+00 -3.389586901729005342e-01
