-1.322434944911813126e+00 2.413413509090344411e-01
1.232724279504057607e+00 1.446746936606563061e+00
6.926354402953344147e-01 -4.420414084375674513e-01
1.697246209089144919e+00 1.512267058164540601e-01
-1.494134921957267714e+00 2.247952704932563439e-01
9.774565680504859744e-01 -2.981172173449309071e-01
7.389363391273222337e-02 1.860114219433785243e-01
-6.103832739609462710e-01 -1.487354645284530541e+00
-1.615039581623416431e-01 9.255785314699464805e-02
-3.177994150310679555e-01 -1.111566364738622026e+00
-7.420881619758813441e-01 7.673220221131628327e-02
7.436102368624230019e-01 -2.314045225876445178e-01
1.644038000253892795e+00 2.183716325419093537e-02
8.205537687395508817e-01 2.394984222756952608e-01
1.208038965823217264e-01 -1.215022791261295865e+00
6.502220071374293919e-01 1.668636132968744468e+00
7.391332145759220706e-01 -3.479372578660796522e-01
-8.893120486975949479e-01 -8.854996101531921182e-01
6.382843011917513909e-01 1.628265831458772794e+00
-5.369955224905373914e-01 1.946229242072652132e+00
-5.387886014626178666e-01 1.763620596700423038e+00
-1.360873565214949288e+00 9.088501573173060066e-01
-3.448253172484413431e-01 2.462971029305634496e-01
8.012933639173076827e-02 3.237908415632296810e-01
-2.140457040641711439e-01 -1.560387391274683289e+00
8.788564495533316423e-01 8.298956181037616675e-01
5.577649847848969999e-01 2.933541559108872931e+00
-8.180584099351394523e-01 -1.422612315283273920e+00
6.865183980129005992e-01 -1.465408416566633898e+00
-6.548521332998327171e-01 -1.754063652232165538e+00
1.974635388314114115e+00 -2.951283543972821888e-01
-1.126003946499867681e+00 2.847259591168542492e-02
-3.189832122879402987e-01 9.417729016516429574e-01
-1.728422535714290165e-01 8.905419015811107952e-01
5.237578960426854113e-01 2.242181903983887503e-01
9.303614666173987136e-01 -2.152128411392657981e+00
8.653623091278483948e-01 7.350440967332799724e-02
1.978358815111576074e+00 -1.816042408587513091e+00
-4.944509376177698701e-01 1.404080351658114179e+00
1.076210518735169153e+00 2.542748501644062631e-01
-2.069315818927746076e+00 7.421299271508230433e-01
-1.394009002829575072e+00 -9.660866887963329153e-02
-2.304993351123479695e+00 5.728331065181902632e-02
-2.612063925632682748e-01 -5.531998900346269954e-01
-2.904142335530037200e-01 -1.295529058660080390e-01
-2.677730214256585639e-01 -9.597094190276252990e-01
1.058768127005215609e+00 1.799763948877192155e+00
4.808919099907830175e-01 2.059603248999729797e+00
-2.190041643063396659e+00 9.134574050921202559e-01
3.920662776910596725e-03 6.338703973926156088e-02
1.741069892599430430e-02 1.366706169313342434e+00
-4.003088353013794509e-01 -2.273529168815692780e-01
-1.312608965153898577e+00 3.631626929737191145e-01
-7.880517995188610625e-01 -3.319228287552085099e-01
-3.405885475311243304e-01 -2.761868129582308873e-01
5.569259878147541087e-01 -6.190857166150841584e-01
