-2.735416415397344814e-01 8.151395487326508205e-01
-7.840044042298742744e-01 -3.550169657898304965e-01
-1.199562158976037241e+00 3.831947006377672271e-01
2.178468901388511458e+00 -3.222494519866288543e-01
-3.445967121835279423e-01 4.975306281321873469e-01
-1.299997681656963167e+00 -2.103167249004958828e-01
8.003220666664836447e-01 -1.577518109684607150e+00
8.387950213285059187e-01 -6.364770642518420285e-01
-8.412325345317136494e-01 -1.352487645662829419e+00
1.094087050536568295e+00 6.765360596717903130e-01
-2.674684220682381208e-01 7.178601296720249492e-01
-1.057335156533075304e+00 -3.038393841501649262e-01
1.034288313499388545e+00 -2.696647873054698885e-01
-4.320184402623136743e-01 -1.101619608417457430e+00
-7.379519539933186989e-01 -1.387571541537457209e+00
3.029988009088953604e-01 -8.269091362809089310e-03
-3.575963362624087205e-01 -2.746434312755626772e-01
-1.772368204246514534e+00 -1.549646050097415462e-01
8.673081149447362526e-01 -9.620361897057645717e-02
-3.965582337562204018e-01 9.217601602658799242e-01
-1.421044240553881011e+00 1.385771011076954329e+00
8.234525981035309972e-01 -5.120059939377210600e-01
-3.049841669677160194e-01 -8.576012493371292233e-01
-1.405213301132654191e+00 -3.800830347171333390e-01
-8.729962664331424038e-03 -1.334651351801877939e-01
8.272817342197359702e-02 -2.209841406475829828e-01
-5.049733617098692839e-01 -2.476516709842628283e-01
8.624716872241044996e-01 8.805715663395838888e-01
-1.336959541675426522e-01 -2.306649461918302835e-01
-1.282677286849704501e+00 7.293110022385400626e-01
1.621822709626156600e+00 -3.769482288499038658e-01
-8.518586268443474330e-01 -3.261485720998965054e-01
1.885408929430560931e+00 2.914394334763161787e-01
-4.460273409564711189e-01 9.202720884369477439e-01
1.092508913059904829e+00 1.294013503724890990e+00
1.141622470451100435e+00 -1.262794776750198467e-01
1.677834501843167736e+00 6.672071603634368575e-01
-7.420262635519415950e-02 7.587610608801202972e-01
1.343355739040374280e-02 6.473219110716373903e-01
1.497652886676992257e+00 -1.333672131429435304e-01
1.080515434186262613e+00 -1.855724414669288391e+00
3.281719447926553235e-01 -1.117700456673676075e-02
-1.429494857801775431e+00 -2.375283856638201463e-01
3.400457111542140032e-01 2.013749239877992425e-01
5.751438431174650256e-01 4.274186518657903389e-02
-4.379252210479763763e-01 7.506476233917271923e-01
5.879279479962740140e-01 -1.761298501187127385e-01
1.260958103913371930e+00 -2.933201516045724211e-01
2.399494550910457491e+00 -1.609170293182304645e+00
1.452181555655995604e+00 1.227934182214225789e+00
-1.976321163104703738e+00 4.960485541452847036e-01
-1.422952804230405155e+00 1.051645774834265357e+00
-3.522511339480703940e-01 -5.865448310393522879e-01
-6.609044030527205793e-01 -2.679765019608026932e-01
-6.105867176220013404e-01 -2.330064198726010449e+00
-1.064714111123124390e-01 -4.376967660612412492e-01
