-6.593095146551686270e-01 3.741130393481658656e-01
1.149252424970251152e+00 7.397642124087755455e-01
1.758155932957407908e+00 -9.182699977776888067e-01
9.484175601102904363e-01 -4.119240544265783122e-01
-1.721070229206354441e+00 3.639571373027682410e-01
-4.916652756782507461e-01 -9.579329354491245008e-01
-1.308485583098793370e+00 -3.643605664203631439e-02
-2.152357621847584834e+00 -1.791030505497581249e+00
-5.034150608400590476e-01 1.459099927264019270e+00
1.317139687683724636e-01 -1.098930259048983782e+00
-5.446309382541071331e-01 -1.049377440841113396e+00
-9.352898324530690699e-01 3.937634025990134901e-01
1.757361855834356501e-01 -8.526937874205792189e-01
2.512902437229198593e-01 -1.526355841309739114e+00
-5.772364682388101409e-01 -5.249695169551056584e-02
6.766923706346984480e-01 -3.107631796512512756e-01
-5.244237164430958220e-01 -5.609782042660689250e-01
4.865199769081871017e-01 -1.346834465329762143e+00
-2.682564034441172751e-01 -4.944273011525759931e-01
4.817118863408815232e-01 1.347582972275859436e+00
-3.211574568045175715e-01 1.995614567387633542e-01
-1.998120713619290223e+00 -3.851266196427208799e-01
8.907630744559759117e-01 3.800437543926992179e-01
-2.049628154828068705e-01 6.834718768442590298e-01
2.632703588467143543e-02 -1.123097718050971361e+00
-5.516308750740259725e-01 -3.596279113542065753e-01
1.494930267866238172e+00 -5.263411360900522862e-01
-1.119617071825503629e+00 -9.858254231583125637e-01
-2.083401222491876759e+00 -6.371254805432918777e-02
-2.576645789931630293e-01 -1.135710894534853965e+00
7.303798482909361622e-01 4.139246674753747218e-02
8.402853926353471836e-01 9.130131562427444836e-01
-9.635118290846832467e-01 1.174953379209167981e+00
-6.647288243717835998e-01 1.013257525910300938e+00
7.455476721749225433e-02 1.334578599211137195e+00
3.953277312064354398e-01 -6.204194578355116674e-01
1.131054959309505392e+00 -4.073914034653966509e-01
4.092190018128675222e-01 1.736553652616250831e+00
-1.816200728267452824e+00 9.678924180859736770e-02
2.520766094590179751e+00 2.431862494066865110e-01
-9.089861529937562912e-01 4.780401468504353879e-01
-4.812154294047547853e-02 -1.163728655830901237e+00
-1.333644853005289954e-01 -1.360904793146525682e+00
1.753507498068779702e+00 -1.060330042029228037e-01
9.856606689914182429e-01 7.417478838252693496e-01
-5.216493039754747096e-01 -9.230093180365718242e-01
3.570144254815039719e-01 -9.674600198062542900e-01
1.129183226007937524e+00 9.318283298555188887e-01
3.536734921499123246e-02 -1.917936575056036208e+00
-5.880943403213098053e-01 3.191787306918775213e-01
-2.219106887323369470e+00 -1.505179945467025382e+00
-9.677088263006621283e-01 -1.812530443320375273e+00
-8.591144109273143314e-01 -3.697447373243067381e-01
2.458097136824062279e+00 4.525385921055005700e-01
-4.455167789898395458e-02 1.580294969673358807e+00
1.168163723152737088e+00 2.251668509352640901e-01
