-1.454331383324327653e-01 -5.372308080307347522e-01
1.280874312588391462e+00 1.444668110809356198e+00
-5.492947158402268215e-01 1.724655233972605117e-01
-2.785871226560359126e-01 -4.810947927769646526e-01
1.481550954849485402e+00 -5.887688769677505984e-01
-1.411695750662282256e+00 -1.643925259287421503e-01
-3.902292526998824007e-01 1.177454466997392757e+00
9.901100949016234942e-01 -1.155828516072878287e+00
-2.163766483169233812e-01 2.003217629054918181e+00
5.431539244867165106e-01 -8.203421191621660391e-01
1.616020544081094412e+00 1.477965732686647327e+00
7.491674877841736357e-01 -2.683614080110500177e-01
-1.217694066238191875e+00 -2.865821214358538760e-01
1.283128417780675878e+00 -5.731897286791014512e-01
-3.875596771865783552e-01 -8.490351127778233975e-01
1.326766816450445363e+00 -2.742132914058151294e-01
-1.361549276116640061e-01 5.804419673789962264e-01
-1.786494324832169078e-02 -1.312698804100207228e+00
9.153237365106375867e-02 2.738285901303318462e-02
-3.423888263707443591e-01 2.430590822258557604e-01
-1.728774922443896411e-01 -7.354576209755500638e-02
8.830426569532180414e-01 -2.363500920467684896e-01
-1.290521886271419616e+00 7.095902358385527409e-01
-1.240988142321782117e+00 9.110884157651691906e-01
7.305266398633876168e-01 1.918022863756581875e-01
-1.126270810957785029e+00 6.858092224604059872e-01
4.416990285937245631e-01 9.703367908636884032e-01
3.445491689798037549e-01 1.335526152685760914e+00
5.058502864524360154e-01 1.902414573793387020e-01
-7.083447069851669387e-01 1.489648165908994126e-01
5.892811768422107771e-02 -2.899623297018784074e-01
2.308707155570580982e-01 -4.591357089587527196e-01
-1.116681059346841254e+00 2.103962793717364388e+00
7.169505930742056110e-01 -1.207481531130566166e-01
7.786894000246258329e-01 -1.345506075416913472e-02
4.098452771681563855e-01 -1.352093837250126995e+00
1.542416327318252289e+00 -2.476784540996209483e+00
-9.455887628989819715e-01 -1.532114831421836909e+00
-6.097455652816300420e-01 -1.412392446720885708e+00
1.677356709296243142e+00 3.070803024170152273e-01
1.580119607926986580e+00 -4.781166582136118226e-01
7.660707338276482314e-01 7.502512161514616196e-01
-2.062020280428085994e-01 6.953396001585119279e-01
-8.383285238883189106e-01 -1.551238752469355150e-02
-3.154199467281035840e-01 2.602231783072813109e-01
2.559120228549148154e-02 -3.202380220254194554e-01
-4.173858350718811505e-01 -9.280126826229488646e-02
9.729968357263899525e-01 -3.838582247043620388e-01
3.328336653464722961e-01 2.054739377685046442e+00
6.039195070318649217e-01 -3.340355090640955149e-01
4.356266705440158815e-01 -4.258951394759103587e-02
-9.841363432776458753e-01 1.422510724806159033e+00
-4.266510839346377426e-01 -1.684459235084961315e-01
8.253007667493659216e-01 2.516072003705855376e-01
2.419121914022735353e+00 -1.389234564143668305e+00
-5.888108106057688973e-01 1.318416553815135117e+00
