7.453896554782029060e-01 -5.252335489385517864e-01
-1.807995139920065553e-01 -3.643917026459719821e-02
1.073987366465875004e+00 -8.099086954531929672e-02
1.160487867593877898e+00 -1.749792939879471598e+00
5.711784244045189363e-01 -5.361561864880474149e-01
-2.139318185904883762e-01 1.300785668442246135e-01
-7.686005374322605332e-01 -1.455899123670383766e+00
-6.273389484507674307e-01 2.846656182710700644e-01
1.539065543909329536e-01 5.707351740959243358e-01
1.616073715770482089e+00 -8.723673765841234440e-01
1.545603957091599368e+00 -1.080477496874922977e-01
-6.805221747261799292e-01 2.820797939283564149e-01
9.861265060055273146e-01 2.139110517738455730e+00
-1.373913224709137015e+00 8.171037713345015163e-01
8.170888554241209079e-01 2.561947371210619995e+00
1.284231277073015987e+00 1.070319319548466153e+00
7.839779179411084931e-01 -5.916983994069013875e-01
6.563480250242510472e-01 -1.838338903242420219e+00
-8.172351230363064101e-01 -1.205283022879926058e-01
-4.443438433508641316e-01 9.643062032541718231e-01
-4.879453232252820016e-01 -4.913488503556566189e-01
9.381833248600293107e-01 9.625458195327942779e-01
6.171660081621542782e-01 1.064224761117525953e+00
-1.029015779822525234e+00 1.604807692279271780e+00
1.462890842105208256e+00 7.752117072441311318e-02
6.369961038401894537e-01 1.796894213052364908e-02
3.297906815071038888e+00 -4.933630863754971951e-01
-2.001227370372595793e+00 -6.708598786752790755e-01
7.093132404399876689e-01 1.028758191773069042e+00
5.377539369150717841e-01 -1.445959580423675339e+00
-3.705601700584019720e-01 4.254525407799982228e-01
-7.214988124559122973e-01 -4.816912042956397189e-01
1.430061149483260463e+00 -1.296697117090224616e+00
-3.636565731587598216e-01 3.764447600170889863e-01
-5.189152288773765109e-01 2.404445695561338303e-01
-4.611080194888543260e-01 1.380795479448078122e+00
-1.529014399243467381e-01 1.104549577371151337e+00
-1.383177519253671717e+00 -1.785918561527437276e-01
1.358320715526100397e-01 -7.585156420139758104e-01
2.843500900591257596e-01 -4.678147509030534668e-01
-1.553640977767700271e+00 -7.254597016803064902e-01
-1.889439216902946361e+00 1.806693942896305666e-02
-4.937322757777938831e-01 -6.424061936260891947e-01
7.685020088979481745e-01 1.735494425591574963e+00
-6.541609394813691081e-02 -2.910872338744980303e-01
1.975431685846144259e+00 9.379779689694166533e-01
-3.257803867459920788e-01 2.675982081843715776e-01
-3.224191644907093424e-01 3.311266456863244390e-01
-9.894453650109281961e-02 -1.730475617536946509e-01
-8.869381017920553445e-01 -2.029037273760746274e+00
4.336540853055771971e-01 3.694425177602799204e-01
1.099933714714180333e+00 4.315143832455335948e-01
1.185428338310990481e+00 -5.615211829088870843e-01
1.550739420929863943e+00 -2.271517045243425681e+00
1.348122120628248988e+00 -5.226057749889096993e-01
2.494490863381867152e-01 2.441400640490638985e+00
