-5.292389932366758920e-01 -4.814688870582954916e-01
1.566367219966639190e+00 1.960494573210826708e-01
-2.484121619210366005e-01 -1.221838828026724055e+00
5.584629857194541858e-01 1.325106798216717952e+00
2.049704244624170002e+00 -3.275632625881254034e-01
2.297000341933156609e+00 -5.786531049038334817e-01
8.894911108933857280e-01 2.485207835463744408e-01
-3.164388299239017099e-01 -9.840019577421891261e-01
3.956583883528970169e-01 1.554344578036718438e+00
-3.464185374919477312e-01 -4.692154219139622051e-01
-6.478246614764918698e-01 1.059165994431360058e+00
-2.209346156001799899e-01 -8.189887284665835487e-01
3.964581406093943827e-01 4.703668830610074347e-01
1.101807117873577907e-01 2.795642761028044876e-01
-2.525016652283807450e-01 -5.740248581464101330e-01
-9.555866382749568233e-01 -9.953517734742156620e-01
-5.817168651207454966e-01 -1.661908200158971560e+00
-1.601720161102814899e+00 4.193688081606418705e-01
-1.821028159863625540e+00 1.262786474441453199e+00
4.902375195635192417e-01 3.038330858623707886e-01
-6.235914316965746051e-01 -9.868751318896926139e-02
1.540238192230413361e+00 -5.228709955804780041e-01
-1.625136422601179742e+00 1.122610939164466082e+00
-1.908709846811788291e-01 5.095748249203516100e-02
1.299738727307035990e+00 8.523990589536847851e-02
-2.939918841004847683e-01 -3.437285268227357471e-01
-8.479801264616133871e-02 1.167833871745379559e-01
7.534431809226749266e-01 -8.472635349124713056e-01
3.865215631931631646e-01 1.305158304247653334e-01
1.664454003702195983e+00 1.390141770413483968e+00
-8.707840399317022806e-01 -1.365504741187034132e-01
7.766521740875080848e-01 -2.520594474504199156e-01
-1.946578470208772282e+00 1.595256042831759702e+00
-2.475590242727766788e-01 6.430298310758408853e-01
-7.421795267706262633e-01 -2.046292324300003074e+00
-1.287528590832486053e+00 1.051095958153116738e+00
1.412177117913431257e+00 -7.229360516302418826e-01
-6.589789063742155228e-01 -9.892418384648520302e-01
4.689206149843985760e-01 2.043782222167174131e-02
-1.988790771702464655e+00 1.209747414883449945e+00
-7.450468986556398887e-01 7.942724917699185427e-01
-2.975151600715937317e-01 -3.050737367184066517e-01
8.837720849521166211e-02 -4.261494924539030449e-01
9.890958803248924014e-03 1.067498050817698774e+00
3.396314416791089474e+00 2.775866946238174093e-01
-8.153672100729669747e-01 4.731461548898768799e-02
7.616524067594224734e-01 2.701912617128391370e-01
1.424863802970518289e+00 6.051183379605626911e-01
-8.514612556537242138e-01 -2.672069354914188843e-01
-2.201951638007868528e-01 9.179533217866451267e-01
-6.821818020191739995e-01 -1.084219413308707969e+00
-1.011519692339091780e-01 -9.123694567404622147e-02
-1.157569626938916407e+00 6.455542062860140096e-01
5.675721937323631172e-01 7.965387388929634493e-01
-7.486601796397492903e-01 1.438967986631061180e+00
-1.515479963112127404e+00 5.917291253021847997e-01
