2.113441317078935455e+00 -2.447854419182848851e-01
6.618255730418557414e-01 -1.131961872526788593e+00
1.446310950436903164e+00 -3.607297359570552642e-01
-2.014157654230857020e+00 -7.711293762565517573e-01
-2.461240124931833306e-01 8.738215383392979874e-01
2.081958579239790441e-01 2.345426345078536201e-01
9.696956403095348120e-01 1.270206802290005266e+00
4.504403596394342818e-02 7.033849726999842622e-02
-2.074352773769714414e-02 9.424908198086516531e-02
2.917977832001305005e-01 -1.178183489364977632e+00
-4.877001842526936803e-01 -6.290775981935228245e-01
-1.522467601151044070e+00 9.229844111349480018e-01
-2.615209730259227539e-01 -4.471916243867075091e-01
-8.969823995512208326e-01 4.096013449104733417e-01
-9.473194204628396786e-01 2.004303488142180900e-01
-3.908571238656486924e-01 2.116009494397673496e+00
1.826021330358929440e+00 5.959406589666214060e-01
1.032898128816942540e-01 1.926558293092013319e+00
-3.626537221600511368e-02 -7.189215805167149531e-01
-9.964801075736379188e-01 9.079248233807016843e-01
2.834231754309593510e-01 -1.625306730574906447e-02
-7.043529450637990852e-01 -1.676277134977684602e+00
-3.704458657557813672e-01 -1.607412632930875107e+00
-7.512435512531923099e-01 -1.289950808847992292e+00
1.617493226497783987e-01 -8.896771065563826575e-01
-4.581582223416018063e-01 4.010181639846449597e-01
-1.540462692041893122e+00 4.990481889911273505e-01
-9.409554646491958829e-01 -2.301750205802432780e-01
7.333613078127083906e-02 5.633368685390631736e-01
6.121705886652825113e-01 1.443632991402608590e-01
-8.112826741501241723e-02 -6.444869062596284004e-02
1.028486159911400494e-01 -6.494088437250996604e-01
-6.508331082450763416e-01 2.458780271935225303e-01
-8.681133712289893500e-01 2.432181413041727691e-01
-2.067286257505084046e-01 -6.013868625521511246e-01
-6.236715916221955425e-01 -9.432530328612780401e-01
5.871112919031679089e-01 -1.673293927523824332e+00
-9.364724477934280866e-01 -1.659715754986048064e-01
2.533679130411749192e+00 -1.831682765168672899e+00
-1.450246896421066412e+00 -4.224057854211778484e-01
1.823442093249540763e+00 -7.961879124280877296e-01
3.459911544628679891e-01 1.552221269596493647e+00
-7.627206283282645938e-01 1.413727779141640051e+00
1.447407145590327238e+00 -8.575168118005859208e-01
5.245031868919218798e-01 -6.496936811295738190e-01
5.962326648716480548e-01 -6.645091961437872286e-01
2.277769025528013191e+00 -1.777501048629127167e+00
7.739260796004949761e-01 -1.318496302978200196e+00
1.364487610944569607e+00 -3.732143067306543105e-01
-1.353009163102733892e+00 2.884690825703836725e-01
8.114977551580421222e-01 -1.290333813943287611e+00
2.441370732919947301e-02 -6.349720969126212977e-03
8.404293839997142301e-01 1.173787201109611988e+00
-1.032651841628396516e+00 -3.674615772176082484e-01
-6.936417565267345431e-01 -9.561347091245979701e-01
1.916520458901860569e-01 5.200307543428169810e-01
