-1.188826190751945955e-01 -6.207181352429423926e-01
-5.714844512558137080e-01 -1.141121684710501238e+00
3.059215489755039430e-01 8.702829178978312985e-01
1.782043448465681301e+00 1.631671875916405501e+00
3.040248859192334896e-01 -2.493426475156632627e+00
-2.711997710845331366e-01 -3.053701026378177197e-01
-2.163749567345927549e-01 1.322283584267518686e+00
5.873104501661927657e-01 1.560238553640425629e-01
1.398449997844790627e-01 3.625763823479959957e-01
-8.966188507357060189e-01 9.997222333030567620e-01
-1.024092512699741997e+00 1.118768478828516377e+00
-9.405062786768164651e-01 -1.112934699099659142e-01
1.034428532462122602e-01 7.206047016333655408e-01
-6.141790117699585938e-01 8.221260076375271064e-02
4.009687265885920615e-01 5.157965019086906827e-02
5.975646635640205484e-02 -5.604801906585673565e-01
3.148077237824010721e-01 -6.981038380710169466e-01
-6.927533606069441463e-01 1.843691428383067654e+00
1.293849256350554588e+00 3.640998408747082582e-01
-1.304281994507962561e-01 -5.786966150754732086e-01
-1.770472542219475587e+00 2.095936148186689607e+00
1.345681278146603876e+00 9.166012638061521445e-01
-1.456465200815280914e-01 -2.391968623722040277e-01
1.408449336620484216e+00 1.266195041448632541e-01
-4.429086654809790136e-01 -2.203297384262797642e+00
1.081454850485106034e+00 -1.747429307510787772e-04
1.882842919645325797e+00 -1.757294839989576696e+00
1.276343772050463343e-01 5.269104748127031446e-01
-1.252622825947581342e+00 -9.221902356438215209e-01
-6.739915040322997930e-01 3.691181063547337438e-01
1.127268324663820570e-01 -1.377460112156576377e+00
1.759726523067302872e-01 -3.090488254818743452e-01
5.944366240060339202e-01 -6.635917550110359553e-01
-1.244318012329356904e+00 6.128774275572801411e-01
1.684312971153301142e-01 3.809608678564264106e-01
7.743146548240352756e-01 -5.713141622388870910e-01
-2.174589546315394806e+00 1.551396649903414193e+00
-2.412733731821368743e-01 -9.786431949571916533e-01
-4.550934676444512439e-01 5.860102935743057850e-01
-2.367398439916023889e-01 -6.589999112987625640e-01
7.607956108786240179e-01 4.950732568587543625e-01
-1.022221167725418933e+00 -1.468871224037239243e-01
-8.121039615604958017e-01 -1.610638252148018923e-01
-1.140876098657406468e+00 1.109433181036313165e+00
4.185375894758252002e-01 -1.811280345779943346e+00
1.431495766055682628e+00 -3.464788525560209553e-01
5.395859528120029724e-02 -4.697309839735485659e-01
-7.883533382271525891e-01 -1.452651507369315531e-01
-1.559821251762359529e+00 -3.582271425371197915e-01
1.265440316398814380e+00 6.122010861641088986e-02
1.608134309025251119e+00 -1.016925818709454088e+00
1.248722925264869749e-01 -1.175035545184670349e+00
-1.191459389016958775e-01 8.679586811259162316e-01
9.204741341332288718e-01 -1.292345983339352085e-03
-5.334954169771121135e-01 2.386847434010305857e+00
1.276382945985711670e+00 3.469832483084358543e-01
