-1.201364952134119202e+00 7.358826175631706379e-01
-7.751105036867376175e-01 4.991687143324328169e-01
1.137347245563643305e+00 -9.724103823973947458e-01
-2.308824426499306859e-01 1.351792437358058319e+00
-1.637559931692797788e+00 -2.783055904785263768e-01
3.009929431532071264e-01 8.767974513562106775e-01
-7.359579354668119855e-01 5.811361568171631298e-01
8.668809444285723309e-01 2.300506521282940919e-01
-6.476579329806836371e-02 -3.036236799553959642e-01
-2.634529155558804625e-01 2.609182070109691276e-01
-1.092663677549773782e+00 9.579204160134515700e-01
-1.188573552222076168e+00 1.962360460489797065e+00
6.004951373766612699e-01 4.401319481913355813e-02
3.735265442622326404e-01 1.567864240465815240e-01
-2.511118921116500258e-01 2.356710583924376823e-01
9.325781151899892318e-01 3.779097388942893043e-01
2.076877494198949570e-01 2.134593964829659019e+00
-5.285304718255693368e-01 1.272779197514455063e-02
-5.375888961229343538e-02 -2.045405061589115614e-01
-5.374887744051375371e-01 1.517802080221186456e+00
1.382659958024801405e-01 2.179767724812334162e+00
1.660656439769725157e-01 5.310526400824088222e-01
-4.935378087448224482e-01 -1.459443250910335277e-01
-3.194666792087794138e-01 -9.301002642583845459e-01
6.299346026015454347e-01 -1.533264642210778461e-01
1.199929043022530895e+00 8.376736794751107329e-01
1.059677322696001234e+00 -9.356949322509125130e-03
-1.839887336060568757e+00 2.520724669751702063e+00
9.357327300747595444e-01 -3.982443883194458634e-01
9.063832047612044862e-01 6.270418703768398938e-01
1.516836870192078912e+00 5.649519141994716609e-01
-1.035221849575160391e+00 -3.561637390240462997e-01
1.366459215998233612e-01 -1.576660541950723138e+00
4.741389700378351169e-02 1.600320506322067959e-01
3.503215856846181309e-01 6.993551581142524176e-01
5.131569269490762197e-01 -5.944477498229749912e-01
-4.456418033366399412e-02 -1.134861241674508303e+00
4.174684312978119149e-01 -1.358231266339883891e+00
1.010561535860801330e+00 1.354570881657576553e+00
-1.020310090036152362e+00 5.901441577783039794e-02
5.086458078432080088e-01 1.755251404241588098e+00
-1.181563290734917171e+00 2.479770252148762177e-01
1.422659018430317834e+00 8.678819723778093964e-01
-8.588793216032382105e-01 -9.143685781526827983e-01
1.753199824685196750e+00 -1.059118561766600131e+00
-1.897422714305691427e+00 1.833957294004560090e-01
-1.225490275016371200e+00 1.363145427081457584e+00
5.002151616921179933e-01 -3.418559251324852499e-01
-8.489230689296130977e-03 9.708605012642652632e-01
1.707238129964044338e-01 -5.559409552043067526e-01
-2.203011253521317769e+00 -1.260870055338803253e+00
-1.079121803318460637e+00 2.465700648803919925e+00
-6.019445486903843290e-02 -8.946026537405024071e-01
-5.645140164230582069e-01 -9.780479095316161331e-01
-9.415737382947100276e-01 1.329616476540903758e+00
9.232182659800264313e-01 -2.432875078005805602e-01
