-1.088691631434718810e+00 2.347117217062738570e-01
-1.263348522277883135e-01 -1.989500504357400557e+00
-5.343504966895622488e-01 -5.705939710796378295e-01
6.833806290710280062e-02 -1.870087297440774787e-01
-1.177429235604617652e+00 1.216371634611200792e+00
3.657629622380083600e-01 1.603844143946113465e-01
-7.658388795025375950e-01 -5.635750559591401476e-01
-2.224480406609539607e+00 2.868183336659202887e+00
-9.613231865949818378e-01 3.519118594903077324e-01
-1.746544041263857316e+00 2.685016348931467678e-01
1.247425561426457108e+00 -1.452171916064689094e+00
-5.933507436739972052e-01 5.492553224323766248e-01
-6.494350271531631469e-01 1.165503134608779634e+00
-5.714162456412040791e-01 -1.151462680194268673e+00
6.233933409743467324e-01 7.184067494105748075e-01
-1.681676040107681347e-01 -5.915506774514930344e-01
9.206024194137363281e-01 -5.771688516687489834e-01
-3.351756116488121551e-01 -6.734458784616204063e-01
-1.037240744870399745e+00 2.269316918772323444e+00
-1.817716130685492981e+00 1.079854475133285918e+00
-1.937998175736843354e-01 8.352406068925116722e-01
-3.512832368090773594e-01 1.019686070422820556e+00
-1.722569415922945157e-01 -6.520573700146854446e-01
2.656129096923177002e+00 4.661734041095950271e-02
1.197931744436994794e+00 3.412776842471174077e-01
9.714732441666035223e-01 5.300411426414474159e-01
1.320172796396241743e+00 -8.854973151471188242e-01
-5.428518609452525068e-01 -3.640789322685325513e-01
9.359766473826300892e-01 1.294573819827806949e+00
-6.126495061125285524e-01 5.465620978610707947e-01
6.700852089052622418e-01 2.393770288014920311e-01
-4.382353764254337536e-01 -1.239146170544683345e+00
2.264764149980895258e+00 -2.373326334845846930e-01
-4.337442457858794453e-01 -1.352946753528882495e-01
9.908519985242916217e-01 -5.481336914067016508e-01
1.159770566636601385e+00 1.180924933793841003e+00
-1.331542453556211925e+00 -2.226937616119946561e+00
4.321263496498731205e-01 1.283506600452571575e-02
8.646723058783217786e-01 3.489398492698960741e-01
-2.153852624481215894e-01 7.620613655690335886e-01
-2.399705813541510441e-02 7.815118540649929058e-01
9.692168115247077331e-01 -1.293455391268893306e+00
5.720892855686761092e-01 -1.309639470819413676e-01
-5.414049108996643600e-01 8.236810143204266188e-01
4.316836633849877036e-01 3.579016517581173340e-01
8.975346352020135976e-02 -9.839417193169021081e-01
9.206183230821379793e-01 1.409116614468317596e+00
5.552256784182750815e-01 -6.207146290792767696e-01
2.246433015797544286e-01 1.625011593701935819e+00
2.912650531675417542e-01 1.443797961520221218e+00
-5.723506228035284138e-02 -2.137972295809603906e+00
4.916432683835532669e-01 -2.084674361959160463e-02
-2.629075900998660287e-01 2.221766000083292836e-01
1.334852307168252206e-01 2.875573052144920094e+00
3.317481959662291757e-01 -6.524495521734084980e-01
1.643847717784449936e+00 -1.518785475481751135e+00
