1.473478650401002232e-01 3.663808312364791320e-01
6.645856922230434227e-01 1.043319545976737484e+00
6.247392230419306358e-01 5.196227885971904659e-02
-5.331914305979804647e-01 1.385088337856918095e+00
-1.371937560058050565e+00 -1.648564701777050612e+00
7.446085258108386951e-01 -1.212665681450677546e+00
1.483882001950034502e+00 6.118792213763534216e-01
7.253638462915268370e-01 1.313777753937001913e+00
-2.046728097687290582e+00 5.746998931497018237e-01
2.407820556682585544e-01 2.505234724546988034e-01
-1.762166553797217317e+00 5.419828610715815564e-01
1.996426991012145713e-01 3.327912972687061544e-01
8.805340893030525473e-01 -5.175809235965330712e-01
1.194522801518129951e+00 -8.718920923165489612e-01
1.175306256049434062e+00 1.093612603925149473e+00
-9.004760495013766075e-01 -5.005635085401115569e-01
1.953763951621090567e-01 8.600931928724631081e-03
-1.244879692346611222e+00 -1.492233791638058138e+00
3.785838501230008313e-01 -7.254751350341841487e-01
-2.325949596783372930e-01 -6.139938156281012915e-01
8.802216836312134474e-01 1.684609242533287476e+00
4.056613472835081668e-01 8.512735767573964552e-01
-3.709470477373983527e-02 1.640093667422284796e+00
-2.796989091474347267e-01 -2.117461329603772813e-01
-6.137044279336967278e-01 -2.871861902374390207e-01
5.778973128060673758e-01 6.666833210857477099e-02
1.214813706881343380e+00 -1.199206974140738957e+00
9.358765243022444391e-01 4.357152016326826249e-01
6.409989170311712892e-01 6.401316721401061338e-01
1.990151828087003694e-01 -2.289963344704073200e-01
-4.514423476187728324e-01 9.414241427612648483e-01
5.534591378460658462e-02 5.474687759274542431e-01
1.102032541564380574e+00 9.922877876934108610e-01
2.426022565153306831e-01 7.628142770414605423e-01
2.480424800908751781e-01 7.926909406388812362e-01
-1.248573424156717904e+00 1.198518107988842729e+00
6.726355490554435379e-01 1.656220453353624000e+00
-4.909016846122622457e-01 1.773949096959519522e+00
-4.752305010549801728e-02 1.221959383834071572e-01
-9.773721456962339293e-02 -1.523183536232969593e-01
7.941006531226656451e-01 3.442633681212826091e-01
8.117106968191425409e-01 -1.062911117638519337e-01
2.892832495086634093e-01 1.851151704050445268e+00
1.207825128953635474e+00 -3.585568188919674992e-01
1.178794654798308583e+00 -1.440541137449194320e+00
7.515432145456758528e-01 1.717102759207899787e+00
-1.171411439915538560e-01 -4.301004661653495265e-01
-2.800038988087423242e-01 6.133357545630014895e-01
-8.629682431453633562e-01 -9.632898174949861003e-01
-1.259130213577333013e+00 -6.296749090333798593e-01
-1.388551716868484665e+00 -4.016710276799599355e-01
6.134827123433344020e-01 -6.252225114476533951e-01
5.214019137610627075e-01 -2.147058477200529114e-01
-3.137543726159359725e-01 2.235179957600234857e-01
-7.739082300092089417e-01 1.069609588863496885e+00
-3.892295050699093317e-01 1.163722729835015013e+00
