5.478889793953384268e-01 -3.036503608771844442e-01
3.242329618727794460e-01 1.643486678368563769e+00
-1.258097663187839554e+00 1.023873210473060791e+00
-5.243013238404269361e-01 -1.599909106570101880e+00
-1.424250340601226572e+00 1.118462833594182637e+00
1.618688955623230230e+00 -1.089197150028013317e+00
-2.530269701515691638e-01 -2.339520382163502721e-01
9.793968443310956395e-01 3.709818375534947865e-01
-1.246381259596675006e+00 -1.786183059818682750e+00
-2.077181750250830738e+00 -8.880410614850737794e-01
-2.150434151109250902e-01 -1.023841736877873609e+00
-2.279524666454606496e+00 5.730138944238499787e-01
-1.450637339080367516e+00 6.382037362002564995e-01
9.691701157959342616e-01 -7.900633633941003264e-01
-1.737298165904914926e+00 -1.607624526949468224e+00
5.116988735384748743e-01 8.752095140877513835e-01
-1.591774190183060933e-01 5.995492869089448229e-01
1.551049055916730257e+00 -7.247621026609351036e-01
-1.186756137689571666e+00 -2.209693486435913568e-01
1.657581612140456073e+00 4.784670762004925026e-01
-1.529384244744429022e+00 7.858706920451409284e-01
9.234321839217292105e-01 8.927956485782984064e-01
1.155331720830450548e+00 -9.399006709011626937e-01
1.046560624699116815e+00 1.109683029690616163e+00
-3.785597659270651394e-01 9.023814308912012083e-02
8.732785693982789699e-01 7.060740433612344713e-01
1.070208601467978138e+00 -1.527290095893868438e+00
-6.772532969851665641e-01 7.251026887919287400e-01
-8.180006751351052152e-01 -4.108311970608264918e-01
-3.601237536088429114e-01 8.911796945997595421e-01
-9.689436904707658949e-01 -1.438922734198726412e-02
-6.511220115193484537e-01 -1.303406688480854281e-01
1.107542866681496374e+00 1.160337764755918988e+00
-1.238003843380939717e+00 -4.750873662858903224e-01
-1.173382825830959486e-01 2.718664507806120567e-01
-9.943788440368223069e-01 -1.949081631569675177e-01
1.010092965390204212e+00 6.983829009603480520e-01
-4.130449384683930747e-01 1.375207687819933744e+00
6.126710946884533771e-01 2.432475796602098783e-01
-1.279008865009003459e+00 -3.751739563966355884e-01
1.013414592584153950e-01 -5.563020372386903029e-02
-9.616557725576275750e-01 -1.060070440240219458e+00
3.379458510942320304e-01 3.071272720355478492e-01
4.546551484328081316e-01 1.133355622989159928e+00
-6.514670583733309650e-01 7.742851509837013202e-01
-9.365252208065925066e-01 2.197374022115386794e+00
9.837441629898660000e-01 -1.540389214827859510e+00
1.221648042258057343e+00 4.850597019827187495e-01
-7.964920547219241920e-01 -9.024673083208327728e-01
1.258891642858542159e+00 -3.875321435940096704e-01
-2.884125459366650990e-01 -1.862091769982851641e+00
-6.246901872508401343e-01 6.648949410393105719e-01
8.662652773198009637e-01 5.475881565544505891e-01
-4.303013887256511572e-01 1.266789106244314400e+00
-2.615472253295940130e-01 3.117456855626459800e-01
-1.035781419371107459e+00 1.270151548967693445e-01
