1.191524133335481350e+00 3.895111985123793641e-01
-1.688997853512610225e+00 8.147575597457201724e-02
-9.775003531326710565e-06 2.222082307276719293e-01
-6.745876960126460098e-01 -2.070626611795509220e+00
1.169062952436950437e-01 -3.401959956383849293e-01
1.457516006844713774e-01 4.821870643111666466e-01
-7.087044313994648181e-01 5.070864914856642036e-01
4.089415806781265261e-01 -7.976119988680539785e-02
9.561210689134564955e-01 1.139241862536578775e+00
-1.703389750083327270e+00 -1.215157907331116505e+00
-7.111036895251220125e-02 -1.378119740983589026e+00
3.669271426318185814e-01 -6.356254153210790792e-01
-8.971068355706154351e-01 2.930748806954593721e+00
4.232742485821145983e-01 -8.172686090580493223e-01
-1.358138666956679286e+00 -5.217860407418607460e-01
-8.502790235209112257e-01 -1.450641445173022293e+00
-9.402164304124059901e-01 -8.985860697877590120e-01
-9.614836014866883218e-01 -9.806007051093383886e-01
2.520828112997376635e+00 -8.046709462132195512e-01
5.332706068229260410e-01 1.806256917493827552e-01
-9.057549430314197902e-01 -1.111669178901332211e+00
-9.025164264385289459e-02 -7.854361005797303452e-01
1.109470843418977504e+00 1.617923700452525149e-01
7.200573567025664312e-01 3.871255819472917414e-01
-4.290898304944545938e-01 -1.377283042019925019e-01
-4.727229209660279152e-01 -3.416456333853166716e-01
-2.370470758497014996e-01 1.925109315267558241e+00
-7.221922163523641913e-01 2.299371351164138655e-01
-5.248237655151597458e-01 1.193037224777587113e+00
-4.477812304167381324e-02 -1.089648321748305643e-01
6.202000886125782486e-01 -2.667281858992353039e-01
9.492892434482129715e-01 -1.726749935226053578e+00
4.617601841145251851e-01 9.137360216477186103e-01
-4.815651794912178540e-01 9.208265322531899999e-02
1.014970198579709382e-01 1.598388368110240654e-01
-1.841077619172319269e+00 3.098223517404775085e-01
-6.747666505571183748e-01 -1.254639605487273935e+00
-1.541479253058530008e-01 -6.292809190828141386e-01
1.912826603374018219e-02 -1.318809287760868809e+00
-1.980956037957354310e-01 5.064285393011160874e-01
-1.014847464935587862e+00 -1.325633776295070954e+00
2.120964865229650609e-01 9.328826497809289409e-01
-4.081034289097854734e-02 -1.265479922950795810e+00
-4.387157574143216165e-02 1.332683490448559605e+00
-1.783130338758084632e-01 1.621427694060913582e+00
3.733001454544919440e-02 -3.844063134043527175e-01
2.374951185988322666e-01 -1.344866179898588587e+00
3.842322403448205637e-01 -1.452186462224809516e+00
-1.700662970506842786e+00 2.921758332786477674e-01
1.152466139611902918e+00 3.273280797791698893e-01
1.055629820038812339e+00 -4.167512914873265362e-01
3.503288653819492393e-01 1.009078830641389063e-01
1.019141964738571993e+00 -3.864602781604971060e-01
6.711774015390632453e-01 1.101034971075231184e+00
-7.348277806561663572e-02 -1.555757898719495103e+00
-5.297944501055044109e-01 5.801100542100579016e-01
