2.105374693858856450e+00 -8.089837399795631878e-01
-3.484535622340043659e-01 -7.558915679732874926e-01
-1.978877616275660223e-01 -8.582423762943995893e-01
1.181365027715193472e+00 -3.765732173678086325e-01
-3.204175737641264954e-01 -2.038901732092894381e+00
-1.072577582653355899e+00 -1.142774245941919231e+00
1.266521093779358342e-01 2.214232903149792708e+00
-9.492404893350764317e-01 1.479659128084134245e+00
-7.082197477372950134e-01 -1.469819428028786845e+00
1.058517985711283638e+00 -1.351787729207753364e+00
2.547295770200962844e-02 -7.477990608962766794e-01
-3.733308363281866993e-01 -4.566866041738717324e-02
-2.979316510862065615e-01 3.234480865459852805e-01
-8.021018115141126392e-01 1.404982046606549906e+00
-2.725964912025246600e-01 -7.349502631987144818e-01
2.348387783942596840e+00 1.488615527444590025e-01
1.494458618841514541e+00 -1.151141628275693218e+00
1.153550570882938997e+00 -8.205974967743011605e-01
-8.987914638320307903e-01 -1.107391630270504468e+00
-1.082983693766166100e+00 6.511480093515134016e-01
-5.885251052309432573e-01 9.036764939020510701e-01
-1.697649626285182345e+00 -1.259988905819477756e+00
-7.868367180548436757e-01 6.200269212373410443e-01
9.991021519438717524e-01 -1.146815923543067772e-01
1.517902327447838151e-01 -1.065262371012610093e-01
-1.636325900674616696e+00 -8.859363052297229979e-01
1.034333989920078328e-01 -6.265102599443043152e-01
-5.918678269976336281e-01 5.112671109932046543e-01
2.179602694901163207e-01 -1.242615965830548425e-01
1.241914746493629096e+00 5.182773965908927805e-01
1.485663151207946564e+00 -2.283197311538805174e-01
-1.783673714949316480e+00 7.523340613152724732e-01
1.099572308924544051e-01 -1.051471099124138275e+00
-1.106610987033510574e+00 2.696230607545733182e+00
7.606591307542014402e-01 -1.265611754340123296e+00
-5.821078324536290705e-01 -2.367971870916846910e+00
1.387951341190239107e+00 -7.527645841077298394e-01
1.294590360645289540e+00 5.794839045887090201e-01
-1.594808638284649360e+00 1.244530921026341996e+00
2.418499546498016073e-01 -1.131780127364472754e+00
-6.913005513464367535e-01 3.910548403442563048e-01
-3.238697697707167977e-01 2.456731638944314788e+00
2.942471613008760811e-01 9.688039249080649951e-01
-4.091445851909837617e-02 1.418978953687404898e+00
1.224147345832231393e+00 9.774037775300810083e-01
-1.687622166480510361e-02 1.857960424911696773e+00
-1.601321518333008287e+00 8.960003258149258631e-02
7.688596510022576158e-01 -1.151153286610411941e+00
-1.085572228540211404e+00 3.745713415630227416e-01
7.057521075950305978e-01 -2.286199997942653106e-01
4.872958381785523208e-01 -2.478953779090719012e-01
-6.425330682961840623e-01 1.925960100321336022e+00
-6.927786928326749027e-01 -4.833255823297659681e-01
2.643877040132552314e-01 1.691504203198394007e+00
-9.296198709311453978e-01 -1.827101412008621750e+00
4.303500033209585740e-01 7.340596693200663984e-04
