3.488631992934514425e-01 1.310363371905796104e-01
-3.760494140568804156e-01 -7.419071707875566357e-01
6.756922356107949446e-01 -7.424984717272106183e-01
4.527998077987034353e-01 -9.893432179759023004e-01
1.193440442370536925e-01 1.176431101225840353e-01
-4.095567820855163799e-01 5.887687771891441102e-01
-7.125314463381010599e-01 8.978305491661957571e-01
-5.673453085581152688e-01 -1.267672905228118152e+00
7.402488297319298471e-01 -4.976796877547118858e-01
-9.012320346517871394e-01 -6.781633291831608013e-01
-5.589145107716414484e-01 1.021704409266949720e-01
-9.745938834399042738e-01 -6.488522533048847185e-01
5.743765820370316799e-02 -2.526675007870167744e-01
5.001429538338487690e-01 8.026405211061754530e-01
3.926759399909925952e-01 4.875995206736015164e-01
-1.971480859736879088e-01 6.714724920375464423e-01
-1.328991758758600650e+00 -9.884268784206067249e-01
6.503221902623282924e-01 -3.772066538678250369e-01
4.213418623398461627e-01 -1.281889740892278029e+00
2.166942456171455644e-01 -1.241514640500025746e-01
-1.524452208012154752e+00 3.783802938414416173e-01
7.134736135904127252e-01 -1.038073635145334128e+00
-6.408734276635861260e-01 -6.340417584760883463e-01
2.990762288991100082e-01 6.727329333509534104e-01
-1.336292207903802876e+00 3.366161207618605933e-01
1.343351201057265021e+00 -9.149888869951029458e-01
1.060660679691208585e+00 -3.080616202585966246e-01
-1.900529014493898272e-01 1.487690955187698921e-02
9.178064129068082000e-01 -1.018172812770527652e-01
-1.297074579174255282e+00 -2.203690006707204052e-01
1.260834323139106150e+00 -6.486804323418845497e-01
-4.725741469451902321e-02 -1.095738108856700643e+00
-6.544845695404633013e-01 -9.319840281269294868e-01
-2.377852793040091117e-01 -3.209650537588895070e-01
8.784359715224189236e-01 1.692596536086899139e-01
-4.569608367226533074e-01 9.519095586695791589e-02
6.767364459104909802e-01 4.017097006258845693e-01
6.169494674239750509e-01 -1.085184110521777656e+00
-2.569189987477065729e-01 -5.176432342065615533e-01
4.922107382862625502e-01 -1.364361075870794471e+00
6.763755705769458615e-02 -2.465013685622351458e-01
6.488266666596818888e-02 6.128979220571975084e-01
-7.323649471821959411e-02 2.183000299886371121e+00
-1.392598136205484227e+00 -2.909243993783088289e+00
5.465727690947751460e-01 4.649795775157636313e-02
-6.011826492572306391e-01 -6.141412973021102839e-02
-2.605309849886842666e-01 1.148912704437475174e+00
-2.290217779054112834e-01 2.090146442837085838e-01
5.230179960638194903e-01 1.856049599980465814e+00
-4.784000355245063285e-01 2.541611032025600792e-01
-1.177631866323694876e+00 4.502811444918967121e-01
6.651100364815745181e-01 -4.945977162455263421e-01
7.179991830434035993e-01 -6.296472174935704436e-01
6.309558653560805030e-01 6.471385737870614108e-01
6.512650959937710260e-01 3.794442371935176639e-01
-4.397315065323643968e-02 1.281359213475484760e+00
