1.856947572011927949e+00 1.400005591520404380e+00
-4.928701833473020377e-01 -1.077782135463578150e+00
1.479400896530323362e+00 3.870501565554261281e-01
4.017023864814329714e-01 1.370764979800032979e+00
1.102483665905667209e-01 -2.382806083896822802e+00
1.680143069508460707e+00 1.197550341656573591e+00
1.396520004787337177e+00 2.845983532332486132e-01
-4.356100181294641494e-01 9.293185379601783813e-01
-9.533060158868206235e-01 -4.851489327608877744e-01
-1.101959657689493000e+00 1.433117239763898043e+00
2.440533495123440033e-01 -5.561954763142000768e-01
5.723463971515945214e-01 -3.368433270317461314e-01
-1.418558701384431187e+00 1.990039257342185175e-01
1.730933787182151462e-01 -2.513655937284988262e+00
2.751010601320806326e-01 2.055428758701048284e-02
-1.394921962210331934e+00 -2.191242233780995585e-01
1.190412165277944023e+00 -1.194820562980421358e-01
4.237194072403765999e-01 5.917082209641695567e-02
-2.141548707765176529e-01 -2.231037399695158463e+00
1.486129209752573843e-01 1.304589181085765437e-01
4.964745083109982637e-01 -3.273530829987162521e-02
-9.050052327597132296e-01 -4.069919119313442080e-01
-1.329399634501077898e+00 -4.134138424083646512e-01
-2.168804662983133902e+00 2.179441923971669470e-01
2.032189094839206955e+00 3.170148122115897804e-01
-6.031618066181617666e-01 -1.238362771382164051e-01
2.142060229144725214e-01 8.664726779792748523e-01
-1.147139010503326784e+00 -6.351979758515409191e-01
-1.644481729058109076e+00 -1.271494154907147678e+00
-8.868594444741154659e-01 5.112873620323798995e-01
-6.900254424952790844e-01 5.348055971094080041e-01
1.164679077494438442e+00 1.065215784802268306e+00
-1.779790785152476351e+00 -1.192737629402779831e+00
5.782945053351873366e-01 1.749542101180546982e+00
2.025385665815462755e+00 3.135045993209742421e-01
3.247305382260440854e-01 1.016451898811901122e+00
-1.292046239649629891e-01 -1.915061772064707402e+00
-3.517479541243252461e-01 -1.508421619998438379e+00
-1.407864983062382391e+00 4.738308841649907510e-01
-1.299800034282016549e-02 -1.028661295563926686e-01
-3.733023447191422539e-01 -1.447170347839600080e+00
3.614796960709029117e-01 -1.764126491163906962e+00
5.899690778428297033e-01 -4.248164042468699497e-01
-6.361640117310313203e-01 -3.726776006740946112e-01
-2.593983533966472410e-01 -2.889136045167179923e-01
-1.493445105042707999e+00 3.171903831374289773e-01
5.596513076431495690e-03 -1.206858221863321701e+00
-5.225512071114535306e-01 -7.297689389295757278e-01
-7.759170426765549244e-01 1.442481064765950949e+00
1.278961343469171563e-01 8.387983134300208699e-01
-7.469855967229872551e-01 2.258652064346657606e-01
1.122001724124914057e+00 2.099207346247453199e+00
4.830991508181572969e-01 2.264594996320815623e-01
-8.272890754521077250e-01 7.605155025272002378e-01
1.095303687567022566e+00 -8.162117882362283083e-01
3.546850252433478845e-01 2.482480762193354507e-01
