-7.791701958394731120e-01 -5.076674965197005562e-01
7.936020398496917982e-01 -3.205654022276763215e-01
4.482728671710707880e-01 -7.499715195364762277e-01
7.420252907937278097e-01 3.503792411667973616e-01
-7.431048068176155930e-01 -3.565872797909626635e-01
-9.022895374211034047e-01 6.417917614246962943e-01
-1.080285106007663920e+00 -1.241465064057047485e+00
-2.410856160554363248e-01 -6.182463120895255182e-01
-8.542589583866869729e-01 2.072272862061776133e-01
-9.032600014571794400e-01 -1.032410176031761884e+00
1.863965195325943514e+00 -5.406677103665553652e-01
4.463437564433694327e-01 1.766844662481234840e+00
2.323145040609697898e-01 5.307489510119924869e-01
-1.372719828762296146e+00 -1.365567372134175006e+00
-1.092112302912978006e+00 -1.443663603058155775e+00
-7.701398760134068322e-01 2.706004652396774457e+00
-1.787962639535904508e+00 -3.735539911614845221e-01
8.919806810036600142e-01 4.824190522959251326e-01
-5.621130808604679618e-01 -1.114563804469436370e+00
2.075537142131256285e-01 -6.329434324185965188e-01
-4.801645536575184225e-01 -1.580305643544611949e-01
-2.673078473484738482e-01 -7.158102150440088796e-01
4.909815372171532633e-01 1.982703610871871636e+00
3.089885081582189330e-01 9.841779363093934585e-02
2.649712751874118699e-01 1.354404959191152447e+00
-5.228865480252968823e-01 -1.419088628588274503e-01
-9.236053828316360959e-02 9.984477349028529902e-01
-4.322454625948103923e-01 -5.463004593589795149e-02
1.601988186806905023e+00 -5.621102870009041519e-01
4.761377358915360181e-01 -4.462443085737222703e-01
2.050153573704574864e-02 7.983626434985111597e-01
1.719686324888143325e+00 4.690612461976374492e-01
3.433898165476564346e-01 -1.969643130654523122e-01
1.301152566338852762e-02 7.182565562716693996e-01
2.226097193057557100e-01 9.456112013254190929e-01
-6.305291878259738914e-01 -1.124695550634276620e+00
-1.765320335996371837e+00 -7.458472452747527681e-02
-1.140049040549357073e+00 8.260272414154334886e-01
1.265260652928940743e+00 -4.634828802168555750e-01
-7.773951947571468013e-01 -3.819013882378499702e-01
2.824360894377194175e-01 1.795341636447660705e-01
2.946919810827220432e-01 9.955467341463444808e-02
9.564886918978574570e-01 -7.686552710814245071e-01
-6.321606414360151360e-01 -6.371490269926034511e-01
-3.096826570452950178e-01 1.268775916112998337e+00
1.040181660200175440e+00 -5.343060370308960749e-02
-7.707533482389071766e-01 6.982897578408605588e-01
6.966800586700404585e-01 -8.950755799946118196e-02
-7.080668807193793990e-01 8.654361321458371448e-01
8.059408258407279035e-01 4.082073588365576766e-01
2.358736690193986796e+00 1.774096420414913666e+00
1.326781530468783998e+00 -1.053044886346760745e+00
1.045881641431212428e+00 6.907999097773025454e-01
4.843629085768644260e-01 -1.847461508056255086e+00
2.325264200709739881e-01 -1.201592612572104368e+00
-6.770936123748060309e-01 -3.999554619926465326e-01
