-9.120531868380293838e-01 2.924715050611467415e+00
7.670726384876421777e-01 -1.539316677137723133e-01
-1.884672557443921870e-01 -9.215904090314714914e-01
-2.189257953017510250e+00 5.212360582293740219e-01
1.419498811323920973e-01 1.831765181407040977e-01
2.165772653774492851e-01 7.643582834637299150e-01
-6.571065921255557774e-01 1.438563037667868416e+00
-1.745201074629609481e-02 1.233988892603080201e+00
-2.251867994022628494e+00 -3.823081877683248697e-01
4.924118583730483500e-01 1.322950022785357005e+00
1.628830995568433027e+00 -7.080639130375019352e-01
3.730532668499733639e-01 1.602222842908248346e+00
4.312575676665648672e-01 -4.892475532264151661e-01
6.797815612492499326e-01 -1.223086445919249199e+00
1.268302305129498153e+00 4.887695562544105976e-01
2.783684423514683481e-01 1.871871700504138814e-01
-2.027628562568964288e+00 -2.175284512496939993e+00
-5.967865312543448875e-01 -5.350228876414334644e-01
-2.306692789745236283e+00 -1.429602363932627851e+00
1.665295544779493708e+00 2.605378143575901584e-01
7.700994206892016747e-01 -1.874304210991178110e-01
-9.113969698368540318e-01 -1.890020497696593138e-01
-1.165108204392055313e+00 1.255263072090576859e+00
-3.931110622746988859e-01 2.001060191615773753e+00
1.852660939194342993e-01 -6.375632613607612464e-01
4.372926162727904797e-01 2.374197106632268017e+00
-1.633290909366439669e-01 3.927876649358499339e-01
-1.398746559604261142e-01 7.631441003199156414e-01
1.969077627758173965e-01 3.902732739083513147e-01
2.464327013640757180e-01 1.315162419039772601e+00
1.836439267746098780e+00 1.195054158499441632e+00
2.328390863443616787e-01 -1.601457708347712616e+00
-8.396194240297359945e-01 -1.566399405263718014e+00
2.930967767865730877e-01 -6.361934235228625285e-03
2.577022914134549647e-01 8.177998551172074859e-02
-1.932397519627730362e-02 2.318525648169344477e-01
-9.136068610749811247e-01 1.054470238362169798e+00
2.493740510087881224e-01 1.819963687928944085e-01
1.138959317234283786e+00 -1.541360667481879609e+00
-1.086102099787942254e+00 -7.373452958998921725e-02
3.466846222205826611e-01 -2.497443651954145416e-01
-1.469807207285931172e+00 -6.680385829023438582e-01
-6.199401519823256601e-01 -6.517226636672359685e-01
8.203563840147971575e-01 7.618127987390420630e-01
-1.033954997002751508e+00 -2.409140879982317462e-01
-9.240831011857151278e-01 -1.435503623000595308e+00
-4.908352981877741605e-01 1.423447727227463044e+00
2.392585786549034366e-01 2.085769819966094119e+00
-6.482036056396169865e-01 -1.398102328698575203e+00
9.619250697842091080e-01 -7.187518095698501586e-02
-5.243577487304538209e-01 1.962874035347516311e-01
9.053595178519396880e-01 1.382689200963258813e-01
1.910601797331813179e-01 -7.222036252067959294e-01
-4.054427710650345684e-01 -2.396735660952185487e+00
1.102351973191785017e+00 -1.752290402143734660e-01
-8.754222343579703969e-01 -1.727228277661637224e+00
