-9.816470084367606708e-01 9.300861658892189965e-01
-5.857246508629490034e-01 1.775152051167476208e-01
-4.018724016243884756e-01 3.730924825219902874e-02
-1.530442889501555104e-01 -1.162904601513702563e+00
1.027849876578500243e+00 4.196927479591693322e-01
-2.028501143475443858e+00 5.497013067058176272e-01
-7.691926919335112349e-03 5.905753819737166177e-01
2.305833680762490179e+00 -8.993255944657340129e-01
5.213534451941227443e-01 -2.737240790526652479e+00
-5.265322815536885859e-01 2.068543126713233704e+00
1.919281163920745492e-01 -1.221709951125959037e+00
-4.499430547133723146e-01 9.399158462014607640e-02
-6.092911484713368075e-01 1.948208022132734252e+00
-9.482731819747038104e-02 1.162869355366925816e+00
1.016979573971125372e+00 2.223017175632057973e-01
8.282562653888592141e-01 1.508823341761842685e-01
5.377623386850591825e-01 6.172090730157726579e-01
-2.203124322140803115e-01 1.275368498651951787e+00
1.330586854568385213e+00 2.047850305801339754e-01
-2.249347668569313605e-02 -1.012949460419816594e+00
8.661825956184282527e-01 -1.736875621274532433e+00
-6.636450922335853653e-01 -1.962859310212426545e+00
9.114042578560246355e-01 -5.133254938451990990e-01
-6.022133261207453930e-03 1.092885176336878317e+00
-6.557833030697868271e-01 1.723063612999154781e+00
-1.211245145560669645e+00 1.883679511722714528e+00
-4.356643464369091001e-01 -2.982617843959251003e-01
-1.356256900176907587e+00 2.234164263250854598e-01
-2.000514552367906873e+00 -7.051043761983502023e-01
1.612618200267977642e+00 -8.757770101201024504e-01
-1.907951429110801955e+00 -5.193253884339031901e-01
-5.302157518216044085e-01 9.276515985380437423e-02
-1.069785110526042526e+00 -9.752955236884749413e-01
4.111784637025917705e-02 -8.167355642466708199e-01
-2.197044915024327361e-01 -3.365979139999576014e-02
-1.153635873784591093e+00 -9.015002733868299201e-01
-1.091385143092377552e+00 7.262153093038105078e-01
4.148896476831582247e-01 1.522336428607634629e+00
-5.850698672920074950e-01 6.368434297445600967e-01
1.497210194210272682e+00 6.265267879431458686e-01
-3.825528613486783303e-01 -1.469372438467135000e-01
-4.914354564990276453e-01 1.064263481851638049e-01
9.858180948813806133e-01 -5.517107001224476059e-01
8.909986220065706508e-01 2.926804624191740034e-01
7.804145866866676329e-01 -1.595679279723680732e+00
-1.610699365677796591e+00 -5.428071957696367633e-01
1.340887833169627896e+00 1.716429159666993165e+00
-1.269381768202767768e-01 -9.933112765572545133e-02
1.930434094151641355e+00 -4.644218726315142709e-02
2.367937080957560891e-01 3.067841658024125784e-02
4.753335156092531322e-01 3.594630451663002324e-01
-1.409449897223054693e+00 6.185660602523578300e-01
-9.917474913646915358e-01 -6.660076526547340503e-01
7.067407791522369864e-01 -4.842897351492632674e-01
4.992688791806535464e-01 -6.771828474302221679e-01
-2.932645217136544691e-01 -1.438484616833544782e+00
