1.096056240987208774e+00 3.198673433684409151e-01
1.481077259305705995e+00 -9.057051413564711773e-01
-1.552481221931963640e-01 -1.120068249751288297e-01
-1.600443687199546994e-01 -1.730291994252455723e+00
-9.254035318148392530e-01 3.213973068072946415e-02
-1.365031958531502276e+00 3.395971163963584227e-01
1.354886540210678447e+00 1.574250839346103659e+00
1.442105847641805383e+00 -8.958646066379345463e-01
-1.506805657812141819e+00 -3.358591640593541205e-01
-7.737849985005753606e-01 7.240166834017164321e-01
-6.227060784675207961e-01 -6.434340214024998617e-02
-2.839332092010498076e-01 -1.750287714364798519e-01
-5.209638848283089096e-01 -7.034390100380301103e-01
-9.456213897467805052e-02 5.249296376149784754e-02
1.507186499384852163e-01 -5.042402325625754411e-01
-1.366809858622891616e-01 2.542029652343232859e-01
-4.342316203196221469e-01 -1.069126505485241241e+00
-4.646050583183135574e-01 -1.907755047311451069e+00
-4.873760337878944582e-01 4.845071886900099711e-01
6.730937948879647803e-02 3.862894694060383105e-01
-6.880092471455937497e-01 -1.143471372769262251e+00
2.693548835815782194e-01 5.978965417327597454e-01
-5.748814109524489346e-01 3.634145980502322820e-02
3.158548905175604937e-01 -3.616830086323667981e-01
1.294352470266450839e+00 8.993352092704735845e-02
1.095423235915074095e-01 -1.448837377666999604e+00
-4.967044610320608400e-01 2.329919687660826799e+00
-1.017031691829481055e+00 -1.370433062234279076e+00
9.991117779495654050e-01 2.830781264451863177e-01
-1.015117743450360877e+00 1.959777980187387358e+00
-2.762840464754187653e-01 7.950453717558555455e-01
6.824331469281400553e-01 3.052087446668292903e-01
1.764897520834044775e-01 -7.301647138723080244e-02
8.825029118136199502e-01 5.352677388844860884e-01
8.599619248661405368e-01 3.546354954234425677e-04
-2.170988136381965194e+00 -6.638722136904416926e-01
-1.879532664567757694e+00 -1.459910241521107821e+00
-1.768777220218733959e+00 3.037168248028372819e+00
-1.536854171141105896e+00 -5.618518637945411065e-01
1.555364279930056437e+00 1.993646141984330433e-01
-1.134586031957650842e+00 -4.560077017560662527e-01
-1.187751759501318727e+00 -1.188485297140319252e+00
1.112044049858194605e-01 -2.716233453810867893e-01
-1.370058095025538547e+00 -9.382350489469889337e-03
-7.745568089069628792e-01 -6.248446245376698682e-01
9.771049192482422763e-02 3.284879582923240782e-01
-6.909235134687935487e-01 -3.536843310839619114e-01
-5.406515315622504314e-01 -6.082498385582574274e-01
-6.137817535872261976e-01 -2.616797906323518608e-01
-6.051488341123789638e-01 -5.777945275749427623e-01
-1.569155351307238266e+00 6.232303037178106297e-01
-2.090844473157091668e-02 2.380763941829011632e+00
7.104138790006796489e-01 1.413776526117488164e+00
2.434247608986734035e-01 -1.294364862819072926e+00
6.459859429035500478e-01 -9.322818570047946007e-01
7.111596505726993644e-01 3.976643267657808262e-02
