1.327850214022913811e+00 8.642003994654703369e-01
-8.120005370618200713e-01 3.432313598008745470e-01
-4.728058622457230187e-01 1.603747505144607066e-01
-1.910919404827640111e+00 1.121660307703408632e+00
-1.698162076309152058e+00 1.441586323333147401e+00
1.346215965590964236e+00 -6.480776803452422685e-01
7.724302558932631957e-01 -7.722252928156869700e-01
1.536682275139851228e-01 3.993023128666587929e-01
-1.509206742993647765e+00 1.491508050515258699e+00
6.782874146123413217e-01 6.588425659836955051e-01
-6.266870008901095357e-01 1.130492293363336342e+00
-8.275988577043748018e-01 1.140042198159442854e+00
1.152279501254432459e+00 1.374114843735622316e+00
-1.513300963356606355e+00 -6.311420508488861936e-01
-6.045585759435619932e-01 2.438724111848070031e+00
-1.226597321297798082e+00 4.194241885522663749e-01
-1.727385633082920424e-01 -1.859522707249418039e+00
1.592217983215158172e+00 6.312197842765243649e-01
-9.776980828625738695e-01 4.128046596865794782e-01
-4.796163282570940489e-01 -1.433343261250949796e+00
-1.087182463724624570e+00 -7.824925692155288992e-01
-1.195993660795781732e+00 -2.927297967294640868e-01
5.095673541551302144e-01 -4.149370552550610269e-01
-9.093271873083101919e-01 -1.146897010154095176e+00
-1.214171131648197122e+00 -1.957407537381336216e+00
-1.178434124058729493e+00 -2.387725662938705806e+00
1.745247207331265260e+00 8.862631579513761126e-01
-9.777391081275185192e-01 8.331980154056712884e-01
2.740162917507971585e+00 3.897546968571896087e-01
-3.047871844473133418e-01 -1.036254706432587103e+00
8.977549103385439322e-01 1.290029484739338761e+00
3.584242802158154606e-01 7.115679693565930553e-01
1.036154871987531978e+00 3.893993530879015230e-01
4.078055503157614337e-01 -1.256066365800594387e+00
-3.984602479180600620e-01 -1.078170447208229410e+00
-5.253313491639318711e-01 -4.004661064647378477e-01
3.400561651289057408e-01 -1.420326189390611393e+00
1.323902395199408000e+00 1.161460977577788878e+00
1.123075421562299558e+00 -5.777302478203409919e-01
-5.682992603975990376e-01 -3.576100687974617109e-01
-1.889167092412397553e+00 2.596328578803592801e-01
-1.125276898991027119e+00 -8.783748988956284753e-01
-1.934609412976926457e-01 5.863534423095424497e-01
3.932607549855082762e-01 -4.303871457623423824e-01
1.053427935224479972e+00 -5.737249949245599723e-01
-1.531902119468720569e+00 3.901467677346569518e-01
9.411499338868279940e-01 -7.315257274388968778e-01
6.094580850506167158e-01 1.252027784512321107e+00
-1.145715720228526191e+00 6.236963794394907445e-01
8.154858324869503905e-01 -3.043166668809055841e-01
-1.062037412966802125e-01 -1.140505384483106344e+00
-2.537993766625328829e-01 6.928236024333642683e-03
5.694177384358668492e-01 7.181359604897910032e-01
-4.809729864901982621e-01 -1.126814100678514841e+00
-1.063983697392616001e+00 -1.126773252909104128e+00
2.770942747374753323e-01 -8.940814228590219237e-01
