-1.619553118332052177e+00 1.473830180296224812e+00
-5.068280073342396053e-01 -1.229460755415452411e+00
-1.246724399495739544e+00 1.025054032370648960e+00
-4.281503325510202518e-01 -4.500362921337854316e-01
-1.266780077949731576e+00 -1.566572285987734681e+00
1.757450536861961121e-01 -1.217131419629945643e+00
3.262852251030957440e+00 9.156864788293139767e-01
4.467819767734949044e-01 4.908500610182103263e-01
7.992171937622040423e-02 -3.494004490634489701e-01
-1.002636848416095343e-02 -1.007157784373092557e+00
-6.765012395374705445e-01 -4.737497353680596990e-01
2.591467454598380904e+00 1.107267205804209675e+00
8.268846131723972537e-01 -9.268343933037521687e-01
-5.908229197497857355e-01 1.493868031342837410e+00
-9.558812367061445547e-01 7.329610219931761428e-01
7.763425123677688555e-01 1.213584520826437169e-01
1.316929382791882208e+00 1.579512784795405134e+00
-5.118260291179544952e-01 4.879687665082249048e-01
-1.495214958934376615e-01 2.705077259884129393e-01
-1.084034875678186877e-01 6.362985261238075507e-01
-8.226198816306579120e-01 1.590196987363876047e-01
1.944360116625942492e-01 2.047875895884670172e-01
-1.284352469976206779e+00 -6.806091563880521944e-01
-3.625784056306605718e-01 6.706084655547980278e-01
1.297847593785245612e+00 5.269847616371655663e-01
-1.619946537210320836e-01 -9.293247885831289468e-01
5.905572671943902785e-01 2.117635876948081863e-02
-3.970123350041370180e-01 6.458914256947976273e-01
-6.693846340458561306e-01 2.362420330057546369e+00
1.994787600218860535e-01 -5.984219529630516177e-02
-4.110100099497511761e-01 5.960731273721296963e-01
-6.285908494708304373e-01 -2.057948747812127777e-01
1.192539561409055038e+00 1.914870301395973917e-01
-1.275352295859790708e-01 8.080884863967490173e-01
8.570729474541941006e-02 -1.967340655536781613e+00
-5.435146786098219440e-01 -9.650156143664019304e-01
-7.285900824995262814e-01 -8.913897188517972969e-01
1.642108146798644808e-01 -1.919216040097400378e-01
-8.700242728118240398e-02 1.482232229580896954e+00
-9.694005094931379407e-01 7.927950518880167996e-01
2.388785363684555740e-01 -3.492771075830849448e-01
-8.588213704716567420e-01 -5.757422307979372933e-01
1.209214902446718698e+00 -9.199768039254881957e-01
6.871440982866738878e-01 -6.336625026254514292e-01
-1.096802759222786916e+00 -2.922326486425397274e-01
1.449562645477529665e+00 1.112894399145589075e+00
1.491827622187421376e+00 -1.357861495830121890e-01
-1.909585028760389935e+00 -1.697905009115924679e+00
5.892380248296472667e-01 -1.866417209661680454e+00
2.544220483615231121e+00 -7.561263874462642587e-02
8.381586088591890249e-01 1.240282499758147861e+00
2.955107729605560563e-01 3.616554953149443419e-01
-9.727449190378560928e-01 4.754895562686748955e-01
-5.824079782366944347e-01 -4.276246353961275504e-01
7.946614265502818242e-01 3.522291757548423052e-01
4.023393945099986713e-01 -2.881902509027617354e-01
