4.617285549800749789e-01 -4.131455398656935230e-01
7.175106331743530408e-01 -2.636107938088264824e+00
8.347118388014338475e-01 1.841557577204121721e+00
2.010178695164807974e-02 -1.443941589639804179e-01
-6.615521484103505934e-01 -2.867912617976476342e-01
7.316555531399293599e-01 7.018711714255239098e-01
-6.468860755875994739e-01 -8.395588895843241195e-01
-1.374265190477605758e+00 -1.027953435969164220e+00
2.795833881413209987e-01 7.393451555562445821e-01
1.994716502510228973e-01 4.410054002551019314e-01
-9.470538451797543278e-01 -6.407650786242606866e-01
7.524700922272611336e-01 1.007822129176244363e+00
2.702165863145173930e-01 1.482041145270349691e-01
-1.342796621512391209e+00 4.291215845835533171e-01
7.754489586053606720e-01 -7.600402429936001791e-01
-1.177442441480937463e+00 -4.944105830180604011e-01
6.730747516749366888e-01 4.607308365381942994e-01
-9.551888200771978532e-01 -6.879820649111519915e-01
1.099032706452060804e-01 2.267837608482161926e-01
-1.229881869684926077e+00 -2.292561501615825725e-01
3.526154137881905570e-01 2.393809535908445751e-01
1.253163754058176149e+00 -2.567977690107332012e-01
-2.134486570764933810e-01 -6.937053695995407110e-02
-5.709899816605802370e-01 -3.707248143433161669e-01
9.778791856947817163e-01 -1.407574241395676273e-01
-6.448435475526214100e-01 -1.337368252100859856e+00
1.073744969386011133e-02 8.427567631452121955e-01
-1.248927302516099846e+00 8.881856300844057084e-02
6.982459525923561117e-01 8.719662892763868633e-01
-1.312823895060850177e+00 7.521832316657184325e-01
1.360325272217318970e-01 -6.584178284147983451e-01
-1.205599607625508884e+00 -2.031153223269372976e+00
-1.254581076613175750e+00 -1.517613551194621602e+00
-1.396015781240155684e+00 -3.485799707183313001e-01
5.114940564867167527e-01 1.554330702318320157e+00
3.913528792198632256e-01 -4.874830500763213115e-01
-6.146535670698187737e-01 -2.355156986178764955e-01
8.857771582165263613e-01 -7.895072824118728461e-01
1.943552026270238264e-01 -3.548679436342969673e-01
-6.372015186196617886e-01 1.282240132427824586e-01
3.249363152022120560e-01 -2.820941300671001017e-01
-2.940142857462011428e-01 1.817966832521603626e+00
-7.168621835642872142e-01 1.467062763668955938e+00
-4.707256395009727923e-01 3.391855726046360542e-01
-8.861908368822771775e-01 1.068020862473302079e+00
7.274721316208372368e-01 2.962767513501411987e-01
6.262507990466135155e-01 -1.089404143064294006e+00
6.288317288951519313e-01 1.591904676620708170e-01
-6.499428580258285182e-01 -1.575865920246016794e+00
-3.528694509698336312e-01 7.377973798222244861e-01
7.861991415731799382e-01 -2.535413934075038123e-01
5.934681625673798866e-01 -1.913806726919769163e+00
1.106053448132306105e+00 -9.069506728908406368e-01
-3.562676992395602538e-01 -1.142701332133648107e+00
1.959896148688438311e+00 -1.093500937863003397e+00
-1.228109887183546078e+00 4.099103829357654272e-01
