-1.283251350833339577e-01 -2.481394868675388179e-02
1.206809739108852114e-01 -2.035546422619695928e-01
2.987422976333837799e-01 -2.109873136389382453e-01
-1.028368021905485152e+00 -3.642479287889377471e-01
1.014093139449261161e+00 -2.863159358063766535e-01
7.714371816575091856e-01 -2.142783010020759438e+00
1.556048012205931474e+00 1.413657234721542810e+00
-7.184062071534664806e-01 -1.780257110026911838e-01
-1.200869540438304739e+00 5.683117088648055315e-01
3.557921092256954299e-01 7.820897360697773859e-01
-2.325750993973942471e+00 -1.700986499965533028e-01
2.895076926595523403e-01 2.659682128778035337e-01
3.909951033323603165e-01 1.248331086535811929e+00
4.562737469198020063e-02 6.665573979783551151e-01
-3.369266813993959109e-01 -8.950198745969767389e-02
5.315203595741663234e-01 2.792538236635104254e-01
2.637583171628178902e-01 1.297620202543431800e+00
-9.112541294955929239e-01 1.046843393503470221e+00
3.412333813321984377e-01 2.560879030803459688e+00
5.972665754190582543e-01 -7.715129278959829140e-01
-8.025365066594136731e-01 -1.391005208104376667e+00
3.664794975203424787e-01 -2.589581083231792258e-01
1.268238201297146261e+00 9.107268650866501281e-01
1.545887076723814757e-01 -3.131309110719484590e-01
4.523991849986729319e-01 2.473939068363801008e-01
5.143729451571685818e-01 2.452556433350657539e+00
-1.949319776511364011e-01 -2.141412109149405829e+00
1.225889097548209072e+00 -5.063136691566414438e-01
1.195486940171501811e-01 -4.699265945901081459e-02
3.375296926600476755e-02 1.402197654004935679e+00
-2.449774458934011356e+00 -7.912940334603035808e-01
1.225127616104782907e-01 -1.769946974413634022e+00
1.071335463717341258e-01 -3.877225004397376051e-01
-4.553436854750769203e-01 8.163145608024933164e-01
-1.580333887860205511e-01 -2.769848155345651097e+00
-1.066090286491349515e+00 4.263318870080763379e-01
8.991839893270178186e-01 -2.449513949917269361e-03
-1.060749182081203834e+00 1.474460546511981995e+00
1.279074506209855189e+00 1.331314702723596088e+00
-6.927484289154038910e-01 2.125656475413111035e-01
1.346386378330597822e+00 -2.897290743649951206e-01
7.927342531034643480e-01 1.087164615293208847e+00
2.717652630241821146e-02 -1.948051070514329741e-02
8.318302544553826117e-01 2.604858250220489224e-01
-1.491937815463326933e+00 1.548248808870845927e+00
7.333188184716659119e-01 6.749552114278885018e-01
-2.981898720934988978e-02 -1.506480138169776772e+00
-9.273019499619647998e-01 1.521704868478624517e+00
-4.658040715568973478e-01 -4.284964396225807159e-01
1.355373730895151063e-01 1.192222488336710240e-01
1.918959271165944891e+00 -1.330968827990264280e+00
-1.167166439434566216e+00 9.789422707455587291e-01
-2.696874754987639289e-01 -5.123210029414706490e-01
1.390602828609688590e-01 -4.392028200364516133e-01
-1.779791938338372681e+00 -1.499057132015493843e-01
2.203370960233432818e-01 4.923976874518443680e-01
