-2.230221970988365054e+00 1.527039189232337391e+00
3.104922951944991127e-01 3.389575482976882603e-01
-1.248387536073967130e+00 1.123402508853210691e+00
-1.569692925099680503e+00 -7.282809228843886151e-01
1.973940986308564405e+00 -1.187219883172907720e+00
1.974145380611307399e-01 -2.760940398145571351e+00
1.068529214483315171e+00 3.480047899596363514e-01
-2.121421005366578960e+00 1.386057878119284714e+00
1.128763347897948854e+00 3.045962119568323967e-01
-3.646163875817207689e-01 1.602935936229474279e-01
-2.308440844089231003e+00 1.938360667510269364e-01
7.537822474570835540e-01 -8.336142675092654830e-01
-6.418103542750633883e-01 -1.393549117355993960e+00
-4.762304899220237697e-01 -9.149382495446729546e-01
-6.284400799781105773e-01 2.811558385079834105e-02
6.338048416235227966e-01 5.095638554235354389e-01
9.553691238483387194e-01 1.208699700748489869e+00
1.992801461381274453e-01 1.553677636913663174e-01
2.488842920099980371e-01 1.960176148462228207e+00
-3.487891256671939999e-01 1.675161924768069355e+00
-1.560465099549266155e+00 7.964086161484297266e-01
-8.867372495557590550e-02 2.041678094767728435e+00
-1.667356269969386018e+00 1.005351521883612209e+00
1.442557886029452563e+00 -4.458980296684896261e-01
4.518015496414569676e-01 1.494777329897508000e+00
-5.440639734826380192e-01 5.532498836792690972e-02
2.409632271900553624e-01 -1.222709635342764389e-01
4.343651420039713051e-01 -1.186019593974390496e+00
1.449929633332164847e-01 1.744407955491137807e+00
5.941774734619447162e-01 -2.649455411401771543e-01
-1.103484296206115545e+00 -8.166966221884699451e-01
-3.081637543230413279e-01 1.106134869223570405e+00
3.625002925719479907e-01 9.370577377479039072e-01
-5.769740513195571463e-01 7.360949698247125639e-01
4.086441540024734476e-01 -1.019744695921050104e+00
-3.125650900510101304e-01 1.118815131076385638e+00
-2.439480799447799608e-01 -1.242391319134783290e+00
-1.020981241995621902e+00 3.871224610702909130e-01
-7.554560126061200531e-01 1.665215751404615918e-01
6.117847885074727543e-01 3.406281852776288366e-01
1.184105637703308123e+00 9.364835326553944128e-02
1.567566105249326380e+00 -9.521947870824285509e-01
-9.189679657799806334e-01 -1.719417718738184941e+00
-9.397136327652766408e-01 -1.384200945543629935e+00
-3.213448964745548309e-01 -1.079887882261463039e+00
7.929599005462190098e-01 1.622289785726307665e+00
2.104400426053033568e-01 -5.295068976111352334e-03
1.531438720346488092e+00 -9.581866998265941016e-01
1.186954242953020877e+00 -1.829211858206965247e-02
4.674113382950590978e-01 7.226887013765297407e-01
1.490879065083102750e+00 -1.600633628317370105e+00
-1.027685643513725627e-01 -1.411717708340452626e+00
8.058950282998583736e-01 -1.204138767727558346e+00
3.899978140874832966e-01 1.670500243286702768e-01
-5.449142827541499923e-01 1.045619471653348898e+00
-1.220210438194898189e-01 1.274347292429380829e+00
