-1.190723192409262277e+00 7.641785656758601775e-01
-3.427957975676529379e-01 -6.660304780708732608e-02
-1.198114863918810391e+00 1.888990883938565846e+00
3.682390414432596959e-01 -1.930681425004746155e+00
4.276215784994597674e-02 6.881635802433634375e-01
-1.225761038165636752e+00 -1.994422473011545405e+00
3.455509317042244066e-01 1.691076207372799622e+00
8.742504603833943511e-02 5.888433330505847829e-01
3.979562226504710920e-01 -1.972865056958417879e-02
1.763066332170659944e-01 -4.667674012057780319e-01
-2.003690791032841201e+00 -3.868259451914076719e-01
-1.626262575898095378e-02 6.012590013585260573e-01
-9.576570324312142501e-01 1.390857599441888359e+00
1.233127827276125466e+00 -7.848203168240941441e-01
-3.292311689098212923e-01 -5.688516700585289909e-01
3.752187356534891771e-01 1.294765655847870622e+00
-8.810648011501793775e-01 1.422456434534318914e+00
8.967057486303054992e-01 -8.150550875341878720e-01
1.309140648960943176e+00 -7.965191445363708489e-01
-1.355652438353457612e+00 -1.243991893307614671e-01
6.784564543243097878e-01 1.333449240508020273e+00
-1.492328941548923260e-01 1.827179111920884391e-01
-1.553138895089081428e+00 -1.907295598011947479e+00
8.301195054326975242e-01 -1.135942467833361169e+00
8.743212463469069995e-01 -2.885215405577704617e-01
-1.673907013467531346e+00 1.130377372217970189e+00
-1.027645751397158413e+00 -3.906178819722633255e-01
4.026445484452352841e-01 -1.257757899717762751e+00
-8.592452734426136995e-01 1.433555989104343120e-01
2.277373178282897648e+00 5.547055797462119298e-01
4.588926724710538640e-01 -5.371831548522343347e-01
-4.863132743714819739e-01 7.833055117721834382e-01
5.103045165337202205e-01 1.196077091847244311e+00
5.566423710215869791e-01 6.063018743514330122e-01
-2.363735044653218487e-01 -5.992755923275336905e-01
1.368318944142078442e+00 2.008714726575704379e+00
3.452569514487614510e-01 9.875723670760626627e-01
-1.362215164454515515e-01 -8.070808840225482950e-01
-3.644829018970655726e-02 1.266097965441100592e-01
-8.094276067156873644e-01 -4.823593686160324023e-01
2.590530372748848786e-01 4.527991852058519395e-01
-5.522438947464867187e-01 -2.356264929391041485e-01
5.541494040742976912e-01 -3.831922716114563032e-01
2.180108666716477295e+00 6.819681368362265905e-01
-7.043341108092651126e-01 -1.886469906702032684e-01
6.161029908486975737e-01 1.457661311658843717e+00
7.443198843790203023e-01 9.151210160897967905e-01
-1.202428939775926464e+00 -1.724835761992822070e+00
2.027824835129936609e-01 2.151313441579848496e-01
-2.609280592980995350e-01 1.587402493317720542e-01
-5.421215880520279251e-01 -1.308899271090965932e+00
-5.748793811971192325e-01 -4.295195958372442502e-01
-7.906467860360730793e-01 5.149429300759756911e-01
6.322056387090206897e-01 -2.190224993990140534e-01
1.758397765721892991e-01 1.103090439796360567e+00
6.675133024170849527e-01 -8.755959591685308352e-01
