5.139764222616187705e-01 -2.084310975844158587e-01
1.620885608577354642e+00 1.000465798905424197e+00
5.959127223429191433e-01 -9.971635093836154207e-01
7.066858979922530093e-01 4.197444986872080896e-01
-2.017263916851792960e+00 2.424980555412072636e-01
1.706753181091291705e+00 -6.078311117319411261e-02
-2.266597476878989548e-01 2.173428273861621296e+00
-2.297839736838325209e-01 -9.476420338499030871e-01
5.960334230994753790e-01 -3.849597676268308177e+00
-3.737119334241813640e+00 -3.513990384981251491e-01
1.033185219017903167e+00 -4.977709231317187233e-01
3.306587290288162673e-01 3.470055689799670939e-01
-5.472217976891542435e-01 -2.672549347965094135e-01
1.430074129727367804e+00 1.517694582457422836e+00
3.475608694864719128e-01 -1.557310402934724669e+00
7.885516194557815606e-01 -1.014823327182585500e+00
-5.445430486989722985e-01 1.114825443757559542e+00
-1.419653458933087808e-01 -2.172323820485512758e-01
-4.382598355433074411e-01 -3.947184420684051176e-01
1.490530414674481330e-01 -4.594310020734511668e-01
9.977948183384816039e-01 1.059272413945557600e+00
1.259201127059934366e+00 -9.083519637651886747e-01
-1.528098905411126029e+00 -1.101235648060407080e+00
3.528631012898407193e-01 -2.236662047200253522e-01
2.923898072773050694e-01 1.175580047660293101e-02
5.490725825234383795e-01 -3.859849280069261312e-01
-7.278468584774425709e-01 1.391009778744642267e+00
-7.512448046838426929e-01 1.440347589580725229e-01
4.400675058398204054e-01 1.631786174255934529e+00
-2.350462921872521205e-01 -7.042870852301872375e-01
-1.147646822134970324e-01 -3.348694874148365197e-01
-2.803657896881132650e-01 -9.481594737411177531e-01
-4.781697510550191321e-01 -1.253658352582290858e+00
1.879361119055309670e+00 8.154425174162440726e-01
6.336684426413382587e-01 -2.758788095406210505e-01
-2.049679997830968492e-01 1.766728351823715792e+00
-5.240872760056437540e-01 1.014153040982340936e+00
1.217233038040954396e+00 5.648430400392967510e-01
1.238867023176848381e+00 1.919153585530387340e-01
8.894644442524169969e-01 -9.062674189691639903e-02
6.968997763123951916e-01 -8.034022171861804340e-01
1.812658781292782129e+00 -2.047715241613728143e-01
-1.277812676373637713e+00 9.029428713345140078e-01
-9.954604707502981431e-02 4.846739094262902392e-01
1.891312356953580437e-02 -1.890097629951278946e-01
2.140613654458560333e+00 -1.131042927116428842e+00
-1.716632675993218671e+00 9.168305941608373422e-01
-6.978262954573662968e-01 6.193799456394444292e-01
-8.192117327477685951e-01 -3.682802051002863064e-01
-2.170952630508125591e-01 -3.592769217549592331e-01
-5.245216742408217829e-03 -1.019338154570794908e+00
1.571340268988204114e+00 8.866077829995440140e-01
-1.397214052904077963e+00 8.404259913602887266e-01
-4.971439321851764959e-01 -4.969052750615223779e-01
-1.057103392626616012e+00 -1.757292431050311077e+00
-1.778917170169948658e+00 8.072263055827350042e-02
