9.846037372449525371e-01 -5.756190826977585218e-01
1.115717332831809738e+00 -5.295464922133873327e-03
-6.141507340563864270e-01 3.972115618301115259e-01
1.540842845731770439e+00 1.415462464357471584e+00
-8.469659968233478331e-01 1.071434973601501195e+00
-1.846695740158759813e+00 1.711372357201736749e+00
-9.604647537743568053e-01 1.951831350053173653e-01
4.999408695953035942e-01 1.933604306363488068e-01
-2.791787503094755318e-01 1.077028659068125727e+00
-5.887961356019961734e-01 -3.405011900851855899e-01
9.215802394188096214e-01 -9.592675347508652361e-01
1.309976471675579901e-01 8.877027080314042751e-01
-1.298291218845671335e-01 3.879670546906269224e-01
-5.413039401633996245e-02 -1.115743964355041307e+00
7.121837762131403293e-01 -1.070973232604491843e-01
-1.627226184568343614e-01 3.705771799075295858e-01
9.167315502460144927e-01 -1.148129266821230177e+00
2.133877470850667368e+00 -1.087361575667081803e+00
8.095309542194845109e-01 -4.092766618455785932e-01
2.187966483264849049e-01 -7.208936116946253192e-02
-5.651658714936889094e-01 5.648280155007280312e-01
-3.017207269560004401e-01 -5.796702913627517217e-01
2.456203601027213135e-01 -2.681032043805161025e-01
-5.319699548362298858e-01 1.877903139408406905e-02
-5.870393950643148367e-02 7.162121353321821982e-01
5.976723176857804409e-01 -1.917674736828934301e-01
-7.490217419969520396e-01 -1.106360485550926809e+00
4.141483275831134847e-01 -7.958638794976615749e-01
1.459501037516717226e+00 8.023350756776076453e-01
-6.211826602832050126e-01 5.266983819763166874e-01
-5.778152897944904831e-01 3.894596275772976290e-01
7.696734995317014993e-01 -1.956883944647417550e+00
-2.233670249807914843e+00 -9.645313206239815029e-01
-2.641505292849924968e-01 -7.265234578671598831e-01
-1.525298465332087350e+00 1.182529428719623077e-01
4.161881149074845299e-01 -5.577739505654750740e-01
5.966774580648086523e-01 1.936214487234303228e+00
2.796196994380430456e-01 -1.672887709607245643e+00
1.119351730264066092e+00 -1.270013461958343082e-01
3.813960722862016345e-02 -4.853908324051980916e-01
-4.134650716287776029e-01 1.109902908296458213e+00
-3.284099541205984796e-01 1.806798607311602911e+00
-3.294546483986777741e-01 2.935778833935904775e-01
-1.942695106422128282e+00 -4.174342159377868178e-02
2.781697663080238622e-02 -9.903049817841794722e-01
-6.660359206334058868e-01 2.619095367735362889e-01
1.312968977888406830e+00 -4.635454811088893234e-01
-1.209990791405772148e+00 6.040874268296955174e-01
2.821307296374446771e-01 1.587611440609407065e+00
-4.939060960428361957e-01 -8.943262328124548244e-01
2.150371113817312718e+00 -1.162609583306086103e+00
2.803773080671828621e-01 8.137159554909267900e-01
-6.352222365686972794e-02 1.504771606911963489e-01
6.680880226325014437e-01 -9.788707744211437856e-01
2.173047368989228928e-02 -1.724321048861388594e-01
-1.368623516498478798e+00 1.453672372625671450e-01
