1.058072004034735336e+00 6.516331243311963561e-01
-1.309371862695466016e+00 2.700366880548663584e+00
-5.776941337008821842e-01 -1.302281122664473489e+00
8.930778603781459601e-01 1.370867511257459537e+00
8.495739180610274444e-01 4.831450994639811536e-01
-1.087239246534199122e+00 1.475890233103006821e+00
3.324280098285603557e-01 -1.756293399257703891e+00
-7.050418539036547028e-01 1.271537213119328324e+00
-1.438675672779345938e+00 -6.915947097596795157e-01
1.023845360352557243e+00 3.295005560028766989e-01
-6.625214532328640438e-01 -1.781661895200620904e+00
7.384918011364524082e-01 6.994779083632062244e-01
-2.857232085935005106e+00 7.980389635595230846e-01
-1.031488230923862437e+00 8.271360888874930428e-02
5.127423835139997138e-02 3.277180335001440570e-01
5.027659975997563757e-01 3.835669839560902905e-01
-1.388874567263707727e+00 -1.340665875166458798e-01
-3.480106534013973074e-01 -4.108608445483779431e-02
-6.146530028688339531e-01 -1.561774275465621420e+00
-9.775889783034450442e-01 -5.755761472122367106e-01
-7.746031008931969497e-02 2.803974924503160882e+00
5.633420643892302904e-01 5.127710243885049701e-01
-5.597510500603333217e-01 -9.044654809784449245e-01
3.468771906685169659e-01 -1.424198699972800242e+00
-1.628037911429183859e+00 1.119208698810529867e+00
3.814637270711643269e-01 9.418485235144981038e-01
6.970084661404866155e-01 1.001127385378434820e+00
-6.288386521637147064e-01 1.213107496351948589e+00
4.098583673951500250e-01 -2.423344951512610701e-01
1.000323118286197133e+00 1.022860877993557183e-01
-7.732380041087111300e-01 -1.115152223019358235e+00
1.324299631180650527e+00 -2.358518192570590033e-01
1.292941960412655522e+00 -9.260350178995336856e-01
-1.468580335340317733e+00 -4.732940915298819440e-01
-1.050881858468863506e+00 -8.830207965818407390e-01
4.512450467476798455e-01 1.704356150760063748e+00
4.349915858866001406e-01 8.199490478067861243e-01
-4.366615266631572179e-01 1.350243147075421424e-01
1.111896191357019809e-01 -4.084281406741864240e-01
-1.143798141815977720e+00 -1.572411226542629770e+00
1.867386789808142433e+00 -9.706847575082336865e-01
4.593282103719718568e-01 -1.489280948482927691e+00
-1.998271544582398349e-02 -9.046838973927646688e-01
1.356934153844696900e-01 -2.753611230955551603e-01
1.742041284905229359e+00 1.586746055173609005e+00
-2.404790357385946376e+00 -2.926886643126837551e-01
1.331471859911563527e-01 9.320359174530334911e-01
-1.196506274529400171e+00 1.428141676016473904e-01
-8.904155225260773632e-01 -2.389681371142648170e-01
-6.707766825482315287e-01 7.617347302403245646e-01
-1.063690105777132411e+00 -2.611426803519779072e-01
3.145733785409717598e+00 -1.266266716077014270e-02
-7.387008987421432582e-02 -8.739801759166637707e-01
-2.340405194522983123e+00 -4.904841137962093756e-01
-3.067461626743473779e+00 9.483675063453927967e-01
6.411125516635870492e-01 -4.697432296278539754e-01
