-2.815266481941562995e-02 1.044412308076595464e+00
-1.423159065314929972e+00 -4.001211675418631653e-01
-8.091595216916631639e-01 -2.748551548967634872e-01
2.767727379158144152e-01 7.429367085892532030e-01
-7.323977205805618507e-01 1.108774484056465753e-01
3.499989353406660064e-01 -4.067433650646822829e-01
9.783716006579749880e-02 1.666698967323826164e+00
7.647496191573288637e-01 1.516401514864755828e+00
4.895855994938325823e-02 1.806372367602151030e+00
1.049327184035595772e+00 -5.709618278028496530e-01
-7.864046131150971564e-02 7.225212069721043129e-01
-1.838495295520664596e-01 3.715879663361153495e-01
-5.935643057752930662e-01 -9.286204693171870028e-01
1.902800303524436298e+00 -5.691107533702629423e-02
-1.107106723513630042e+00 9.469745362309853753e-01
1.082809873403961648e-01 -1.711698005528178579e-01
1.855009931085308816e-01 -1.361440447561172995e+00
-1.575031422326513386e+00 -4.191280309816190486e-01
2.204121196473100008e-01 7.059388350108612986e-01
1.554352931488916623e+00 2.234054732700368751e-01
-1.093949475713801744e+00 -1.011700218287025610e+00
8.997918625789885771e-01 4.743576963996464779e-01
2.242685257556288114e+00 6.608618023799417429e-01
1.849863787633222456e-01 -1.240650722215069363e-01
1.449326488042276706e+00 4.390607590768917934e-01
2.156135516607621261e-01 -1.032073963921179116e+00
-1.453567536559319695e+00 4.992047287481951034e-01
1.645942225398127901e-01 8.700539189752360958e-01
3.862186855388655693e-01 -1.391462224587124652e+00
2.395315504951086860e-01 -1.905066808091910868e-01
5.886608761634618547e-01 1.351726853642007953e+00
2.482294148841591164e-01 9.464865406591956853e-01
8.964738349455350086e-01 2.765611890827447406e-01
8.948902883178179446e-02 -3.892169537933891088e-01
-4.458881743631437633e-01 -1.053009952213056932e+00
-4.831454506603480303e-01 -1.103051955823995067e+00
1.935793072655935587e+00 8.726373949113221118e-02
-1.744935764050207672e+00 1.575103930828493315e+00
2.243696934644116292e-01 -1.530510018784634996e+00
1.378330040142007995e+00 -1.191602183999293629e+00
9.513693099258084818e-01 -1.232685073745177995e+00
8.592828232821417833e-01 7.035545608383521055e-01
3.545713705166951835e-01 -6.286959757513541081e-02
-2.496336820746000440e-01 2.257808068998773177e+00
1.353332624102120962e-01 -5.998607452601656398e-01
1.095495057595604171e+00 1.903343260774472023e+00
-6.664303703790560585e-01 2.010986497267827300e+00
-8.909196304366903685e-02 1.217383095571042961e+00
8.994270665524728425e-01 -5.378104055632627611e-01
-6.929786746524269070e-01 -2.940387528165547826e-01
5.459821362188500560e-01 -2.608964668517824159e-01
4.189521936701293692e-01 -1.036258898157343511e+00
6.165190526368519164e-01 1.259885696473849626e+00
4.382455836608658006e-01 1.350006891068914472e+00
8.039062908865702850e-01 9.143318741591069942e-01
-7.911443411853420482e-01 2.704491881019008281e-01
