1.005652199170413930e+00 -2.099546243379556698e-01
2.467345537596564997e-01 1.333563712913227617e+00
7.644071399774173825e-01 -1.203777726844365681e+00
3.831784034820855944e-01 -1.891617068090988008e-01
-2.523739078764016597e+00 -2.000185966021156947e+00
6.544411879933135223e-01 2.211478552169640621e-01
-1.067001647623054383e+00 1.689841044765089118e-01
6.136305502323324834e-01 8.155819679122863208e-01
1.213573431047647588e-01 1.416125348062382550e+00
3.138271220723052868e-01 -1.618338064325143932e+00
1.039689277544701307e+00 4.236993065379424661e-01
1.939183177119156332e+00 -1.022050102761903334e+00
1.173294320180075095e-01 -3.252069509095202315e-01
9.305596983656982957e-02 8.831182553296398341e-01
1.436730933892816697e+00 -7.486129810954224029e-01
-2.964890258721021576e-02 -1.336271274488888272e+00
1.354696274601464800e+00 1.013107990259305202e+00
2.097858205011904786e+00 -1.740913994865608494e+00
-1.370601246213372093e+00 -4.892908859749659500e-01
-2.008114293010745843e+00 -2.227942472306591259e+00
4.650657052770139077e-01 -1.089358357727154392e+00
2.335977430725004300e+00 -1.398502688537391903e+00
-8.078214340603824262e-01 -1.138039576263176339e-01
8.887019731094868424e-01 9.695246192519096917e-01
2.143486972911714972e+00 -3.109499993647782956e-01
8.294072711323262626e-01 -6.191174518369142558e-03
-5.724871893642314857e-01 -1.132503689692656718e-01
2.062126600990917158e+00 -6.112655604702841305e-01
6.767647079768160934e-01 -4.967753257171086956e-01
-1.474990549284913022e-01 1.371628296988012696e+00
5.450628644265935741e-01 2.041843449530165167e-01
-4.987501978953215453e-01 1.171422594466528411e+00
-1.424156791192630056e+00 -8.763595593940515238e-02
-1.098992685036301875e+00 4.438148982750633187e-01
-7.599539448793566354e-01 1.592175864255219730e-01
1.340469778247893595e-02 -1.194639663604235125e+00
-2.829387717391494972e-01 1.006043658528485985e+00
-1.609249501029371254e+00 -5.622140424377359835e-01
-1.471087180459590193e+00 -4.368553722392888305e-01
5.033559057682208265e-02 1.251009359015455014e-01
2.798170556837410450e-01 5.744665996216286041e-01
-1.672590446351011506e+00 3.494458177586972969e+00
7.075046085253484662e-01 -6.437799902379419681e-01
4.288777812437126191e-01 -1.506480772555657710e+00
2.279926427460726435e-01 1.018888693177177229e+00
-8.873798047840392167e-01 4.233925853665874151e-01
9.131691082072479482e-01 -1.256848587675876594e+00
-1.318386662508470364e+00 1.203350832876088905e+00
-6.667247217921694613e-01 4.639238020151104647e-01
-6.036012159180824677e-01 1.507376909721625635e+00
-7.842681492567029622e-01 -8.727634989934105469e-01
-6.958074347582544616e-01 -6.888254248245397893e-01
6.235706129114662044e-01 -9.446491557731780953e-01
8.423678183546140508e-01 -1.442451450363486931e-01
-6.616005474846863299e-01 -1.633488611697274440e+00
-2.144762661241765844e+00 1.160748833646681799e+00
