-5.580801070237659811e-01 6.155327041933917886e-01
-8.065083705837745587e-01 -1.685431234104360718e-03
1.460087588069515496e-01 6.880075824597683409e-01
5.936818023575777398e-02 2.589414817093390830e+00
-1.359955649853318294e+00 -3.414556219617034122e-02
-1.681535666273774154e+00 -6.447496566166754928e-02
-4.634693764196683996e-01 -4.917354684860808511e-02
-1.487808786495051772e+00 -1.193902400231398264e+00
-8.953740972134747178e-01 -1.010520799832809624e+00
-1.586609254246186040e+00 6.901276509526046432e-01
3.643831181108351247e-01 -1.477216353369695589e+00
4.319103631496246098e-01 -3.154884113933545953e-01
7.667363314513835348e-01 1.223789392453487279e+00
3.660967958206118311e-01 5.440660731068123201e-01
-1.697649113096888263e+00 1.976436576746679052e-01
-2.658962516842876544e-01 9.508125850420125202e-02
1.591710273606446124e+00 6.853269303446649641e-01
6.412428793465102528e-01 -3.331584109605413846e-01
-8.939520518742055666e-02 6.945429289848076282e-01
6.033086558379320286e-01 -1.352343317644627119e+00
-3.144967124399456471e-01 4.618440989059700158e-02
-2.478462719994172780e-01 -5.043886747606113330e-01
2.283725775005566394e+00 -6.909006843252246677e-01
-1.952285920053195900e+00 1.098817772763494988e-01
-6.672410054472541763e-01 2.174709942833012721e-01
1.961494356233635328e+00 -1.509388416191339788e+00
-7.830031822735393776e-01 8.415262149248226020e-01
-4.606531170176960122e-01 -1.613406855110223748e-01
-2.120821326480632596e+00 -1.064480281591852373e+00
9.007406636383257226e-01 -1.578765019452847418e-01
-1.771769402395072968e+00 3.008236855965786827e-01
1.715723799697462804e+00 3.352908479123833940e-01
1.307041301157272128e+00 7.905827962608799053e-01
-1.059991252165840336e+00 -4.717585912367219247e-01
5.189361918453956335e-01 -1.143650897390471322e+00
1.477460109774103580e+00 -1.049726660326632421e+00
-5.594555135836647430e-01 -1.761787409572080687e+00
-5.895206934084579187e-01 -6.614993130721082970e-01
4.961367183792890212e-01 -6.640882671784553715e-01
-1.744724620940450555e+00 4.144103505016971667e-01
1.454235886886565465e+00 1.356933744248457474e+00
1.075665131412058884e+00 2.275987694217185831e-01
2.309505139874789670e+00 -5.385917613306280272e-01
-5.231651212072216950e-01 2.489793913513404511e-01
-4.760240316107621772e-01 2.965153623469502508e-01
1.104072436870315588e-01 -1.824376205957238595e+00
-3.097647758239286397e-01 -4.612908794915579480e-01
-5.039895184912369652e-01 -7.409929335175546861e-01
1.097858814213393819e+00 3.852064624493405920e-01
4.416504325751721138e-01 2.825990762736368400e-01
-8.892878000031322339e-01 1.120365988106950317e+00
-1.373248684831222866e+00 -1.973990480628882827e+00
-9.905083725414822737e-01 -2.962924124527298031e-01
-4.261218115461596345e-01 -9.497278768120513970e-01
-7.803571147596809476e-01 8.336890868852661063e-01
1.612264753166665177e+00 2.546801671701021674e-01
