-1.745484994825452149e-02 2.283856238848985143e+00
5.292933143927633921e-01 -1.043333409537099632e+00
3.430990176262705971e-01 -1.926015838760081866e+00
-1.315508986996977825e+00 -1.184531273119951100e+00
-1.479395582623019623e+00 5.710267933555338710e-02
1.716825934625407224e-01 4.807908438828192160e-02
-5.210029435377293572e-01 3.179229329867744314e-01
-8.487747783761884213e-01 -1.862884158409470858e+00
1.482675942312805528e+00 -7.838616702528147240e-01
2.263753115404411043e-01 -4.380384822469880063e-02
1.549064614963901354e+00 -1.315609334690537660e-02
-5.285714639897056699e-01 7.074390152503209350e-01
-2.117832161292935389e+00 6.658208104957759332e-02
-2.934270238598145619e-01 -6.803268888260622926e-01
1.600708375711910714e+00 -3.387047123223284051e-01
8.683037230246243299e-01 1.626330269489612235e+00
-3.754708706689099951e-02 -1.761966994886874360e+00
2.076060233810734512e-01 8.695476724539394908e-01
-4.227315726196078094e-01 -1.214069844824486433e+00
8.614222945576415214e-01 5.331853709791279927e-01
-4.030105240902593922e-01 -8.117238398537437449e-01
5.392418878940430371e-01 1.424119426333889660e+00
1.601505851971234407e+00 6.039894299291103108e-01
-9.010192929718296995e-01 2.399088513656714439e-01
3.278716868715597643e-01 5.933291692549857999e-01
-3.376177611218474789e-02 -6.006929264031525273e-01
-5.724390066467327509e-02 -1.895136942359403887e-01
-8.393060867683062309e-02 9.267187782514157979e-01
2.744693825276378618e+00 -1.269021783418366356e+00
7.566300960059747505e-01 5.658846082100942310e-01
6.676145044822904273e-01 -8.516284566056767091e-02
1.098747344996120034e+00 9.205503408239900098e-01
2.482243454124381188e+00 -4.364402186642442061e-01
4.963563982129173824e-01 -1.764294396038127877e+00
-1.112273919932083688e+00 8.145827712734057813e-02
6.879530090622362204e-01 6.233855452528550695e-02
-1.058668384096377979e+00 9.273339454660591841e-01
3.215484556235990166e-01 -7.848943729938236968e-01
-3.925131010210632931e-01 -1.200970428955674407e+00
-1.225806066650791282e+00 6.349190266963959939e-01
-2.923931921957602653e-01 6.825523640797870328e-01
-5.394043469616451869e-01 3.444191331149747404e-01
-1.417477900258244716e+00 -1.740508578621989266e-01
-1.760217594807042207e+00 -1.462304438087305147e+00
-1.004893847947711638e+00 -3.339328284347536369e-01
-1.878657062348807472e-01 -1.956064122711494546e+00
1.049994355244118216e+00 2.036205305375101915e+00
4.756035145819232923e-01 3.563525929167151718e-01
-7.800960974836196327e-01 -1.307267879960318790e+00
2.521425086675180283e-01 5.312965327674420424e-01
-7.414458747117876058e-02 8.757171096848036518e-01
2.169854974773864076e-01 9.482907512287551688e-01
-1.169891892527103350e+00 3.312811633748055651e-01
-1.445424541602569335e-01 -1.089683055894398400e+00
-3.425414199986494268e-02 2.487924129930172978e-01
3.050404682084623786e+00 1.383278320584162557e+00
