-2.331055750518367109e+00 -7.332141478755880293e-01
-8.988385777437114532e-01 -9.677914713893094323e-01
2.846885426876771819e-01 5.180718168319750072e-01
-4.248202399071940860e-01 1.974462172098492008e-01
5.571716427449121545e-01 3.872346373652245100e-01
1.088551021706885891e+00 5.024173562033273921e-01
-1.979981883923696895e+00 3.508052013631016153e-01
-1.526953470305273675e-01 -8.219370907053902275e-02
1.795415640845354321e+00 -5.373904043313802031e-02
-2.807222584552778732e-01 -1.266491731838186086e+00
1.039014293279566070e+00 1.644171988985658750e+00
8.450094140885509031e-01 2.509332225186741150e-01
-2.599108194754786272e+00 1.493189253256031801e+00
2.542702261203413916e-01 1.293344198351134899e+00
8.680501577910932909e-01 1.607240249100995166e+00
-1.153084339667356018e+00 -5.401825946704925663e-01
-1.456895174228710843e+00 1.587531881795945787e-01
1.371829085688602845e+00 7.461580919766733766e-01
-8.775070580597855996e-02 2.355454032112167528e+00
-6.657296122461283661e-01 -2.117119539473718559e-01
4.850289914088249388e-01 7.622655940874399905e-01
-2.461487608107160718e-01 -3.262569383929192490e-01
5.896152802049958730e-01 1.400873729129492318e-01
-2.444934401372701460e-01 2.570815717415823043e-01
6.333431702890689463e-01 1.395190489008176327e+00
-1.731682082701363035e+00 2.286399904034340569e+00
-7.824774444808708651e-01 9.704224186809733421e-01
3.669167706431486486e-01 -8.852128459937818050e-01
3.024392355226393492e-02 2.048182123391936393e+00
-4.035790009910927845e-01 1.891113902593830387e+00
4.914626793138514582e-01 3.964459515994331329e-02
9.149245168389051885e-01 2.935275368486265357e-01
-5.206315707430910766e-01 -2.033373082152018230e-01
-7.270262431278855519e-01 -6.022008868323009967e-01
-6.339934470034315206e-01 -8.964615673554118813e-02
6.564159317104539815e-01 -1.891223123289495822e+00
-1.134300326276884041e+00 2.255230946225358635e-01
1.844151049858821390e+00 -3.304754231424706368e-01
1.486100137489249073e+00 -2.891245903848679855e-01
-7.602874902391258960e-01 1.623774617848624258e-01
-6.474000497920805453e-01 1.273024265611260031e+00
4.635496454372503572e-01 1.247717018837655595e-01
1.867717930463173692e+00 4.938695679938563954e-01
-1.203610108646795823e-01 -9.550670040604957167e-01
-9.492962580335020384e-01 7.500579164066306648e-01
-1.615659522089983202e+00 8.102736354359874049e-02
-5.128780054794624954e-01 -2.330629636843262187e-02
7.378766203848176053e-01 -1.465234928440320994e-01
5.264798263776059306e-01 -6.002675400097969849e-01
-5.178398199638543087e-01 9.262887330025041388e-01
-1.743815469105370053e-01 -1.064805342158507750e+00
3.400801324029167350e-01 2.513679416492314633e+00
1.954817038733005718e+00 -1.974044779187201781e+00
7.657165578872356104e-02 -1.638471806955047683e+00
-9.370752149462475700e-01 2.289001477931709161e-01
-1.384236644196877197e+00 -4.274635432393436019e-01
