-1.395510467993500647e+00 7.213577946590608025e-01
1.762613699537687983e+00 1.006098839097795405e+00
-9.311302516634106796e-01 1.233376255244212905e+00
-9.429604791885785042e-01 -4.154655085973534834e-01
6.128185502875874713e-01 -2.318776205438270566e+00
-2.383526563087251804e-01 8.955403370097709814e-01
-9.673748150585558259e-01 -7.170958725879035267e-01
7.542857370124854688e-01 6.219139681430453370e-01
-2.784718335281969104e+00 7.329561172801265512e-01
-4.485380850145347376e-01 -1.234936957239740174e+00
-2.059777740610645447e-01 -1.594989777495199545e+00
6.161108646846349263e-02 -1.055617679216601879e+00
4.156347234000408730e-01 -3.814812638705066261e-01
-4.252220051454876915e-01 -1.055301707057473060e+00
7.024566701945211822e-01 4.352848279341594018e-01
-1.472462634343174370e+00 -5.757313752326888301e-02
-7.571674038662964401e-01 -1.894927545134787117e+00
1.453618092532191763e+00 -1.033252274197196341e+00
-1.087547409670340137e+00 -5.713712965222910167e-01
-1.019080339570773486e+00 -7.940615168736783192e-01
-2.512190810908609517e+00 9.413284827084819062e-01
-4.113512144559606232e-01 1.015429869916298078e-01
-8.160751335783201776e-01 1.419418932956302004e-01
-2.326430374582869887e-01 -1.125815425536876857e+00
1.720360088862664893e+00 -9.878180454707071734e-01
-3.732620407112819394e-01 -6.609987340445045989e-01
5.227229619280578110e-02 -1.349574479974655072e-01
5.869766958241631194e-01 -5.731466287373139235e-01
-4.501153714789952742e-01 4.682704921644535445e-01
-6.149873285572297066e-01 2.985958767464066965e-01
-5.017273253020479995e-01 2.027266559557973746e+00
4.043935432416430609e-01 -1.613498516444727082e+00
-8.779226519677374441e-02 1.644034788007224246e-01
1.607529663551611754e-01 9.990525597567946336e-01
-5.439091856352668009e-01 7.185749217457382265e-01
-1.415383536138343779e+00 1.362107507189743100e-03
-1.884859343701823953e+00 -1.307137025535055397e+00
1.827066222228321379e+00 -6.904369838908858137e-01
4.347291240236829113e-01 9.517780404456667454e-02
1.662177752027589772e+00 -5.871687606089915495e-02
-5.877561268805808758e-01 1.509195106477933868e+00
-9.974285690899196977e-02 -6.895031630454806493e-01
-1.235400667460839097e+00 -7.108596235166142474e-02
-8.117224990972792265e-01 -1.295444359757464414e-01
-1.884542346675575630e-01 -7.130635761280451623e-01
-1.927955440191860159e+00 -1.062570312130331346e-01
-7.262468886198125695e-01 -5.815230426805607228e-02
-9.827028024965149822e-01 -1.403946045462822534e+00
7.380644657664712227e-01 -3.792442725116904612e-01
-1.703694728718910367e+00 -8.837491031868673907e-01
2.330891780412422676e-01 -1.065657604484548715e+00
6.722155933679409001e-01 2.237269513805416887e-01
-1.621346118206492770e+00 -2.365064947065622647e+00
-6.929638067488017583e-01 -7.050124420741319398e-01
6.244223748500570687e-02 4.695199704023896303e-01
2.556121101000239162e-02 -1.983318238608696937e+00
