1.691421609553900529e+00 -6.081026440989628634e-01
7.012667850690511573e-01 -1.227971742674160316e+00
6.874939631090861702e-01 2.016697293147476699e+00
-1.047018253717758363e+00 5.365760980456532048e-01
-5.341885569762534480e-01 -9.837635919158612685e-01
-1.228426272833341493e+00 7.545367229492699890e-01
-3.152444878118628169e-01 2.757718562176727714e-02
1.534015699917057773e+00 -9.725540414847613224e-01
2.089315433990133197e+00 -5.793079167704465737e-01
-1.204621024427837001e-01 6.136660120545183172e-01
5.120807291302323927e-01 -6.643928416361999378e-01
-1.574941676264010604e-01 1.477637964521118397e+00
-6.301188165808289110e-01 -1.924717505024407638e+00
1.184075211440307251e+00 1.766279129109187274e-01
-3.523038524881613176e-01 1.192659622156697186e+00
-9.958513022123202663e-02 -5.507657403051262612e-01
-1.069272594521429642e+00 -1.771846944157446924e+00
1.509612464524408559e-01 1.296036848550017995e+00
1.203476593714160270e+00 -2.275214361928923623e-01
-3.032330404347642894e-01 -1.374135877587785881e+00
1.584655422288181903e+00 -1.195991319544421394e+00
-1.285727978233685231e+00 5.733608827405280994e-01
1.808256477136837570e-01 2.160767242404582067e-01
-1.427207107816386600e+00 -3.142987958354861888e+00
-6.266942963834503111e-01 2.809888839236986402e-01
2.382201080792273551e+00 2.124081686147681614e-01
9.974987758090482215e-01 1.291992782002036266e+00
-3.929428953789937951e-01 9.426558146616759171e-01
1.087195644544912021e+00 -2.422252723026579346e+00
2.259147994092535416e+00 1.953846440363465609e-01
1.132758743750091890e+00 -6.461973285990515459e-01
-1.006188938185357956e-01 -1.134578370521607482e+00
-5.783782377185519019e-01 -1.047943721438109543e+00
7.285764030100791988e-01 1.008060050447052713e+00
-1.358194837517596731e-01 2.758973110938064410e-01
-7.970137487644268770e-01 -1.906662837277375011e-01
1.402753524632199995e-02 -7.375447447780425492e-02
7.174533988092421932e-01 -2.396632615691788870e-01
8.739739422443602024e-01 1.168245896857978083e+00
-4.317473927018075641e-01 -6.258523596316801774e-01
1.262310142441988914e+00 -1.376153231005327882e-01
-5.828228067003713431e-01 9.405858051401450037e-02
1.159519436677017623e+00 -1.920971502281331178e+00
5.712953380073881871e-01 -1.924075615559923458e+00
-3.880535289847932834e-01 6.262343775612855268e-01
6.997858070352689364e-01 -1.108258819859548661e+00
1.808387458058727804e-01 1.210830472609196073e+00
-2.249472095619317269e+00 4.147749577592527714e-01
-1.095577880232727619e+00 -1.122224824094358420e+00
2.435118087553382604e-01 2.510399348103779515e-01
-8.311191037800260695e-01 -2.763024521643033804e-01
-1.435560682758797890e+00 -7.413934997242715985e-01
-7.156580859971896080e-01 1.139563587606364115e+00
8.255089156162685737e-02 1.647265527276180030e+00
-1.353766578588088576e+00 6.349712169266941153e-01
-3.556925144468006672e-01 -3.374837253563551243e-01
