2.082384671519833808e-01 -5.901770821737406525e-01
-7.813655081995743990e-01 6.562036853781696433e-01
3.738572169509416510e-01 1.290737087948652662e-01
-1.229580210305507432e-01 1.669247551743662239e-01
-4.112830234162103693e-01 -9.503813194906912676e-01
1.087232444427775196e-01 -1.281327166688016828e+00
-7.759451135614000572e-01 -1.559521697835996923e+00
4.282607399737961007e-01 2.003499124385338670e-01
-1.928939474692363376e+00 -1.246347431864569977e+00
-7.577163696218455757e-03 7.525083289569851619e-01
1.596554006405546400e-01 -9.889956507100629013e-01
-7.814752229521858551e-01 -3.971773366672756711e-02
1.605071110745198260e+00 4.078683138445262091e-01
-1.508842930689612061e+00 -2.412379825935755395e+00
1.675350611779184096e+00 -1.508875488051564684e+00
1.566015227557367107e+00 3.289008668034343330e-01
-1.454120354427969275e+00 -1.467659542959152796e+00
-4.347771500558104685e-01 4.084701158809895816e-01
6.731097470469900312e-02 -7.001744895112356482e-02
-4.354113387103487609e-01 -1.089009415593017671e+00
-1.033274321504241922e+00 1.779969465958498587e-01
1.725712365068385878e+00 3.241154500006442896e-01
-1.423390950414309852e+00 -5.286476033486551263e-01
-1.079987080349382733e+00 -7.221422381822311110e-01
-1.023084485840590335e-01 -3.868733392652122238e-01
-1.676889741974137982e-01 -1.471548754893633237e+00
-7.293126889610209718e-01 5.710313556312189842e-01
5.841783871526436966e-01 1.766222107757486615e-01
-2.432913099847302973e+00 -1.816083669782313781e-01
-1.276450843259296253e+00 -4.744470045790640245e-01
-1.929721728289652827e+00 8.449443785958321920e-03
1.593935649247797182e+00 -3.625586463178624430e-01
1.233498363815245691e+00 1.103164969491404079e+00
-2.014181696587221126e-01 -8.544074266414937169e-01
1.085646388578726806e-01 4.217024361906876462e-01
-4.075559976816312546e-01 -2.063877547728487638e+00
-1.325594296698121344e+00 -8.453231892335711928e-01
-1.858799779808721464e+00 3.830786115620054000e-01
4.067947199708515926e-01 1.427076615797500558e+00
-3.040957467772674172e-01 8.302884668862832163e-01
-9.670785635022173254e-01 -1.277268474520578401e-01
3.008299221000944601e-01 -8.749350293534486900e-01
-1.364680352551137732e+00 -2.242214770926823919e-01
-2.398714474962570509e-01 -6.258040658008436896e-01
-5.353005168732369867e-01 -3.568847819039967506e-01
-6.083364946188652977e-01 -1.209554427313676461e+00
1.821258762408555498e-01 3.350191967131305182e-01
1.112754552784609219e+00 -7.725025371598250867e-01
-2.167703694549965310e-01 9.558445243869508889e-01
-4.171100033574106636e-01 1.518320074195745051e-01
-1.418007689992473397e+00 4.246271097951559992e-01
3.614246691567077341e-01 1.261189243008442595e+00
1.768175588852681779e+00 8.030759308807176033e-01
-3.899649219454046079e-01 -1.603234081186374616e-01
1.358727587584845686e+00 -2.130558076282790037e+00
9.725849200404692585e-01 9.168578575711132661e-01
