9.186846824517030941e-01 7.442053128636305637e-01
3.099289018817295016e-01 7.506778670752004556e-01
-2.140310985805158883e-01 3.000573886657532247e-02
1.507070926865869742e+00 6.640391224295172368e-01
-2.724922061958844344e-01 -2.202707686970911016e+00
8.539500517988174444e-01 1.556117560145706236e+00
-1.967790782750384881e-01 3.846149774656021370e-01
9.227582003285826617e-02 1.208903313713900918e+00
-5.922089165588582116e-01 -2.011208531490397355e+00
-2.817309975296078406e-01 5.223636442496858434e-01
9.765474046153486132e-01 -1.133937242862140149e+00
2.316648506916760830e-01 -2.120849853892942116e-02
-1.370316945893144789e+00 -8.595081038879682778e-01
2.506007359640361809e+00 4.008393998967525462e-01
-8.123056389211492923e-02 -1.907548673035533993e+00
-1.252299145556760029e+00 -2.815702713680126035e-01
-9.423809317572671290e-03 -5.401407453031944472e-01
-1.305217898892461648e+00 -6.715509728890669550e-01
-1.563246977084644662e+00 -3.576394934752684107e-01
-7.397348376435227690e-01 1.532420821645205766e+00
6.070438382192818727e-01 -9.637270585353593377e-01
-7.713627127438860143e-01 -1.445200911058838189e-01
-3.234704144559730210e-02 -1.294756681535509657e-01
-9.587670860819181851e-01 1.435675680854186231e-01
1.104364274470450852e-01 -1.584361574073326895e-01
-4.222970802407496199e-02 3.165275566999048995e-01
1.498007976918888096e+00 9.188871094136699114e-01
4.609411623794331669e-01 5.692183052670152232e-01
-1.259005957945778631e+00 -4.314553550191621567e-01
-6.243183664821636558e-01 4.416932661440947649e-01
-1.731710200777157649e+00 1.307532225447290308e+00
2.400406452922738965e-01 9.977466397707933643e-01
-6.515218616526494699e-01 1.902072829383175817e-02
-1.036015014596191941e+00 -1.085061196917838755e+00
-1.565821386075354260e+00 6.621258981768621821e-01
-4.215591015511546136e-01 8.247226675732269863e-01
9.325210341350193000e-01 -2.193742342839311465e+00
1.831105297614340044e+00 -1.490242986927099000e+00
-1.084151947873627009e+00 7.648583095442891278e-01
2.586684168828927710e+00 1.048644198183724230e+00
1.513163805340022039e+00 -1.092577152681693198e+00
4.527777790864434548e-01 6.480165540135448543e-01
7.857576453702524999e-02 1.714597914405712631e+00
-4.935097923803542508e-01 1.945971668936797627e+00
-4.766540140619842103e-01 -2.633556735671855331e-01
-3.190018392923541501e+00 -1.344573566794149855e+00
-2.798089543294309811e-01 1.274631658738866857e+00
-9.695932549098329467e-01 1.347792167265899899e+00
-1.153069073634367836e+00 -1.156346036609810168e+00
8.132545156663122388e-01 -8.182234627910598412e-01
6.153481962281555084e-01 1.384672760293011118e+00
3.092799123833966934e-01 -7.957427484109644844e-01
4.705491174256028475e-01 -4.149269047656457543e-01
7.269014444588989265e-01 1.989232109392115699e+00
6.660077870985932069e-01 -1.885920735876496224e+00
1.066342420705728156e+00 -7.664750195449122616e-01
