-5.555693602736877512e-01 -1.619173030300529448e-01
1.843591898521565353e+00 3.891983339550721954e-01
1.659678892232536729e-01 -6.785290174282512243e-01
-1.138750562001135336e+00 9.505999601045750369e-01
-2.392154370956288134e-01 1.570952438529203132e-01
4.206110010544514277e-01 9.582748217965525450e-01
-5.043046577581574708e-01 -3.460628851109106008e-01
-1.258516298670227851e+00 -5.415890162777695638e-01
-7.554624289396345560e-01 1.150095782915694920e-01
1.329667316184530934e+00 -4.092709402287337261e-01
1.184137087742665351e+00 9.221893835358634384e-01
8.485699884040498464e-01 -1.913739692521719826e+00
-1.544614724105082493e+00 -2.162810089613298015e+00
6.108052973378284012e-01 9.502147538010678740e-02
6.362962207225971722e-01 -2.010614308135737716e+00
-4.381718043517534578e-01 -1.204274857848804281e+00
-1.565702604007316534e+00 4.229102558590439043e-01
2.097109933502521617e+00 -1.432384232059457974e+00
2.621430126655245330e-01 -1.243411422430966556e-01
-1.220233907416969243e+00 -5.039250160566589587e-01
-1.226887617693510846e+00 6.540448968547248887e-01
1.423958242445201972e+00 -4.635589902636512716e-01
-1.467270222367429433e+00 -1.004595072043826143e+00
4.921577700800122690e-01 2.084630651983442551e+00
-1.619931487019097727e+00 -1.400233574750480159e+00
-3.170415361868517135e-01 -1.187595497530784083e+00
-7.643244164965478094e-01 5.705227209902230534e-01
-4.933629948880772775e-01 -9.399406861336662145e-01
1.602693706732620571e+00 -1.073707606504028522e+00
-1.069173213087807328e+00 9.285670400473170494e-01
-1.520468076779021960e+00 1.527504197121486884e+00
2.759690345518146959e+00 -8.382318022560814041e-01
9.325270300807068091e-01 -2.232032177508502108e-02
-8.699157335870224550e-01 -2.339604275933858890e+00
-4.503277932199060141e-01 4.468542756392430704e-01
-5.265770868368997021e-02 7.500840224080649321e-01
8.893226497073949410e-01 -9.368490885334473939e-01
-5.711124371562759094e-01 -7.210629628360007426e-02
-9.885227420518317987e-02 -7.119818297798974349e-02
1.166550964996486472e+00 -6.780502758608045744e-01
-2.641745016070520258e-01 -1.773571558355573119e+00
-7.523437715499529943e-02 -5.307631195759994203e-01
-1.149182564461688649e+00 9.582225826776339384e-01
-8.265176094798762918e-01 2.687546676740631968e-01
3.202721215959487555e-01 -7.081329329278859275e-01
3.645622662586358032e-01 4.201069913854175164e-01
-4.335162066119865876e-01 3.854338939782687157e-01
1.143735603220513708e+00 1.398501627155259719e+00
4.614756698473748142e-01 -5.810629947444805321e-01
-1.641647633142116813e+00 4.378711770380351309e-01
9.406312754135107701e-01 1.261376221561576472e+00
-1.009746647271664077e+00 3.444559814108165696e-01
7.933004945045231127e-01 9.245936318727875358e-01
3.716297039335155206e-01 -8.074537134599405475e-01
1.580990233401100564e+00 1.195509370708198960e+00
-9.141386584423905060e-01 1.636825309369251746e+00
