-1.379314235737720384e+00 1.569347858730619771e+00
-1.105140171800606419e+00 -1.749100892160907250e+00
1.119210265772179191e-01 -2.412643166020290442e-01
1.553095919211160858e+00 -4.958365994715027703e-01
-1.462854760427416967e-01 -1.051929661217672063e-01
4.000058855984257589e-01 -1.067135944335088515e+00
-1.458319406263566487e+00 -1.406256246304726787e+00
-1.678052607650820205e+00 4.763109336081988721e-01
-7.950821730035371182e-01 2.269317428153957650e+00
-5.770323709973411708e-01 6.773790595786626234e-01
-1.511688588182313220e+00 2.056540029085079102e-01
5.417961972563534179e-01 1.170944629440908713e+00
-1.907653756926408484e+00 3.268083933840787436e-01
9.412326879757057507e-02 7.797023113937439076e-01
-4.948829973694797157e-01 -3.348087664996731494e+00
1.566661060932070526e-01 1.107279082528680680e+00
1.641997307251358285e-01 -1.104532302017934953e+00
-6.678440749866235704e-01 9.480494458711481442e-01
-4.697574341162832207e-02 -1.550004499169211902e+00
-5.399200486590927106e-01 4.295951909064297802e-01
3.951145973095580022e-01 -9.047877577197561694e-01
6.898051569150521756e-01 3.618940735875426085e-01
-1.655917968781788208e+00 -4.184046077085486481e-01
3.270288689373610502e-01 -7.297099193270162321e-01
5.813483695626114889e-01 3.438018803697863723e-01
1.500867628263926612e+00 -2.428441249960080761e-01
-5.223831320220970742e-01 8.206545109851055564e-01
4.648710996515512672e-01 1.881382263417943790e+00
1.700011477657836778e-01 1.399693657672105296e+00
-2.453396780723228199e-01 2.110396603662062151e-02
-9.598680714469441932e-01 -4.716874554148786647e-01
-9.883687670025300687e-01 -1.387951506099803334e+00
-1.285942942526870691e+00 -1.683702122987244254e-01
5.020848797486506809e-01 -9.218972807889901366e-01
-1.257323019055133217e+00 2.427225387419464087e-02
8.209225477754172884e-01 -1.452799586833417811e+00
-2.374404851057140498e+00 8.343164881583551296e-01
2.192132089747268253e+00 -1.618722873313571398e-01
-6.791863051688725728e-01 8.761403066569934950e-01
-2.318742798666072746e-01 -1.253230608971014792e+00
-3.432825635028944777e+00 -3.184691302800224388e-01
1.189705141057436633e+00 -6.480308129232780212e-01
-2.269890848552071072e-01 1.153995684795088073e+00
3.817250874491333601e-01 1.171140054422434407e+00
-1.541066886540769509e+00 3.776217863049495804e-01
1.519301155079955112e+00 9.335619520181974718e-01
-7.950509628961714981e-01 9.442871351419271919e-01
9.793852069091447954e-02 -1.623906710603180370e+00
2.036629090879270021e-01 4.953267278351324715e-02
-2.593314785226372265e+00 -1.041556911661826457e-01
-1.864379649367018943e-01 -1.483023576205202865e+00
1.581604354480210750e+00 -2.376056732227056420e-02
-5.847984933733467727e-01 6.080106698801175380e-01
-1.136952377508126721e+00 -5.865349155258562514e-02
5.754536342099966229e-01 -2.456574667041841575e+00
1.876027043470827604e-01 1.220814221682019474e+00
