-3.505950193383202979e-03 6.138402945201638650e-01
-1.120666139966219749e-01 -3.313618194858787280e-01
1.126096551101040566e+00 -8.417775846033644926e-01
-4.199011838330601876e-01 -1.921154428465720043e+00
4.858802602802715920e-01 1.347761402075308590e+00
-2.365232378432590377e+00 2.042688004323789386e-01
1.861302864117859945e+00 5.032717623069011825e-01
-7.114407174964278990e-01 6.773418965174811124e-01
-1.292243947014874023e-02 -2.136975519509655419e-01
-1.259742622821488522e+00 4.487220120142370039e-01
1.633195569203449882e+00 -3.226794626278849942e-01
4.042322779705331270e-01 4.626416558476059704e-01
6.636352710611390648e-01 2.575117178999709600e-01
-1.511553531834720188e+00 -1.961359678333779999e-01
7.627088582575177744e-01 1.872569134167559601e-01
-4.498054785410799394e-01 3.054695647342859921e-01
2.173245217570905774e-01 -1.185404464690431592e+00
-7.182496584933220074e-01 7.064177634614765555e-02
6.500832903296976939e-01 -5.075003444792693941e-01
6.359387864898241594e-02 -6.186563942803916527e-01
1.490010382263185384e+00 -1.254763434703476177e+00
-4.716835659838655714e-01 1.602300219175360363e+00
-3.485454671575134444e-01 4.552757459554624964e-01
1.961895023046661635e+00 1.489598474779527670e+00
-2.516186281706428440e-01 1.320859525919333866e+00
-1.071847120879809934e+00 -1.190292285280132756e+00
-6.959392833323851946e-01 -5.582834237978467895e-01
9.817279985449105517e-01 -1.222554630211942106e+00
2.132454231462624639e-01 -9.326239732507318747e-01
-1.132044986977854606e+00 1.181177819219020542e+00
-6.341029177266089834e-01 -3.208088185423033645e-01
-9.929269021169568887e-01 4.707404468398552755e-01
1.187909772531564601e+00 -1.135276018068911874e+00
1.264111668750707018e+00 -1.440865411167240873e-01
-1.698118622245002651e+00 8.507915834998456273e-01
9.750194306062770488e-01 -1.532881366623859987e-01
1.685812944711523320e-01 1.182455300794888808e+00
-2.411028189020317125e+00 6.082021380792969056e-01
-2.174945794551916833e+00 5.190144312199752169e-02
1.255571728966047296e+00 1.465024135362025026e+00
1.664781804124909614e+00 1.149119558325772728e+00
2.183946970896272557e-02 -1.428265889679378453e-01
2.322260702247490816e+00 -8.076039744615413074e-01
-2.712767383282198574e-01 -6.595778976382428160e-01
9.201865780361363489e-01 5.721511329041544247e-01
-2.503402655224740148e-01 1.394455991694414587e+00
-5.592106293370470160e-01 1.389365648926411900e+00
6.965565648060347836e-01 -3.343069320379686293e-01
2.615252785534810318e-02 -5.720564161172578821e-01
-1.737475562836625909e-01 -1.626693147055321698e-01
-3.608283836328173705e-03 6.017726013297693965e-01
1.951238071634504301e-01 2.357276377206090068e-01
-1.085741605881269806e-01 -1.044353736678789391e+00
5.404644228504867920e-01 4.991154388968105926e-01
-2.516204991116625322e+00 -2.617831666983368999e-01
-4.515610309929515842e-01 4.196324264786244762e-01
