5.431402656620156755e-01 -4.533701440871191757e-01
-1.271551552888287917e+00 1.528408712870436004e+00
3.208033219282326320e-01 1.118990524292118038e-01
1.225014135848148333e+00 3.145743898396294314e-01
-6.214980561074663346e-01 6.556373976377648516e-01
-6.521284915508452906e-01 -2.327655585671849561e-02
2.006219279056999094e-01 -1.786553203694267455e-01
-4.475006787170130451e-01 -1.135431298141442946e+00
-1.891203609030690957e+00 -9.580628690372678946e-01
-4.228280512513463152e-01 -7.815438462756769677e-01
1.946238854000567953e+00 2.161021069491710023e+00
5.441972838509441246e-01 1.425550497462498012e-01
-1.662969300218635871e+00 7.998282226376524084e-02
-1.064148086726565690e-01 2.666593568829889183e-01
-1.512076038812245393e+00 -1.385383104859481351e+00
-7.678927443869781877e-01 4.527966962253289485e-02
1.319123388959660303e+00 2.433835413875502784e-01
1.596004704109034167e+00 5.691743050737611831e-02
-1.217642051270060088e+00 9.435765131723690136e-01
8.599041968584953954e-01 -1.397637685045672651e+00
1.646177579062232832e+00 5.638707657591016664e-01
-1.376130127349486365e+00 3.107183240554156067e-01
9.779391522769090850e-01 9.499542167819498006e-01
-1.327487076533560684e+00 -7.457440770091740001e-01
1.245161628914706275e+00 8.812767711701349205e-01
-3.095790876905727962e-01 -1.868347272973358286e-01
4.902677641753699911e-01 -1.355324549443990501e+00
-1.118993114837031566e+00 -1.832449962704795210e-01
-1.202431472568200599e+00 1.892122089471663493e+00
2.947947607840078477e-01 7.180678665922510806e-01
-1.550153943995431938e+00 8.847725612986473420e-01
-4.835978665443952385e-01 3.741196639108702593e-01
-4.619713723110713960e-02 7.451382998106808042e-01
-7.323205010282805016e-01 -1.099691757902386380e+00
-9.095848610388040933e-01 -1.143422426133508862e+00
4.866226490783941427e-01 2.592129454222664720e-01
-3.486102373530777787e-01 1.324487954527941769e+00
-1.438279592760531189e+00 -1.466335863713713827e+00
8.633937284410095891e-01 -3.024751502034738748e-01
-6.039036567066256023e-01 8.179629794050189417e-01
1.018640394237259467e-01 3.284970880111744429e-01
1.283412362101306270e+00 -1.490965493680366238e+00
8.781974258698857505e-02 -9.272641409840322035e-01
-1.561813896136797497e-01 -8.231632952912258938e-01
3.468722713884090508e-02 7.075998818080524444e-01
5.294548574422508480e-01 -2.259128705774635371e-01
6.320290636947110130e-01 -5.242965708162543592e-01
2.747823873943014417e-01 -9.808832606178673474e-01
1.825464909847852590e-01 -1.426868017398617502e-02
4.421030627690650805e-01 -1.614375776386147487e+00
2.803412740058371933e-01 3.221181989483753449e-01
-1.599795913584074691e+00 -4.271585023692045513e-01
-5.305353339794508516e-01 -1.072575883041597455e+00
-6.300704678004040993e-01 -3.153858977034321720e-01
-5.021799358242508005e-01 -1.239707226092537029e+00
-1.087953083206996546e-01 6.013594646721234227e-01
