9.622621772905397552e-01 -1.014727304119269702e+00
6.744896904138422342e-03 2.866444101039540282e-01
8.242880147954259051e-01 -3.985765993823824904e-01
-9.337396567896592003e-01 -2.647569077036445062e+00
-9.770597865101329216e-01 1.299050237310197531e-01
-1.532737539650979919e+00 -6.645164861717620108e-02
1.119036130675828522e+00 -9.172317814827800619e-01
2.826740636301006138e-01 1.548824035141911581e+00
5.013194150213016176e-01 8.991371425323246847e-01
5.140626500691987122e-01 2.843416568066107764e-01
2.004436138789433386e+00 7.391766173079592495e-01
9.443854789613219669e-01 6.571337954788964986e-01
-3.266923661159776282e-01 -9.559918288218007820e-01
-6.974164187426724615e-01 -1.566787888955445629e+00
1.420195198061664055e+00 4.900565088564586835e-01
-1.416220726924154738e-01 -6.859940259452601552e-01
-7.451621881510445133e-02 7.635827355416778817e-01
-3.925285612522135814e-01 -6.145057079401258782e-03
-1.456054700911367350e+00 -2.262360813416256722e+00
-1.066069336677767820e+00 -3.004895754699474786e-01
-3.827456736536290482e-01 1.241526045783672982e+00
4.581743924833844850e-02 1.381672719875986610e+00
4.483400905547864634e-01 -7.898131435357302887e-01
-1.636216657541224917e+00 -1.239082215193199887e-01
-1.175619635371105920e+00 -8.645786427851243072e-01
6.700902595521641691e-01 9.758310205383190494e-01
-9.664755757789228463e-01 -4.994316240236248983e-01
-5.628601678133492436e-01 7.992313635384351578e-01
1.343977345620118447e-01 -7.550531633274782939e-01
1.632770136313199671e+00 4.525436940346769799e-01
-1.331552386602257609e+00 7.542966555810152185e-01
7.874525872814216454e-01 1.482942704368817310e-01
3.925049744941920271e-01 7.169825061373034103e-01
2.913300764518772512e-01 -8.491149162519702198e-01
-1.189286220808073224e+00 -9.239220319678086435e-01
4.250681847651330836e-01 -8.189624753587163575e-01
-1.483537384281113480e+00 -2.529176111326844278e+00
-7.824251603989404447e-02 -1.178650453967402312e+00
9.164221797604008013e-02 -4.511112232273649103e-01
1.810540322356508858e+00 -3.548082889059191447e-01
-4.686839025348245036e-01 2.096403376469702373e-01
-4.971662014887991421e-01 7.174341152189250836e-01
8.563796559080431026e-01 -1.033047140781835127e+00
1.491345567300800701e+00 -1.074898230252773867e+00
-2.009578348056847430e-01 1.350206237125763264e+00
-1.131581945938246458e-01 -9.436746007735428154e-01
1.627242140108770885e+00 -1.428840384469914071e-01
-3.139635941381085371e-01 1.122464890651452274e+00
9.563347196257310223e-01 4.918853559719635893e-01
-4.813866284329739176e-01 -4.493523956605385283e-01
2.817783330746289616e-01 1.908572331423687429e-01
1.179824082674476582e+00 -2.018467742579312940e+00
-8.361374577161384547e-01 7.485700465858555197e-02
-1.191980103717101835e+00 -1.492725193792614036e+00
2.361638666314691992e+00 -9.298020709835774777e-01
-7.571931108688045864e-01 -2.117777460038635928e-01
