2.951951243906197342e-01 3.492461280667116807e-01
4.105393326501459161e-01 -3.283529432173002416e-01
-8.333270639222351006e-01 7.300344813869402705e-02
-2.973486333147404292e-01 -1.995954801472836992e+00
-9.396004992263581324e-01 -4.810564950087565239e-01
-2.100061684662661854e+00 -1.284406359453116986e+00
2.439620934719058387e-01 -1.404814788489573640e+00
1.006529832463509688e+00 3.309062539671001613e-01
8.643537021867816472e-01 3.198201628759864690e-01
2.047392423440023812e+00 1.548995399994706756e-01
1.072374423947984878e+00 8.469953165878377765e-01
-1.519257467563187358e+00 -1.272020011555101693e-01
-2.485817506349872474e-01 -1.749730305579293654e+00
-3.259679148438986429e-01 6.239587540702031671e-02
1.435708335342526787e-01 1.061674655323654237e+00
-3.565909735871125585e-02 -1.614926487457657212e+00
-1.316794421706553919e+00 -3.484554860957476130e-01
-1.772581239433767275e-01 4.618233610180074722e-01
1.342767612125113752e+00 5.105178088329871411e-01
-3.791663272113307004e-01 9.288979286834841975e-01
7.253951542316715295e-02 4.995975830187315281e-01
4.507828009799970670e-01 2.860880129460460219e-01
-6.980151303031938426e-01 -1.170402829414562834e-01
6.171638742999405736e-01 -3.660050640931337695e-01
-1.717134444893602563e+00 -1.098391378046199574e+00
-2.140162648679806157e-01 -5.480469693699022704e-01
-7.182174401871460612e-02 -4.442740164439983319e-01
-4.390385415792086299e-02 -1.625124826675161394e-01
6.084124167833169228e-01 -1.412481801509146706e+00
-5.396407380237600027e-01 6.941803037903855333e-01
1.029605568611913213e+00 4.781188899377238899e-01
6.078915389038156425e-01 1.946545250434494057e-01
-7.360350449829422548e-01 5.776130106394992136e-01
-1.480827919708024576e-01 1.911679168514156979e+00
3.202734826753458192e-02 -1.459394753542250900e+00
1.968064185825080248e+00 -9.493860794658091073e-01
-1.188090399531333691e-01 9.676322341529237647e-01
5.154362960128138216e-01 -1.760327385239997877e+00
-6.069421260730091250e-01 4.992330175254929281e-01
-6.388585512911810760e-01 6.481166329568491813e-01
-3.515452142785883693e-01 9.671162954653678145e-02
-1.442813001053103061e+00 1.648259284651700241e-01
-6.612764511711054505e-01 1.197204618976512425e+00
-1.090637692693319671e+00 3.524556095087832963e-01
-1.232942154256826184e+00 -2.856117426609166454e+00
-4.097050478222747927e-01 -8.428556229773104258e-01
6.739819849545398700e-01 -1.417148268568855229e+00
1.498368546456382733e+00 5.492462724963648180e-01
3.366193357076843751e-01 -6.542163113925443252e-01
1.257469274471713749e+00 8.162034623871104733e-02
-9.391008683375801080e-01 -2.184920574937917692e+00
2.930882115394384813e-01 -4.216236447366746853e-01
5.741270470157093797e-01 -3.106413845294805576e+00
6.397132965339584754e-01 1.722215115052490475e+00
7.387732827206413555e-01 1.102194722790708514e+00
1.424202835236616060e+00 4.780036035332225208e-01
