1.073313059387551283e+00 -1.204414277586243337e-01
1.549728930222438184e-01 1.040867424200736302e+00
-4.058480714607091699e-01 -5.096588090805244109e-01
-5.293939737467872053e-01 5.475845456022798013e-02
7.598739366512210491e-01 -1.563678113536739689e+00
-7.491927195235357217e-01 5.089593614857123027e-01
1.227282141320605424e+00 -6.426690951670117891e-02
1.964857589423260054e-01 -7.678302906776387493e-01
-6.008494342594409288e-01 2.194812298917528659e-01
1.977258280181699135e+00 6.777176133796785074e-01
1.038906882215572924e+00 -1.891360513957858480e-01
-1.071612450246767212e+00 -2.484355477307569893e-01
-8.232825118416492449e-01 6.013380373085390751e-01
3.396429676909228368e-01 -6.644320476861741431e-01
-2.790743370275340363e-01 3.987251031693602593e-02
-2.770641097774210748e-01 -2.250473797972883661e-01
-4.105804658532650198e-01 -1.153678467073255165e+00
1.495320399753493137e-02 -3.914063261839371699e-01
1.221283547824837834e+00 -1.789593685202543472e-01
-2.130828255378772740e-01 -8.588974309985991651e-01
-1.372070462393689683e+00 -1.594044403485090688e+00
8.482333572382896314e-01 1.696404712030915307e-01
-6.253136151192980607e-01 3.586866238080088642e-01
-1.277156161876132678e+00 1.253167625857010581e+00
-2.010671847585751681e+00 1.975260263409991945e-01
-1.811499127173634927e+00 2.846824869536038749e-01
7.686837976101618120e-01 -1.887084178779559326e-03
4.838097188140835780e-01 -2.800303059817333962e-01
-1.135234680034504118e+00 1.107623831519011448e+00
-1.021230829296654541e+00 -1.967316303882856943e+00
6.323339935336319551e-01 2.027852062498846752e+00
4.952943546550394038e-01 -4.060196937390040950e-01
1.310400622497788437e+00 1.027797938000791333e+00
2.074344874319020982e-01 1.962891566446326730e-01
-1.786741750852762212e-01 -1.419837350453922564e+00
-5.852206214280865071e-01 1.000711049791813245e+00
4.287762599480146597e-01 -1.904719314231624105e+00
2.936130874629135246e+00 -1.510965104752019617e+00
-2.866422641961591244e-01 -7.860843582956981157e-01
-1.131288009185744681e+00 -6.629257261619921904e-01
-7.511892053714043227e-01 -1.807652566578170639e-01
-1.659115057877183386e+00 2.041767395454307188e+00
7.936591822416226849e-01 7.269802694495667295e-01
9.774824869408975381e-02 6.221230718608993238e-01
7.367947338272790025e-02 -1.505512089376705998e+00
-9.893196372361928725e-01 1.351331364750655295e-01
-1.430813219639512912e-01 -5.309174520610537851e-01
8.866189960200310249e-01 -7.163964731704349775e-01
-4.272993404826948560e-01 1.272983828841945941e+00
1.186528082254874494e+00 1.142979756552380405e-01
7.341499764811653117e-01 -1.054931840353292127e+00
-1.406269556469811055e-01 -9.668566890822034576e-01
5.462948260433733161e-01 -1.576444755959522270e+00
-1.874280582517039662e+00 7.585894535915718162e-01
-5.629773419718331340e-01 -3.084778446842281197e-01
9.247416469672838923e-01 2.287214508380057965e-01
