1.117363070736636210e+00 5.004058069032926021e-02
1.696577013608444373e+00 -1.383639783736085871e+00
-2.937504188836513319e-01 -8.895945510439242643e-01
1.345598215827382704e+00 1.357890160298763416e+00
-3.218099733530529249e+00 -3.652361923890476980e-01
-1.386256602094651340e-02 1.339813335510624759e+00
-3.231938535644399701e-01 -1.437392995279700436e-01
-1.374280426116179621e+00 1.332340908712087879e+00
-1.024759753209876001e+00 6.545293686448384607e-01
-7.813349253478427681e-01 -9.948562725214477043e-02
-1.532969595110640793e+00 6.310942719442309556e-01
-4.427349785773332935e-01 -6.444018022740254370e-01
-1.115165108564226903e+00 1.891720859633413854e+00
1.740498102139510950e+00 5.024582894467159999e-01
-4.550822201301544800e-01 1.420501182320047517e-01
-1.643322279288517429e-01 7.366705062494901535e-01
-9.159485522852955919e-01 1.111112748018543428e+00
-1.008125849849580868e+00 9.616479696072496863e-02
1.235962833169354930e-01 1.408563006368319215e+00
-2.460904281312634723e-01 -5.520381348836971291e-01
-1.309338599905796263e+00 -1.171908647995641983e+00
6.835438600883401161e-01 -9.952673916956187306e-01
-5.795945645583789885e-01 -3.848150041241780728e-01
1.759262766552010415e+00 -2.026786074047132180e-02
1.247632835245084282e+00 -1.354210796705618280e+00
-1.060625925455352725e+00 -9.968173690256380004e-01
1.382146016736285565e+00 2.835462602531584331e-01
-2.073779794576103175e+00 3.593020260656583642e-01
6.390038159997397660e-01 1.884188239367429851e+00
1.072160992639465071e+00 -2.758821792793061389e-01
1.112116100445414313e+00 -6.632400690270942034e-01
-8.043150770177106557e-01 -1.318799006994939793e+00
-1.599717964702409123e+00 1.039958930562667333e-01
1.137297843465587092e-02 4.741312085603957005e-01
-3.883948902246830981e-01 3.543969145946381794e-01
-4.158960945399741704e-01 7.398443811053142527e-01
-1.028604992984825772e+00 -2.417280932133781257e-01
9.632937890148662863e-01 -8.291618938330370669e-01
8.694471138492140261e-01 8.968996063620486847e-01
1.646159628376294037e+00 5.055063587797102853e-01
-4.630573554243257450e-01 1.577034287427100390e+00
6.313966996308995050e-01 -1.351996987453668364e+00
-3.561914561076235386e-01 6.639703375323998680e-01
6.275402414004422891e-01 4.080275809064504156e-01
1.125251786224800377e+00 -5.156618816969605890e-01
1.199473651244561845e+00 7.638845008359141930e-01
-2.188356787839901951e+00 8.044952355028290869e-01
1.294976409055532018e+00 1.104996767490749932e+00
1.134469885903798270e+00 -1.531213991173268729e+00
-1.334362646051486800e+00 -8.559988736402948661e-02
1.197988333856258719e-01 1.715335238336781476e-01
-3.152367238113432890e+00 4.296024852082805379e-01
8.302765486515401028e-02 1.165365857603722771e-01
-2.747104239902646294e-01 3.775413561845615829e-01
4.295365786749706927e-01 1.414033521784159753e+00
-1.174607488851037829e+00 2.540642787178200024e-01
