1.802575264797088961e+00 2.338217024615280026e-01
-7.028401775813408747e-01 -9.934457112849353067e-01
-1.281951057861748788e-01 -5.858705783745141171e-02
-1.744411518737729816e+00 8.071781312901146199e-01
2.234040183393663170e+00 1.904964431789959722e-01
-2.739065511697395205e+00 -5.082267704218145221e-01
8.560679238961610427e-02 1.300099833837103924e+00
-2.889623373360037384e-01 1.878333983102882909e+00
-9.902322578436425493e-01 7.920719799433458830e-01
-1.964138970341483548e-01 -3.846272566378691193e-01
-1.262626179396350856e-01 -8.673386767102603256e-01
-1.486474611409930036e-01 2.460482963805617207e-01
-1.063062591708777010e-01 1.626371930278601941e+00
1.548641974001164545e+00 -1.078765935449655045e+00
8.205041001887927177e-01 -1.579960990873168436e+00
-8.782488552953755523e-01 2.332774211107158102e+00
4.339586870417223574e-01 -1.115277487881233931e+00
-9.605306812247809134e-01 6.460460068037688908e-01
3.516309509850801818e-01 3.150458098446029531e-01
9.942756124533358442e-02 7.929020504454228346e-01
1.272658145389033157e-01 -5.594472034889480527e-01
-3.035827270792004415e-02 7.827293450877292891e-01
-1.029227536856511138e+00 2.350453965121571676e-01
-7.885705488822362108e-01 -1.831233524568192939e-01
6.265853696406586092e-03 -9.457175608260942612e-01
6.675043108859787244e-01 -1.227726858927280729e+00
2.717385996452781338e-01 -5.046975970671122719e-02
-1.334585087522488278e+00 1.133791950052443598e+00
5.940555652916972296e-01 2.605297298272549744e-01
2.541166908904227473e+00 9.102840351318726153e-01
-2.174578618574587008e+00 2.542583843110177710e-01
-3.819244166709439003e-01 1.700930207432945762e+00
-3.168588668637626893e-01 1.014845937876670767e+00
9.851955134511043433e-01 -6.652210090619452565e-01
-1.553515514638318384e+00 5.608599207828505184e-01
1.402479812427856576e+00 -9.807923360541118685e-01
-7.937158702519232500e-01 -8.428266326069945580e-02
-4.152399802598510936e-01 8.085624360951513268e-01
2.400796593696228332e-01 -9.303868876068180915e-01
-1.375996462963512412e+00 3.436846741313042686e-01
-4.221916084909103639e-01 4.223852738414985430e-01
-5.546548295643285442e-01 4.860990401744407219e-01
-4.672582687879119068e-02 -9.456589609608014868e-01
-1.243761907780459808e+00 -7.575497931831198795e-01
1.560478117939726773e-02 2.337548236185890360e+00
1.172324007097973048e-01 -1.311270131537193739e+00
8.711850182770048967e-01 -3.844870458931892720e-01
-3.390889472700517326e-01 1.318883706054944371e-01
3.867048495076367831e-01 5.528394479055882549e-01
-8.865866824110404387e-01 -1.217760068280669961e+00
-5.396495082496686191e-01 3.264037617276949188e-02
-4.597753750108920512e-01 1.133530545865095274e+00
4.728667506713737922e-01 -1.360181102020260990e+00
8.676881085732535137e-02 -2.599805180168751395e+00
-4.364035867674758151e-01 -3.601568935446836095e-01
-4.443931610922683406e-01 1.858932498396544064e+00
