1.021588455794572248e+00 -2.207067923783430363e-01
-7.123380500388067915e-01 9.995545576663844578e-01
-9.073194389429087847e-01 -3.578700696665514103e-02
6.840249476892928948e-01 1.617898339438952338e-01
-8.402384486622977988e-01 -2.249943642978041058e+00
3.543101457626249284e-01 -1.143364411113309886e+00
-9.715256623191428909e-02 -3.099674049703600165e-01
-1.351611869062528844e-02 4.933100263425518328e-01
-1.358471318627956004e+00 2.416188692552497241e-01
1.210868167648575966e+00 1.830085189801323453e-01
9.352454966747536513e-01 4.220017697325189610e-01
-1.260349219054753833e+00 3.025529917241062128e-01
-9.419202692190008497e-01 -2.262110045204724362e-01
-2.297606715322894066e-01 -6.527455542075366601e-02
4.328618982400344040e-01 1.405978379265847011e-01
8.064438378230061044e-01 9.952769660934105422e-01
1.775809391753528921e-01 -1.241929871948734387e+00
9.841887861036867358e-02 -1.078957398685201907e+00
-2.660054757719138106e-03 -1.492147091300131345e+00
3.540395387961110807e-02 1.990962711582149103e+00
1.868260452223895696e+00 6.049075619532427034e-02
8.177427508326736705e-01 6.853565787547341026e-01
-3.016667064801173415e-01 1.408955036271085870e+00
-1.701292970970106788e+00 -9.363133289014841099e-01
1.262651545281650023e+00 1.377653371295668672e+00
5.745988340784805581e-01 -8.696965912157786915e-01
2.800880140102049998e-01 -7.426241333051781801e-01
5.042975736560905142e-01 9.993816185089363091e-02
1.195536617700270865e+00 6.325350054357212204e-02
-5.139353113133392492e-01 8.087042367865937553e-02
-1.427641456811151954e+00 6.992077104444646141e-01
-1.217907076570501346e+00 -2.470979845570150657e-01
-1.600486615440381177e+00 -1.053063644363865015e+00
1.670866393462221433e+00 1.800500943105742380e+00
-9.470665189526559224e-01 8.761081420821126287e-01
-7.741472224118393086e-01 -7.875768805803543549e-01
6.399133074442261426e-01 -8.256723674734988139e-01
-8.684974954044263340e-01 2.389608966795931377e-01
3.455660867067090192e-01 6.581337983020884019e-01
8.874921160918384233e-01 -1.566862946828490699e+00
-9.186836477293498504e-01 3.147521089202686695e-01
3.123464456686279034e-01 -3.076186201769202655e-01
-9.296516469777631464e-01 1.175408713534092930e+00
-4.156953221541869192e-01 3.163159938630363266e-01
9.569892142502446353e-01 -1.644796270939286043e+00
-1.259771466339408397e+00 -1.074245982554557832e+00
-1.735753964821085571e+00 3.801000693092468907e-01
-1.043239072435488302e+00 1.263083864811034740e+00
-8.579503328407048213e-02 1.816753578625387722e-01
-6.335731369984937134e-01 -1.884824661462053685e-01
-8.297732345251085384e-02 1.369453737148720096e+00
-1.810039423693137195e-01 -5.833708021000925115e-01
8.664984128066243185e-01 5.313902098273737273e-01
2.004261201282968585e-01 1.103099001229509435e+00
-3.481804993217640920e-01 7.157253932315758016e-01
-4.624910833420363132e-01 6.291827473461949483e-01
