-1.701485315649944596e-01 -2.337911584710185287e-01
-6.290560952221330160e-02 9.581399566362650555e-01
-1.764907519020262550e+00 -1.937656101118001128e+00
6.124268974312054858e-01 7.536837746763543899e-01
2.731847794089368731e-01 1.627965496840584336e-01
-1.113105419481272840e+00 -7.250766435359485840e-01
1.967006692023390846e-01 -1.167117882736130596e+00
1.186477805766698479e+00 2.086111695649804254e+00
5.461676558268544479e-01 -1.172173616785152639e+00
1.327618249642806170e+00 -6.323720645349313330e-01
2.415026167877729890e-01 -7.485314718630894926e-02
-5.939101654276716102e-01 1.710146496728087717e-02
-3.425174005388244569e-01 2.990150499963138975e-01
7.143986418069139255e-01 -8.332969167716440806e-01
8.618665724710795617e-01 1.130370420988848323e+00
-1.651195768764442295e+00 1.183707516148668537e+00
7.402886905895356140e-01 -6.715307511797300455e-01
2.620471502325839364e+00 6.541775870919215585e-02
9.949569784496229419e-01 1.089361014433625902e-01
1.080900040221356662e+00 -2.051059229914811710e-01
1.651109916016456070e-01 -1.164414966769548032e+00
-2.618344544148091479e+00 2.801652107335975694e-01
1.803293700032829461e-01 6.103605693687061962e-01
6.389902639092497338e-01 1.127014406551355430e+00
-1.054878706347682105e+00 -3.404721874394686654e-01
-2.199564638600637334e-01 -6.794075629916779269e-02
-1.052806390079388532e-01 -1.091964707813689456e-01
-3.134593270259642406e-01 -1.931596962792133110e-01
1.251132158153164919e+00 -7.597383666161467985e-01
2.049003287418193153e+00 -1.555010601077364329e+00
-1.046378144620860873e-01 1.444143131733415020e+00
-2.937997369012677606e-01 4.156720102255676702e-02
-1.982571326505188081e+00 1.042393497600769062e-02
-6.552426981469104683e-02 7.572098413236636461e-01
-1.980512603738949995e+00 9.919502831855544489e-01
3.190507182599442992e-01 -5.656584178776675742e-01
2.866653045493435803e-01 9.474238612854748443e-01
1.890581909586807330e-01 -1.461388872903489178e+00
5.346427422629540516e-01 -1.056951145676939818e+00
-9.087633215474987258e-01 -1.394737566901370185e+00
-1.201252612573472378e+00 -6.419497411796641906e-01
1.837335262965857474e+00 -1.242057657339532994e+00
1.610610610800128073e-01 -2.951100748891143932e-01
-1.868437680162855496e-01 -1.923764935265810605e+00
6.912050059034767768e-01 8.963817867133058170e-01
6.935271820812852761e-01 -1.822349170019071929e+00
-2.191538701463673355e-01 1.115388340363428488e-01
3.307036712620797236e-01 1.745969793859399044e-01
-1.644012290615038507e+00 1.051880182357231241e+00
6.043412247331131359e-01 3.465914339777215192e-01
-4.012051493522434398e-01 2.208711499028999381e-01
-1.789809359057798754e-01 -9.299125654000457430e-01
1.163875048780456112e+00 5.001515308428424733e-01
-6.041997527709441762e-02 1.245664455383361569e+00
9.005298531739168721e-01 8.679603779468515468e-01
1.581624389723731205e+00 -9.525023874967024629e-01
