-5.630469928608727859e-02 -1.196837037213849708e+00
6.805247549336876922e-01 -4.626397593665366181e-01
-2.213808922369419063e-01 -4.172793095948174602e-01
-4.126254082501850107e-01 5.129558425298076374e-01
1.524601328176405257e+00 -8.328346826970866035e-01
4.344171531997352842e-01 1.619273826208630918e-01
-1.485103012897581509e+00 2.535689770921085273e+00
3.542773567275135371e-01 -1.247490616693226695e+00
-1.082684629972193585e-01 -8.017545232887621776e-01
6.468083651766222131e-01 -1.835370954175300218e-01
-7.254201914063769241e-01 -6.115366489718185861e-01
1.005652492950400045e+00 1.717263484821479391e+00
-2.000912820456179908e+00 -3.775564525533533500e-01
1.149100142672778935e+00 -1.339800517185640638e+00
6.514231460185513356e-01 1.130379416449976082e+00
2.298284097463972664e+00 1.834448942550069017e-01
-2.633349187564582028e-01 -2.266158975505962569e+00
1.298940908827494328e-02 1.437199577049708354e+00
-4.562025550196662782e-01 3.157290737525023649e-01
3.314816886132623264e-01 -7.302340609069120081e-01
1.259471060461291536e+00 -4.562621263102872859e-01
-5.872988719275553660e-01 2.400724654148058898e-02
1.958755947343673864e-01 -1.616022319139512442e+00
4.784428803976159550e-02 1.451436722908107657e-01
-3.620404407101562860e-01 8.958737646193047632e-02
-8.865546587955756008e-01 7.319509136620442336e-01
7.458339622988521267e-01 -8.801123511953066192e-01
3.324550670185009160e-01 2.998963232562482442e-02
-1.413322640694814947e+00 -1.278391054303165575e+00
1.296575690072053533e+00 -1.148593677619113684e+00
-2.012018691302936979e-01 -2.912730429936176701e-01
-4.733873627021129571e-01 9.914407109185268130e-01
1.394298279665020290e+00 -1.788209150905800682e+00
1.451515223122678222e+00 4.814686703060964135e-01
-8.926621654299177200e-01 -1.768958591327861596e+00
6.623339100023897252e-01 2.758451410533981907e+00
1.648255251193805337e-01 -1.785771986718573734e+00
-1.207389387184969465e+00 4.940526607009755877e-01
5.895216759832633269e-01 -1.080096317170529785e+00
6.329671060245474212e-01 -8.143908423698813515e-01
-1.610280898285560314e+00 4.929301256160775052e-02
-3.494855269156555977e-01 5.158904645756242635e-01
-6.651220747558523883e-01 1.803246663520477466e-01
7.833744634955893682e-01 5.465560999997702840e-01
-1.868754600187463755e+00 1.251647022155746747e+00
-1.486898053630859362e+00 1.346586603588986630e+00
8.227061429925459635e-01 6.525896842965231981e-01
-1.117305715493974283e+00 -1.019181251604546645e+00
1.076968635871636160e+00 4.726577117492583580e-01
7.043282851154558655e-01 -1.686119554321119818e+00
1.969010376454199296e+00 -1.910146942262813397e-01
-1.640543428129683790e+00 -2.420954894605243268e+00
1.254979638528798125e+00 6.522492020458740825e-02
8.391849151431508558e-01 2.276375930127821690e+00
-4.980131810656200919e-01 -9.095362589343076731e-01
-2.918815996279927050e-01 -1.553186930627702633e+00
