1.492164041402072927e+00 -2.900082419898814545e-01
-5.974959682867048150e-01 9.019579543420432888e-01
5.278450789432888035e-01 -4.000167164969677391e-01
1.012990517533855162e+00 4.461658795605810690e-02
-2.380097543895807632e+00 -7.840759180026042330e-01
-1.462810076894701439e+00 -4.042256595925710627e-01
7.402523384850460131e-01 -3.604507431820190289e-01
5.100763821396949727e-01 6.320337157171367348e-01
-8.244409515415433987e-01 -1.070211795313833480e+00
-5.403276700824314327e-01 -4.950583451607561414e-01
-1.302299694805377772e+00 6.494800895757412151e-01
-5.552837672399312252e-01 -1.220007674162534340e-02
-1.160560068628574637e+00 -1.979329833467105892e+00
1.066695398690561403e+00 1.269749651205736463e+00
-2.995494745903199973e-01 1.043827569288614754e+00
7.855351230121290218e-01 -4.373443286770185567e-01
-4.182172262583952471e-01 -1.037504220184790604e+00
4.096352728355455164e-01 -8.275581831898800589e-01
6.102240156310347885e-01 1.277185318127845026e-01
1.456550847029785656e+00 1.118176459486020180e+00
-1.523656232687613077e+00 -9.913283771934834343e-01
-1.812282837735992747e+00 -1.758124785118428957e-01
-2.199633131561860300e-01 -1.736126787030932261e+00
-2.092328062535937949e+00 -5.747924139676487132e-02
-5.954141390794573940e-01 3.741757415879438109e-01
5.824075869842330055e-01 2.738596587384899972e-01
-1.361583746554565488e+00 -7.377796152398459206e-01
-1.034350441636110229e+00 1.753872827618406349e+00
2.748721857952366454e-01 -1.617581419516396224e-01
-2.342486972683206492e-01 3.930081463287011800e-01
-1.150221208242020593e-01 6.006695020520710221e-02
6.247752432426768865e-02 6.892432772075828273e-01
2.583533949766272375e+00 -1.009992178048314315e+00
9.492973125366429565e-01 1.480722076407984533e-01
-3.274340762302668795e-01 -9.086095192973767110e-02
-4.225254039325898048e-01 6.725266774338602982e-01
-1.951620223234771037e-02 7.005234016760850113e-02
-5.482248560115034197e-02 1.217401372591012221e+00
5.286553648426177698e-01 -1.726128163696703632e+00
1.776345258862725152e-01 6.917727655865236747e-01
4.419851298866661615e-01 -5.475136213568663202e-01
4.663005527989737553e-01 -1.474134550003669109e+00
6.267162863574019527e-01 -9.805610939711533192e-01
8.946559953479771288e-01 1.057094441825169595e-01
-5.138025240961504592e-01 -9.643114158254853518e-02
3.581566279784364343e-02 -1.884956079331757905e+00
-3.836626744873005146e-01 -8.917019236895229461e-01
5.829078956525469701e-01 1.263757507073546837e-01
1.954682665318229484e-01 -1.189988127175331645e+00
4.693918949074034064e-01 -2.835142102284264332e-01
-1.667354361384786765e+00 -9.163413352958256208e-01
-1.252956650994163201e+00 8.745911770663380436e-01
-5.800741880463196054e-01 -1.604504469286496704e+00
-1.369465980339923838e+00 2.882534228379735608e-01
-3.474375227441605651e-01 1.784784307880256327e+00
8.084566451053069869e-02 -5.734322630976330659e-01
