-1.641429371201891529e-01 -5.378718595528417246e-02
-1.327139115345148834e+00 -9.652033971096077303e-02
1.085940420339740919e+00 5.594390165047579133e-01
-5.994086420777920976e-01 -1.094748456658179325e+00
2.331711347446260296e-01 -1.853435798789005995e-01
2.326499602049152404e+00 -4.969233185165940481e-01
-1.423963361592107679e+00 -2.071068991961794392e+00
3.537256860246152934e-01 6.276147588960868662e-01
-5.484700313563817264e-01 3.068778402481799006e+00
6.994588953179406432e-02 3.253596016119878476e-01
-1.651002493488986422e+00 6.182542500407449682e-01
-3.019409748198175203e-01 -2.831227875437202779e-01
-9.579157199014022295e-01 -1.255718410485307412e+00
2.746471096689580560e-01 1.754464376726859065e+00
-2.048924571367116698e+00 -4.402257206186561689e-01
-5.653604163006822336e-01 2.036658727195220120e+00
1.122445460056706423e+00 -3.306156398603674051e-01
1.389864944143190284e+00 -1.481512401558729541e+00
4.792158062144623309e-02 -6.436544083671108529e-01
-2.088837248102911881e-01 -2.574346533928520975e-01
-1.631090963865210464e+00 -4.078863005605806169e-01
-5.058433749596388251e-01 1.350779469862715798e+00
-4.041235047195413932e-01 7.196966563676984174e-01
-7.758568816245950961e-01 1.081408796523507521e+00
-1.728965684796057722e+00 7.416054107935878825e-01
4.168899963602356595e-01 -1.968007730399887967e+00
-3.629038437497024150e-01 -6.043105095337014676e-02
-6.819710851157709808e-01 1.121954694433391353e+00
-2.818412133804543487e-02 -2.655592857312227828e-01
1.961430416669924126e+00 1.460083709848754463e+00
-1.059517346983844394e-01 2.715188355991656532e+00
-1.853682885361901622e+00 2.226702444254980429e-01
9.792654700883637320e-01 9.375131162607597268e-01
-1.190658853262329897e+00 -5.215308397801865503e-01
1.271543886536395718e+00 -2.219770301556648617e-01
-1.647169237326288949e+00 -4.153964477569734304e-01
1.460671034756992448e+00 -1.795237911055209273e-02
-1.007672059331002901e+00 1.313289202708268766e+00
5.896021950893992614e-01 6.757190607440589636e-01
-1.202744989926796793e+00 -2.516270940033296655e-01
9.371744652706451295e-02 2.123865754160779051e+00
1.623455525563683555e+00 6.067250350090455102e-01
5.454344021263540787e-02 1.435549922767581421e+00
3.489030622556101302e-01 -2.168726022852749846e+00
1.228932363209652268e+00 8.742847608528765413e-01
-8.260180313923760620e-01 8.760609937682906079e-01
-2.238123999165415323e-01 4.123581395863674115e-01
8.000381526610851335e-01 3.509815525373605194e-02
-7.217939189481904494e-01 3.138892813510659741e-01
3.239415522093050392e-01 5.063661144221021093e-01
4.193562749293322511e-01 3.844223528705512649e-01
8.643644256772284873e-01 -4.628390853942708216e-01
1.518494990847254478e-01 -1.254204837367312697e+00
4.426122505805289986e-01 1.131655173822066374e+00
-4.824317520745318721e-01 -1.271189428828148893e+00
1.267560133286091129e-01 2.170006043759157566e-01
