2.429580988427449406e-01 3.391680386342860398e+00
2.410798556100148815e-01 1.761907121341615978e+00
4.252333939886568936e-01 -1.345634104900668149e-01
6.580757095514148114e-01 -4.813168301894409362e-01
-1.560638653406039689e+00 -1.033022448286176731e+00
1.959838984374298931e+00 1.077946921410765334e-02
8.987485204011544937e-01 6.209547401267484501e-01
-1.612599739343935523e+00 1.516573772676038656e+00
-2.450228214821514039e-01 -6.483885581921403629e-01
-5.441269216404994724e-01 -1.835173171295533034e+00
-8.050497960152691590e-01 1.243056833268024741e+00
8.085783536058546161e-01 -2.457870732502827504e+00
-8.263596753641904158e-01 -1.380204191181005458e+00
4.556549988279897517e-02 -1.005925735491767642e-01
-9.666015120842620378e-01 1.843317546981862731e-01
1.792400349703602846e-01 4.662635135740754722e-01
1.617030255924415960e-01 1.322439423913277068e+00
1.228703617251931224e+00 8.301403601433355109e-03
-3.017596520938883864e-01 -1.747517200477468169e+00
9.529938238092208191e-01 1.532111869311058694e+00
-8.863276740307550472e-02 9.782378965095628320e-01
1.628869165538141539e-01 -8.060517357955212514e-01
1.888648413580204632e+00 3.285058927318831312e-01
1.009166749213308734e+00 1.132381361941027231e+00
-3.341278782071052111e-01 -1.581410461443123028e+00
-1.083090987865771293e+00 -2.232417981444400290e+00
-5.110934657851555762e-01 -1.668485692225226413e-01
1.582772240961989763e+00 -1.302010958470845692e+00
5.552587505483606023e-01 4.131715126413536970e-02
-3.853456688383445905e-01 -8.944518679898449953e-01
-6.725865340475678522e-01 1.069115108612169074e+00
-1.496174756090106861e+00 2.365362399390360970e+00
-2.625945722572323726e-01 -3.369142226005853447e-01
-6.034552311520554602e-01 -1.317686106678251090e-01
-1.068104058389246075e-01 -7.110915029660225262e-01
9.782374416116033089e-01 -8.213868764906485653e-01
3.941683390163006617e-01 -1.047928665148697203e+00
-1.000062470569806905e+00 -1.061971365199963380e+00
-1.020575367077829476e+00 -2.164800503257553466e+00
5.822759960647043709e-01 -5.239066894180174350e-01
1.012916881428741256e+00 1.084098272848645905e+00
1.864066568356051445e-01 3.765619031254794913e-01
-8.393841623415352338e-01 8.574781658370122378e-03
-1.249232017765870451e+00 4.516925255387946869e-01
-1.183130846655752411e+00 8.137415783229993149e-01
-9.227519367908977310e-01 -5.012792645312617035e-01
7.254696996797512787e-01 -1.670904053155975122e+00
1.775982288494196926e+00 -6.059706884452199793e-02
-1.160071672762480688e+00 -8.122959686614968783e-03
1.331762027544924010e+00 2.180490614136530336e+00
2.013827380684039825e-02 1.551217520655972848e+00
-2.083550780463905017e-01 -1.181086874730262526e+00
-5.297034533653444122e-01 -1.178830931305041574e+00
9.603121663905250793e-01 -7.889281801322705068e-01
5.941509197417240706e-01 -4.678574424880588833e-01
-2.430746161242388625e-01 9.165877321180632142e-02
