2.306841750426709969e-01 -3.036553050461634484e-01
-6.061814282856505809e-01 4.340908329211372596e-01
1.520791684130700094e-01 7.466976093938924031e-01
1.508320434546404520e+00 2.795536721435662453e-01
-4.365171112956945376e-01 3.057516539214314433e-01
8.659072846318757732e-02 1.140386490366529282e+00
8.247454333321209141e-01 4.074369589259337066e-03
-3.054420450029862177e-01 4.806079848665600895e-02
1.895358112261705252e-01 -9.208951521947229546e-01
1.721614602159039081e-02 -1.780557214727486737e-01
-5.311498703197667925e-01 1.115960503951711535e+00
-3.508173889309080806e-01 -1.599626006653737109e-01
-1.998903978194175535e+00 8.099843089645566430e-01
5.503555995054987271e-01 -4.612764518197762231e-01
1.225591878587471095e+00 1.686814766752320116e+00
6.146167734207883676e-02 -1.734814708994679044e+00
1.414794075118449568e-01 -2.198325521374112079e-01
-3.871947409351237379e-01 1.207644394300980917e+00
-1.391194394906075660e+00 -4.022456946365106645e-01
3.621249044789469629e-01 -7.969736821415168704e-01
7.352548355811315828e-01 -1.639792895135833151e-01
4.921700731164423970e-01 1.113989957900089367e+00
-9.457903911250884477e-01 -6.963415139357868704e-03
9.041882997207110195e-01 1.247677483029562051e+00
-1.233796985325149032e-01 1.207399893835595206e+00
-8.454124588733424872e-01 -1.856706664777491300e-01
6.171412000302033407e-01 -4.176877507490009966e-01
-1.887534397426702482e+00 3.430620009622913913e-01
-7.678843167939205516e-01 1.042663434193612959e+00
8.965175735631757403e-01 -1.814834662736410698e+00
-6.855673289289972994e-01 4.823894197042093435e-01
1.700060202779952512e+00 4.212218005613383998e-01
-4.974521420600734323e-01 -8.861905081991757749e-01
-1.537857121847225228e+00 -7.868485289411630834e-01
-1.678689425460224482e+00 -3.342386654736855811e-01
-1.751879974368435785e-03 -2.373336972568295400e-01
-4.721108000478133060e-01 2.166328239780493270e+00
-8.987169906196532665e-01 -1.538523668722539428e+00
-7.040957338393916132e-01 -5.837715766244251370e-01
2.583164353886918119e-01 9.402080332902874593e-01
-4.926319799544087163e-01 5.179671031238333723e-02
-5.142425729220293507e-01 -7.039454638414515131e-01
2.951318601712071832e-01 1.412167828256368496e-01
6.720204897945517564e-01 -8.420296308723906886e-01
-3.551069196457625754e-01 1.462065255809472386e-01
-3.357021861607765723e-01 5.248163246106094526e-01
5.202555514306631546e-01 -4.438944444872387485e-01
-2.960454188991723523e-02 1.071491605943682313e+00
1.883611886340669783e-01 -5.021045370119200379e-01
1.373592807217333955e-01 -1.332227288395710696e+00
3.799345483449368399e-01 -3.800291014792275129e-02
9.101785794996355428e-01 2.415025640869457924e+00
1.025691686468126473e+00 2.652928241888583560e-01
4.338685019545015509e-01 6.136508292762322681e-01
-8.168311861403531049e-01 3.575756397636754014e-01
-1.710166667428923537e+00 -2.635400745794897956e-02
