-1.159488629613871780e+00 -8.529703256338488915e-01
7.118051535494371862e-01 -2.390337458036511376e-01
4.759382781904841764e-01 9.457047185235961662e-01
-4.402449206577677132e-01 8.143333222014298434e-01
1.480284112292768350e+00 -4.147560540693117082e-01
-1.196989726286689093e+00 1.426607061549668209e+00
6.783471269985734686e-01 -4.818072483580648768e-02
-4.703048434451996829e-01 -9.779421066418458874e-01
-1.023486633531667911e+00 4.643595844524531224e-01
-1.702146609196073745e+00 1.506199714441289306e+00
4.578827474483189164e-01 -1.067935678032663649e+00
-1.204979436036422769e+00 -1.231901946211373833e+00
8.182584911266144179e-01 4.728276745442863693e-01
-1.988025304851505359e-02 -1.252817003650089633e+00
-5.744325574471575990e-01 7.920895783350477837e-01
-1.281121193256021584e+00 -3.433498587555673942e-01
1.982105104389895844e+00 -1.270250354021817074e+00
7.850473946505521772e-01 -1.105694972283703059e+00
-1.864340404947093965e+00 -6.453121962885610685e-01
3.147125666523318266e-01 -2.435518409462564815e-01
-6.697742852442384320e-01 2.006071090900308496e-01
-1.308989055892719744e-01 -7.302522241466774533e-01
1.819923002748735197e+00 -1.847161175882845452e-01
-4.081029162884328154e-01 1.815139421772791417e+00
-6.704742690095415458e-01 -1.727271795956268896e-01
-2.035693990581529667e-01 -1.264576929465833999e+00
-8.514688510937107324e-01 1.279074102371307697e+00
-4.569582177308653126e-01 -3.492131757020568439e-01
-6.735823707682492278e-01 1.982480178228663015e-01
-2.900482366094731534e-01 5.858398602608482220e-01
6.252356854651990314e-01 8.789788896348225133e-01
-1.823000857688471976e+00 -2.340449638190616466e-01
8.665447347557170277e-01 -1.309935884078215762e-01
9.496011598329647807e-01 -6.399032420272482424e-01
-1.970759000591356891e+00 -2.025482224251154081e-02
-2.026436911447544009e+00 -1.759297194233945483e+00
-9.751791156870024402e-01 1.738395065673610906e+00
9.585439435582873702e-02 -6.252205051072409758e-02
1.880106338091280138e+00 7.757016583182071434e-01
6.003293653261283502e-01 -6.660112190231154417e-01
-2.848507453891822583e-01 4.645500861001824328e-02
9.075922273058845136e-01 -1.666405207839480318e-01
1.788077747077138901e-01 7.567525198394112751e-01
6.539652704350695789e-01 -5.863209003764119354e-01
7.869622768028926574e-01 -5.702810751169639092e-01
1.975689493491759596e-01 -1.554140099090169092e-01
-1.040081460347234588e+00 -1.344325172283355130e+00
-9.120487112574381383e-01 -3.613735887584863526e-01
-3.497683055608485914e-01 3.731171072441820261e-04
-3.379377166556283285e-01 7.400877625708457419e-01
1.610012224891584909e+00 -7.291706301032393478e-01
-1.445698200063703920e-02 -7.505600119278188487e-01
5.313010349275304467e-01 -8.943566680372917743e-02
-1.242454900326672496e+00 5.792411120407053859e-01
8.326302992668122016e-01 5.789402611399229182e-01
1.375819127040877610e-01 -1.276114656434996775e+00
