-1.013277577522516237e+00 -1.946592384342708815e-01
-1.158581029825359821e+00 2.054212953417580700e-01
3.631182826950730275e-02 -3.976752827480687924e-01
2.021426473968393825e-03 -4.982378158567675741e-01
-1.521337677281960898e+00 4.533692251899525960e-01
1.072082168497455745e+00 5.273835573603333771e-01
7.102062208802951693e-01 -1.355202145580546080e+00
4.410609587324445524e-01 -5.203824717158250790e-01
-3.647911983634184452e-01 -1.946299067578454167e-01
-2.822610666467475049e+00 1.932648403469864995e+00
-9.559338569506401484e-01 1.988926824175528685e+00
-5.621367394363295800e-01 6.745342449235938176e-01
-9.648835866156897367e-01 -1.083213881441685844e+00
1.057361021535411005e+00 -4.614552576207034407e-02
-7.825680294193645414e-01 4.692703615293235542e-01
1.373021518569140342e+00 -5.510403585424258344e-01
-7.763718649407784778e-01 -1.249976163551462349e+00
7.420917319355472275e-01 -1.207684908807608259e+00
-8.571883659928489219e-02 7.841467619428438285e-01
-1.407672778653225265e+00 -2.090638972908311466e+00
-8.467116102827944302e-02 1.987036371834093040e-01
-3.311485646792872162e-01 -7.021311137221922793e-01
-6.891617673259134436e-02 -2.398113999484761776e-03
-2.368492187147182571e-01 6.209120068013865845e-01
-1.494387382031469258e+00 2.892801170218710638e-01
6.006996533490101958e-02 1.497281945181018870e+00
1.018695031801910789e+00 -6.100364569386980129e-01
4.999591519663439954e-01 3.554891318340862028e-01
5.494890353741598288e-01 1.711372683815279849e+00
1.326763373957259851e-01 -8.900737483067087119e-01
1.092495111122776086e+00 -8.534393077620952006e-01
-2.217986719912331317e+00 7.831716408498585746e-01
8.161343442447172025e-01 -9.279404895303584588e-01
-3.282151165642649415e-01 -8.013673890875057104e-01
-1.363450043921808907e-01 3.597676888904578485e-01
4.151310312728333507e-01 1.088897526981244201e+00
1.533748159183748738e+00 2.116220286828304875e+00
-8.602510371662762390e-02 8.784825391295388863e-01
8.812226835629229094e-02 -3.638730226693480674e-01
1.185891488624490342e-01 1.610268731527464636e+00
-1.975935482060438009e-01 1.237953833315389440e+00
-2.763867253236157229e+00 9.646420856216456619e-01
-1.538295811492703891e+00 2.450528378505980320e-01
2.218757007128172809e+00 -1.547528137382637281e+00
-1.201422898457083638e-01 4.656694904727276541e-01
-1.612893667515280294e+00 3.748928929761292245e-02
-6.020456054808931423e-01 -2.130218789216696162e+00
-8.303273212515648316e-01 -8.767341798669890940e-01
1.179621590390327990e+00 -3.008132504611393809e-01
-3.854673790586661819e-01 -1.280985433105746196e+00
1.916099212859540657e+00 -1.459593008886173882e-01
-3.403325096887646617e-01 4.286756241283933289e-01
-1.131722516075708285e+00 1.474234278866142667e+00
-1.117928761306774765e+00 -1.441062377735935485e+00
1.284948440532156955e+00 1.289266443393983330e+00
-6.160660569516008822e-01 1.576486869699487592e+00
