-2.159329686828619366e+00 1.205968820243422807e-01
-1.367517069644459508e-02 -1.375840083308303985e-01
9.547464643466100354e-01 -1.010993807276560297e+00
1.064334324908057905e+00 6.574317149619253176e-01
-1.243473021011937407e-01 1.032247592235231437e+00
-1.839456524491710931e+00 -5.516082852173282980e-01
5.111773977382829681e-01 1.370254783246887431e+00
-9.269030289553141511e-02 6.088630772232438426e-01
-2.065348128872175337e+00 2.793278963421422789e-01
-8.197972481009184464e-02 -3.731576602431357914e-02
-7.432107433838581745e-01 9.862353653842340639e-01
-4.919196965314220904e-01 5.408400404219951829e-01
5.874674418035276124e-01 2.573954565253653737e+00
-9.967970517088228233e-01 -4.458530259479952518e-01
-1.744785108546065555e-01 2.803930484774703191e-01
1.134595907160675515e-01 -1.993477631344420464e+00
-1.241402723003609543e+00 -9.178027771901071663e-01
-4.513328631138580765e-02 -4.574358345343443322e-01
8.848824155886713116e-01 9.469051429986476975e-01
-1.226202478911614380e+00 1.908821126848573524e+00
-6.234711525332209403e-01 -6.061914869874673872e-01
-3.277251684398804210e-01 9.855942194655581412e-01
9.805491778770397682e-02 -9.571268526681749877e-01
-5.620891707525704772e-01 5.710392257851792941e-01
-1.069813418596356369e+00 1.361595812969546015e-01
4.145037596067868702e-01 -7.378074660094608994e-01
-2.034599866865689943e+00 -1.538831297136398879e+00
-8.414181119577742729e-01 -1.341119867471938454e+00
-6.705764048789179810e-02 -4.669238201195722304e-01
1.322910331450422694e+00 2.112413231474634390e-01
1.350045876492926400e+00 -2.461516996058220330e-01
-1.299664790542819803e+00 -7.410151890319714996e-01
3.430673200370482068e-01 3.801936592823879746e+00
-1.918422975535990282e+00 -4.745991547677773648e-01
-3.163183501465363978e+00 -1.598936323643390667e-01
1.401254582214793432e-02 2.094429803201940832e+00
-5.957309024468078196e-01 -1.514348345106970341e-02
-3.101705045203007050e-01 -3.539345854118164936e-01
5.740187638463837283e-01 6.313301703745380355e-02
-9.767101134844188293e-01 1.793994086801785626e+00
2.365945172043924238e-01 4.623988588618744844e-01
-1.643651067736208171e+00 -1.093654784642874800e+00
-4.332823618214909356e-01 -8.759685072095653446e-02
5.789556540141658214e-01 -5.214151901097990871e-01
-9.938803707146294242e-01 -2.124368159504932407e+00
-1.279363265833159957e+00 1.625934239998089836e+00
1.401716240133781932e+00 5.842787575635685071e-01
-1.686470861341061056e+00 -3.264537993097839097e-01
-4.320652612497686840e-01 3.197524977803987589e+00
1.182650971729394707e+00 -5.903114783841392210e-01
-2.327695751358945797e-01 -3.735545177119798388e-01
2.369684811473406205e-01 2.617707811888329017e-01
1.423231963062617234e-01 5.451905000994337891e-02
-3.453983418559203877e-01 4.823741360269997447e-01
2.802659718111736087e+00 1.951102827268637596e-01
-8.007420122789666861e-01 -4.565571010364328219e-01
