-1.002085765982038357e+00 -1.312942153690674463e+00
5.987634335313075651e-01 -1.822722380167400180e+00
-7.403506137060920089e-01 -1.453661100071923062e+00
-7.493319007889034378e-01 -8.841159864608129360e-02
-2.353549759687941112e+00 -3.520841001047894103e-01
-8.060206151900255467e-01 -1.076618193832127868e-01
-3.046277368067291658e-01 -3.166618625318612379e-01
1.012858049276634365e+00 6.996993082953750775e-01
1.874965173466525803e+00 9.044967562636636593e-01
1.615175256964720640e+00 1.009846626679655301e+00
3.255929862433130650e-01 4.995730183505775468e-01
1.134319297051060937e+00 1.108225199729272248e+00
-9.122913749073501277e-01 2.015895666707671285e+00
-8.131005991279190992e-01 1.543342238597075422e+00
-5.401597049437018017e-01 9.420388805193855020e-02
8.799729216676621668e-01 1.744976438295300913e-01
-2.049140305759068248e+00 -1.816228864919554375e+00
-4.877889042989815294e-01 3.302324984518326123e-02
-2.177845239314286085e-01 -6.682474823991292334e-01
2.624650025139611542e-01 -8.565420236620369110e-01
-1.562897584903824022e+00 3.617453542393284094e-01
-1.993879630471074305e-01 1.093272622312063458e+00
-2.413106461250451862e-01 1.274190473858586026e-01
-5.138436307860426711e-01 -1.760922489144512104e+00
3.305876889150108910e-01 1.528490785888962922e+00
1.043755021358856006e+00 2.755766943592471430e-01
-1.286594655740531445e+00 5.605446120350470185e-01
8.853450895633376838e-01 -2.263677631432328141e+00
-1.224955342134337988e+00 6.687253712699351427e-01
1.555647353258882148e-01 -2.542262515690657532e-01
2.671096622851355518e-01 1.121992129557316087e+00
5.126385365494040558e-01 -9.488531372520646601e-01
-6.463239857940853428e-01 -3.258574265877557941e-01
-3.064749795679304681e-02 4.934106984766232218e-01
-1.454093687792473277e+00 -5.032597556612867541e-03
8.633437724889938547e-01 -4.040121718261792672e-01
-4.407091610383748748e-01 -1.584436961804287503e+00
-5.628266461075960292e-01 2.036854968595771087e+00
-1.113833351627200319e+00 1.251194523647112700e+00
-1.965907397532655199e-01 -1.914704136691894210e+00
6.812104802808025550e-01 -1.456268676296735287e-01
7.155259050395066378e-01 -9.243568510786264181e-01
-1.732949671373027023e+00 -8.010386358080127112e-01
7.670007085091411492e-01 -8.850302822048969897e-01
4.187043126648489766e-01 6.308838686271672769e-01
-8.388481406910468507e-01 4.728334790370116170e-01
-1.152780981173582298e+00 2.011585172259806320e-01
-2.262611503245561262e-01 -1.346556420848154190e+00
9.938144203334701166e-01 -1.926452582302833116e+00
-1.447667637632275572e-01 2.620921223000032829e-01
-1.568774703922427571e+00 7.398659435706353982e-01
7.554839634755542432e-01 -1.020509544601007068e-01
1.981101044305418335e-01 2.558840328579166989e+00
1.917348186695019496e+00 1.517670143872064115e+00
4.738735285078561343e-01 1.776607465933994989e+00
-7.659914586516060053e-01 1.722783190545854604e+00
