-1.181235727849360595e+00 1.076697748482627226e+00
-1.688330751215217918e+00 -4.916299153757015539e-01
-5.574707129819653773e-01 -2.165610875946935854e-01
9.212603343605954009e-01 3.148743163941891687e-01
5.057782833873363249e-01 1.124610315116331360e+00
1.353855596210060019e+00 -8.326942735303678456e-01
1.088893107548826400e+00 1.217697226521187392e+00
9.180992180531235558e-01 -2.883991089774885497e-01
-7.200381396101476206e-01 -1.363913681545566581e+00
-8.074684047512523666e-01 2.731349109135192244e+00
8.806989522174170359e-02 7.103841893519058370e-01
-2.593196630101099465e-01 1.811072155620146451e-01
-1.329998290519465165e+00 -1.485562346685465052e+00
-1.376596716522830999e+00 3.710333845290160748e-01
6.366414581279907781e-01 -1.194128136008189900e+00
2.829397065504151154e-01 9.089150788955738247e-03
-2.943734905471180260e-02 2.958584853566273765e+00
-7.769068552430730135e-01 5.543996970921143408e-01
-9.642301393964204381e-01 -2.958488066674983541e-01
-9.200982135827194819e-01 -6.086104860194873067e-01
5.578181176027938726e-01 -4.297537657639347031e-02
9.647960033030406057e-01 -8.741449006737471716e-01
7.295558841594921295e-01 6.396178547446029761e-02
6.542397867418904278e-01 -1.261515028441612118e-01
3.292601930162410429e-01 5.121028046984620330e-01
9.832114845760184241e-02 1.848829998090034399e-01
4.830201895531742728e-01 6.109485774119751550e-02
-8.127709631257693523e-01 -1.706520077986932504e+00
1.306423234050993476e-02 4.251522644065220402e-01
7.709938447949412632e-01 -7.640960029455297065e-01
-1.033168005573936038e-01 -1.007495062351158044e+00
6.859875853079077102e-01 -2.764032777268580210e-01
5.822097788682364383e-01 1.292260713433222907e+00
-1.274628838055638314e+00 -3.264602401194574566e-01
1.764407885112939667e-01 -6.836778090054269619e-01
-5.265293106691619762e-01 -1.874968668036741323e-02
-5.707744857616774414e-01 1.013255983781982783e+00
-1.148592336833645922e+00 -9.878717964131300544e-01
-2.132081314193845500e-01 -9.138107746413667298e-01
-1.670975313372325965e-01 -2.050135948521748241e-01
3.847609339207353485e-01 4.495522407492787420e-01
7.476906191178686045e-01 -2.432267171954426502e-02
4.341155349261118235e-01 3.604288616471648110e-01
-4.355192767125600772e-01 5.600569711408610596e-01
2.004692647720346110e-01 2.303048728136209533e+00
1.152551376070278105e-01 6.270961457013152218e-01
-1.363411269299193318e+00 -1.644837564899914728e+00
6.540463868474644116e-01 -5.569851939762530957e-02
6.400381311550410457e-01 -7.900500140648480940e-01
-1.623684908459696485e+00 4.448034488393726171e-01
3.950132857546793663e-01 1.457139858058133175e+00
9.805046065549519740e-01 -7.165944407269015937e-01
-4.817852223308121129e-01 2.042522214030078942e+00
-2.199814317958979970e+00 1.819416435764449780e+00
3.662017393099548102e-01 -4.323824261517483225e-01
-1.923280897552271052e+00 3.002712035994691830e-01
