3.576254006545135367e-01 -3.669037688494849458e-01
-1.053283211160917360e-01 1.469740573913172810e+00
1.773750231397615562e-01 4.043722330829381262e-01
5.698430185053422470e-01 1.470240425350532315e-02
4.591760975857178129e-01 -1.390332685881470187e+00
-5.544672842385529599e-01 -1.641892218835280803e-01
-2.740148970982499432e-01 7.795781145993044836e-01
1.885174741844008572e+00 1.133348594735711812e+00
-2.219410814010092992e+00 4.185543628652290127e-01
4.900184208788074813e-02 -5.357620584289473076e-01
-1.432178570141825258e+00 3.174783597869303420e-01
8.808272072372886896e-01 1.638625198690189633e+00
7.860619620659153872e-01 1.923427920554053039e-01
3.911701433702878816e-01 -2.319646644841654448e-01
-2.690331615262154585e+00 1.371716196889801509e+00
-1.426488724411611564e+00 3.311631937992947083e-01
7.378147500843936779e-01 2.901360207967167981e-01
1.183648392069324151e+00 5.793301624985228715e-01
1.010972798939966610e+00 -3.606079731260530274e-01
-8.017833084016309231e-01 1.431188328929099196e+00
-2.100669357708036866e+00 -5.428087458869170767e-01
1.057315343042626310e+00 -1.474608501269140337e+00
-7.639558141492205356e-01 4.522175132334652070e-02
-2.112777344801840540e-01 -1.233623059993576021e+00
-5.166502141337061538e-01 -1.443831003705221327e+00
-7.188733065657834098e-01 -7.359504426344674055e-01
8.346346960304057427e-01 2.293487393375477079e-01
3.307793930955275075e-01 -1.355949767082607726e+00
1.764305096196226164e-01 1.095191184401489215e+00
-1.899265188299522178e+00 5.846887315989882650e-01
8.767906223001702415e-01 -1.183566032570141591e+00
4.188019638941194514e-03 9.635014569875162138e-01
-4.559452707937846072e-01 -7.819720583029579064e-01
-3.719493089445097822e-01 -6.877350013054813749e-01
1.092788436474907698e-01 -5.187119072483953319e-01
-4.538958636064839847e-01 -8.068178454906902441e-01
-1.124501008702535776e+00 1.697818204824296795e-01
-5.577747157879727746e-01 2.893272303165095871e-01
1.996131054494971746e-01 8.749357053333721712e-01
9.903404488987241905e-01 -7.734297706470395495e-01
2.141366736605194651e-02 2.147170296152852043e+00
2.609955916977351187e+00 4.217532407380437665e-01
-1.237079984760652424e-01 7.294984044152640346e-01
-7.941049680903921049e-01 3.165484591998905528e-01
-1.566379783171872209e+00 -4.986689867257047548e-01
-1.229921728660624325e+00 -3.608901501583174354e-01
-1.507788011430969632e+00 2.008856717731105856e+00
-1.011138522943254570e-01 -4.409375884903221077e-01
2.850133891712038459e+00 -1.538725095097636386e-01
3.428960132009935879e+00 -1.783874726501464947e+00
1.828364988452046147e-01 5.862745654246673821e-01
-1.772525886554121133e+00 1.276514471352413915e+00
1.225050774258756636e+00 1.091536191142511214e+00
-1.164178816299054953e+00 -1.197031399164420806e+00
-2.252451528560483140e+00 3.450997494955636569e-01
2.240796446202616199e+00 2.005954870631594666e-01
