7.036686737439470374e-01 -2.400915288688822979e+00
-7.526933504957252774e-01 -2.316884548019133849e-01
6.522443503608432724e-01 -1.830129159855704790e+00
-6.216074594937865960e-01 -2.034214246105690460e+00
5.450324919910457533e-01 -1.135913414873400473e+00
-1.585546854165319708e+00 9.736717798112096700e-01
9.794204056867459318e-01 -3.485442136705527716e-01
-1.063472512908664180e+00 -7.732630479776532451e-02
-6.106824981206202679e-02 -3.713602833119297175e-01
7.836067897789524839e-01 1.942887085779656742e+00
1.532043360908402485e-01 1.133334171406416846e-01
1.451690257823566588e-01 9.654485698247176062e-01
2.111780179718940165e+00 -1.574553499011501767e+00
-1.732419214032607568e+00 -1.115292164502227346e+00
-3.744212448186282627e-01 -5.489827898823044228e-01
-2.340507091698617037e-01 1.559238355118104380e-01
1.016845792668099380e+00 6.809156662453285103e-01
-5.592428506034259339e-01 -7.407643955261018487e-01
3.849396582417290991e-01 1.468999133426923231e+00
9.249977080435636267e-01 -1.523528424154357019e-01
6.857541086961300714e-01 -2.327288924966429418e-01
1.155665236412910080e+00 -1.220655289677959887e-01
1.610396482487552294e+00 -6.000409676722175956e-01
2.151229468540043765e-01 2.353317114170510038e+00
-1.190079575576564463e-01 -6.614137218238015370e-01
8.467402513185459112e-01 -1.121282740212721452e+00
-1.097881235030623959e+00 3.214188551304086316e-01
-2.088507962463201473e+00 -1.195238696035823001e+00
-3.922901342761831445e-01 -7.028457575836397631e-01
-8.899272534153637171e-01 4.680714649558816998e-01
9.879034434132817344e-01 1.287675661890497203e+00
-1.203824848896527744e+00 -9.383562522959870700e-01
6.197507405827753883e-03 6.539090447389422911e-01
-4.611249013051892942e-01 -7.087754827612152697e-01
1.376486789896021320e-03 -7.937899694773327131e-01
-1.090546935145197543e-01 -3.690670304119357814e-01
-8.742647132583998282e-01 1.253730114424643494e-01
2.035368401685266448e+00 8.037537220045855024e-01
-1.506969258855444638e+00 1.943885981770795190e+00
1.700123948001247776e+00 9.868973531040141633e-01
2.208446253638689516e-01 1.778755992380209427e+00
1.815894765847692272e+00 8.424368851569953298e-01
-1.724973330596205168e+00 -3.851722481667277376e-01
1.584209266701528396e+00 -8.320265693783113203e-01
-1.334710617616062134e+00 -3.774087497810938580e-02
1.438909352171889866e+00 9.942553848564521513e-01
4.812303193579382521e-01 1.888339164346360066e+00
1.189380853763619683e+00 6.578008105246068160e-01
6.961713633865300732e-01 2.134726877529470990e+00
9.670025645299773487e-01 -8.818873843452533778e-01
-9.820285406198383527e-01 -9.100687415244350653e-01
1.241890743846032263e+00 5.030508385467999943e-01
1.693587689916595362e+00 -1.229944923502606091e+00
5.383445330935020534e-01 -4.843921918160443152e-01
-2.066292757108907363e+00 4.924133127987987413e-01
9.866911593854164053e-01 -3.070163192692513809e-01
