-8.360894405304168941e-01 2.610056203306597156e-01
-5.804154929678300157e-01 1.180651474998612782e+00
-1.616324081194405460e-01 1.116402023137984090e+00
2.760168783896963518e-01 -2.682839809035513223e+00
1.436978985345038984e+00 -1.284778457184126976e+00
-1.303591538190815857e+00 1.844723290279317793e-02
-1.363633546737929469e+00 -1.280394842421147761e+00
-1.571382750353492508e+00 -5.348814461962767552e-01
3.322650984820241932e-02 -4.549710701651663580e-01
1.203489029684923883e+00 6.956873256856701548e-01
9.854625027746327648e-01 1.455432105298298806e+00
-1.321591638887794184e+00 -1.171403212681692674e+00
-7.276531804040516915e-01 -1.619291424788615208e+00
1.222731974803484167e+00 5.530300956949157909e-01
-6.060966022285826371e-01 -8.580580304748303827e-03
1.544526181312776136e-01 1.995856128256438822e-01
8.164931971379073561e-01 1.006723270291680850e+00
-1.041739599527051197e-01 -1.360782828987350923e+00
-1.085141645038639080e+00 1.420487149565639928e+00
6.738190637944380113e-01 7.271371014736741079e-02
-7.559591056328833769e-01 -4.724144619397858263e-02
-1.451839271198576420e-01 -7.320178528509518889e-01
-8.183096096767833449e-01 1.292185025746687976e-01
6.823868990065473650e-01 6.043955322666459962e-01
6.117432503928897924e-01 9.777008091794928690e-01
1.198166292742416372e+00 3.809601501078746510e-01
1.750838361767350498e-02 -2.043536431965114808e+00
5.755975385398073851e-02 -5.358350490874124183e-01
2.067816322871371126e-01 1.132503125013436911e-02
1.044906315657195481e-02 -1.089309076575529112e+00
5.629876048906473640e-01 -3.598674681108746665e-01
-4.698534852700678721e-01 -1.121259693280572289e+00
-6.075600254748541040e-01 -5.527526823557810803e-02
2.584834361001500658e-01 -1.979095639156294828e+00
3.613604499912601575e-01 -7.277903910521413833e-01
-3.546942380217522200e-02 -7.171475852710289534e-01
-5.448097437919448283e-02 5.859060474654722572e-01
8.675479862803630038e-01 3.799527235963784944e-01
-6.763819170859427521e-01 6.901705801525788164e-01
2.181961333682227167e-01 6.112985856187269640e-01
5.395110486262713057e-01 -2.010301219876061696e-01
1.268612637270728261e+00 -6.616472937700095258e-01
1.024218579933527662e-01 -2.909072091592263543e-01
-5.875879141804386530e-01 -8.045444665219853714e-03
2.688841122663838124e-01 9.606459870121618616e-01
-1.532054613535543952e+00 8.468635600677555664e-02
1.048073943318102996e+00 1.303557768788874194e+00
-6.571272192332321127e-02 -2.058547518290005929e+00
2.020417845085022535e+00 -6.095325940909382956e-01
1.477820971644475678e+00 -1.029443157170928935e-01
1.583121677636754043e-01 -1.145208240068179784e+00
-2.557549859275755288e+00 -3.926443339443637104e-01
1.949375501169290648e-01 1.032544262847402639e+00
-9.885836040107550682e-01 -1.561944553711695827e+00
-3.997256319236131006e-01 -3.991815126384345436e-01
1.679287829613645755e+00 -9.183179794973437282e-01
