8.728141103223784336e-01 -6.509763300188654567e-01
3.298697540192349620e-01 4.045637680858376606e-01
2.562591107942254975e+00 9.726591313552095386e-01
-2.217366661295351871e-01 1.273021979537319326e-01
3.351649789712198291e-01 -9.689857133770224396e-01
2.157605516990852568e+00 1.501213165757245560e-01
1.477179700908708426e+00 7.525031237339139256e-01
-2.039500282763382077e-01 -1.751708079109908445e+00
-5.607823901581535653e-01 -3.980492097337998136e-01
5.447356950624702154e-01 -9.082277336228267162e-01
2.434372354184049791e-01 3.450164660928835558e-01
-3.207031755300218667e-01 4.357088497400183891e-01
-8.403720184832055295e-01 4.655009304175927731e-01
5.127857239185541482e-01 -9.412311537383919458e-01
-8.132063110393052963e-01 2.792907195775294338e-01
-1.460673933048022954e+00 4.171343592921861188e-02
-5.134360074130928098e-01 8.984666899134112483e-02
7.241813524278867265e-01 4.562502825219468816e-01
-1.516642898606006984e+00 -7.810670234427371517e-01
9.297504812581083300e-01 -9.242526311408721940e-01
1.470401650192457499e+00 2.259016278315535975e-01
1.025099717324052362e+00 -9.947481899302375030e-01
1.589642486535689514e+00 7.038504992576677388e-01
-4.100452251155945471e-01 1.416115611333774726e+00
-7.382531543672101737e-01 2.248395666675590682e-02
1.047951889829261463e+00 1.051794604789443310e+00
1.037911027059408076e+00 -2.472325495533846951e-01
3.566026336861023993e-01 1.662260190678104710e+00
2.203821277042232740e+00 1.110531583967103053e+00
-1.422647558958264891e-01 1.569040360963792846e+00
1.692272791172146684e+00 5.306869070744670847e-01
8.286438830727868021e-01 -7.410778096936267989e-01
-9.563724397204037553e-01 4.696681383159637679e-01
1.616831701397588139e+00 -2.718715803902522765e-01
-2.154394594726168233e+00 6.705391779288797371e-01
7.444980311871776668e-02 4.376706443309261174e-01
-1.471904519286656443e+00 1.289833913772341079e-01
-1.413207150643311372e-01 -1.320596574631597964e+00
-2.484026527037271059e-01 -2.705978267601578668e-01
-2.539826082539349272e+00 6.241661038539298989e-01
-1.126065217870278357e+00 2.627986829180836814e+00
1.469080646910496113e-01 2.771311768341652715e-01
6.884000608104221541e-01 7.035399872900464056e-03
1.552608616197555524e-01 -3.475376768811344608e-01
1.159887725736528097e+00 3.776326105237537978e-01
2.853715654966245130e-01 1.546815628641392992e+00
1.479382602052653262e+00 9.692652807706478857e-01
6.545889248438708785e-01 7.529862821346370305e-01
4.776333934764058764e-01 -1.940158077273690940e-01
-2.283507961324323376e-01 -6.389734926531769332e-01
-1.966438324412266292e-01 4.774226681888147916e-01
-6.072615579661660989e-01 -1.382701478298183351e-01
1.017475262957109605e-01 5.303448011984915333e-02
-7.081180695233698641e-01 1.083168761146165032e-01
-2.998827038476384321e-01 8.575011910922348823e-01
4.695367551963064434e-02 2.151391616332312129e+00
