1.960206685207303678e+00 6.982795500786262433e-02
8.276342347649631170e-01 4.864676249365416649e-01
-8.732519953322744888e-01 -7.406949538685434486e-01
-4.991954601329524066e-01 -7.924638725072138956e-02
-7.255570858041202609e-01 -9.529777355046337162e-01
-8.198978848655374962e-01 1.425225653552296023e+00
-1.839336243376765267e+00 -4.081351115748944047e-01
-5.337391444382828531e-01 -1.077291228915881138e+00
-1.257047645115375811e+00 -5.294470854887746158e-01
-1.135500125140681549e+00 8.957298459834850402e-01
-3.067064624340288259e-01 -1.396278268768031294e+00
-5.521707419614493156e-02 -2.439907158484444227e-01
6.521367238675422895e-01 9.671036836725519503e-01
-5.986417377981920751e-01 -2.889636269022886617e-01
1.151884566876887339e+00 9.386601965550995796e-01
1.126788326371462867e+00 1.249465449908620185e+00
-9.015222894619125960e-01 1.178417580536264886e+00
-1.011247225853984855e+00 1.425947465871133524e+00
7.235462195830488774e-01 -8.414545564462272420e-01
-5.596225158798401322e-01 -1.899241938351528547e-01
2.736409670780283188e-01 8.663337742200384328e-01
-3.735067688893130566e-01 1.819852024637587939e-01
3.985578513164592107e-01 1.376170409568582942e+00
5.572488936625866751e-01 9.259491488904704193e-01
8.465797196340518749e-01 -7.435857721237479900e-01
-9.246243770514890326e-01 -4.564538169472157070e-01
4.585519936839954624e-01 -1.161858368665264152e+00
-2.085657319084730510e-01 -6.056222721439338263e-01
-4.417131809334869375e-01 -6.314496931506516919e-01
8.166675650469663872e-02 2.785629721953695181e-01
-1.169283889627251050e+00 -1.210343280589367687e+00
5.923029003412968452e-01 8.816605786035124348e-01
-1.228887122383601316e+00 -7.308062854124495189e-01
-1.163873022705419480e+00 -2.471797864236952719e-02
1.625059696550344768e+00 -4.669080306850875023e-02
-7.382446314568668067e-01 6.947537835552275443e-01
-1.085646567996737089e+00 8.576174889605675533e-01
8.949892823569065570e-01 -1.395860436623794047e-02
-7.133765613268605588e-01 5.667062199143861889e-01
1.291138163147577789e+00 -1.364660194242511171e+00
-4.755658991997216423e-01 -3.002390832028611900e-02
1.466924722382696000e+00 2.157463681745627748e-01
-8.177203546166270653e-01 -1.606718028292491163e-01
9.037855066948471405e-01 -8.503558116035077052e-01
-1.065060911328293169e+00 -6.271617447648357435e-02
-5.280041256366035940e-01 3.104539623107070434e-01
9.182590119272361351e-01 1.327067093887461136e+00
-7.663938504035302524e-01 -2.857431292357238625e-02
1.698821393955292525e+00 -1.306201885534101104e+00
1.563831606103660565e+00 -1.236892341160488629e+00
-6.460864455454353728e-01 -5.130650373472944725e-01
-6.358153182490074162e-02 -2.985911376587451968e-02
8.664247987166755482e-01 3.147078697625577126e-02
2.501636666847738555e-01 1.944888994539624438e-01
1.167225782206962270e+00 8.981445704250922146e-01
1.012372320048589458e+00 -4.171473472303272728e-02
