1.510498431874612635e+00 1.066166893162544982e+00
3.374536078639616132e-01 -6.158425833127150195e-01
-7.482254474820843049e-01 1.160238234702687166e+00
2.433626250396367097e-01 3.585263189105215575e-01
4.225880067238355631e-01 -1.451104838170102385e+00
7.180640291042471590e-01 -9.101914390035786839e-01
-1.268145387255186114e-02 2.520043156073812907e-01
-5.577531662177637184e-01 -6.478936753732785769e-01
1.415490637123415052e+00 2.014537630847940131e-01
6.931198549000834319e-01 -4.125662649010186089e-01
1.318053950464656898e+00 2.100719462057020426e+00
-6.805081996751863871e-01 3.746034133692745238e-02
-7.310953571017895225e-01 7.748270625004825482e-03
-1.638972347888513204e+00 -7.638114724431770419e-01
6.478887667478084866e-01 5.588332301122882484e-01
-1.695461846515465554e-02 1.627706056730015560e-01
4.581902418344700467e-01 1.174900932221378813e+00
-1.639115386342376635e+00 -5.270859125942144452e-01
-1.182697553169352433e+00 1.230932253439236818e-01
-1.945716341638918101e-01 1.633488198659230894e-01
-7.031227895945888484e-01 1.683233789203131270e-01
-3.201200790881542080e-01 -7.027650779949295989e-02
1.186296507524766536e-01 -1.595663267759861448e+00
-1.168168714039226064e-01 4.071947712647239204e-01
6.096064732027569461e-02 -7.553714724163167471e-01
-8.025957071804544485e-02 2.210100783611001762e-01
-7.652329188968097495e-03 1.397547868697306850e+00
-2.700548493065706879e+00 5.148433268344299041e-01
5.879016390161368594e-02 -5.701275260363412034e-01
-4.479665041305664341e-01 -6.496923979755362399e-01
-1.857377795395546149e-01 2.173340049202012292e+00
-3.502421467690066681e-01 3.134003951078542793e-01
1.899817885041581889e+00 -2.192757055190272641e+00
2.300643069743433800e-01 -4.089335220793967607e-01
5.232837733458536311e-01 -7.244910181573676056e-01
-7.747533090314436821e-01 -6.718350993730349829e-01
-1.321932675703705040e-01 -1.493860019956723795e+00
4.050699284678678791e-01 -1.355272515311444881e+00
-6.000621117627334966e-01 -1.115997979372022331e-01
-1.686514033684191505e+00 2.292298435258528777e-01
-1.214265382130085419e-01 -1.837138140938740172e+00
-1.461847711353071455e-01 3.270165931174882079e-01
1.028401488874300496e+00 -7.742106004046810375e-01
2.990599972908902338e+00 -6.747693650122459363e-01
2.227209934275715231e+00 4.176760768403046664e-01
-1.463310263102159392e-01 9.800857478818719715e-01
1.685735044832420981e-01 -7.057814341522974377e-01
1.532084116586987177e+00 -1.360923671443958982e+00
-1.836284252824326613e+00 -9.859237255145053558e-01
-5.082040268325798138e-01 6.604005092429092727e-01
6.034851600099578883e-01 -3.989439102951111149e-01
-1.027694826454919053e+00 -1.912522673635671300e+00
-7.748389585639405830e-01 -1.548193175497831753e+00
-4.773068818833892668e-01 2.705636964337483352e+00
9.761686878906999931e-01 3.319245413534986366e-01
1.046373449486315499e+00 4.428371296876981167e-01
