-4.704268733071331199e-01 -7.958442815004665993e-01
-1.638730474541181259e-01 9.598098760336384316e-01
-2.445719677877725040e+00 -9.196568266677954684e-01
-1.180878435319739017e+00 1.620396812353692706e+00
2.117615112944852385e+00 -4.886351676643479330e-02
-7.650489539428017016e-01 -9.812895750255077321e-01
1.445700796103992269e+00 1.750891135360702178e+00
6.311420270251411058e-01 -4.349033448796402190e-01
3.074042916614219134e-01 -6.785136980669598250e-01
1.082757695237827056e-01 -1.849067640913144794e+00
-4.577779599654036580e-01 -5.451113374499924058e-01
1.729275060668446606e+00 -2.620962141175721127e-01
-8.888905805094456936e-01 -1.520603024378608670e-01
1.241944431612900468e+00 1.444890049384308206e+00
1.130010103220388196e+00 -1.193207007456879687e+00
1.431581487379317119e+00 1.203229610099500885e-01
-7.662214576675584476e-01 -1.360879380756392143e+00
-4.564457796988315996e-01 -8.957136048733558287e-01
-5.114462312191812021e-01 -1.264997577900411230e+00
1.034946984773489786e+00 -5.925139666216694412e-01
-1.189007202255796480e+00 -2.493667597593552721e+00
1.378864713909251805e+00 -2.520401248333916655e+00
-1.330346461283534287e+00 4.589880444962414208e-01
-5.109936668474519550e-01 1.648060473779584312e+00
-1.430365139451712508e+00 6.298976323858325177e-01
-1.226149198854083189e-01 7.343749019930432276e-01
2.434475072177754829e+00 1.877812310314325994e-01
-1.509840411064324872e-01 -5.995052061957728551e-01
6.127457369685838096e-01 1.188443443385368337e+00
-9.447499769825576932e-01 -1.183703033667839133e+00
-9.677912156567630708e-01 9.527487219818532582e-02
-8.043807553111150810e-01 -1.590452929217739619e+00
-1.476047789784218578e+00 1.887560725251104410e+00
-1.878217246399188189e+00 1.303252913193293283e+00
6.183826398811704816e-01 -8.772195906707165314e-01
-8.908647989763114339e-01 1.339805254170408411e+00
-3.940968712387288297e-01 -4.112602695428519417e-01
-1.011895554554118837e+00 -6.061693660848012088e-01
-1.233047793906076217e+00 -3.567012752254831165e-01
-2.418878993790684051e-01 3.730687670368343367e-01
9.469999423150700091e-01 -1.638270338326966558e+00
4.156995213195148198e-01 -7.965433177058635072e-01
-8.411132658975305210e-02 1.324477475439001184e+00
8.703909475962466891e-01 -7.527610970739312402e-01
-1.240008304204933409e-01 3.202934153440573084e-01
1.898746050829611676e-01 -5.376626419252792527e-02
2.667123108544751098e-01 -3.288180447168201903e-01
5.624738197580274601e-01 -2.408427696555605735e+00
9.457522292787789997e-01 1.021138096316697580e-01
5.440787524289355526e-01 -2.576503793017835275e-01
-1.745828088157574676e-01 -5.423338652801985571e-01
-3.143563248345687122e-01 -9.532696939842789652e-01
-2.356584870485096614e-02 -7.447324396039627370e-01
-1.790452276188705949e-01 -8.527787303366844984e-01
-5.967179292328478324e-01 1.028211288885875208e-01
-6.765773044461803609e-01 -1.678179971516467750e-01
