-2.132318868760431307e+00 1.072179715047506088e+00
-4.143449246991521284e-01 1.303967542810378744e+00
-5.495603870361810417e-01 5.172708937625293268e-01
-3.396880452373798875e-01 -1.130873595276441268e+00
-8.247333012037150191e-02 2.221159324012995095e-01
6.626131952793978819e-01 -1.191840884661329092e+00
1.142767021300603592e+00 5.311900429213283203e-01
-5.513420347214923467e-01 -2.841689815513352424e-01
3.809528553706733461e-02 -9.524497821001214337e-01
5.863661032810650875e-01 -1.685410653681090443e+00
-1.420020276537437454e+00 -1.652828180382151513e-01
1.218950387476828850e-01 1.089449031775661325e+00
2.110474874135070067e+00 2.329840077658081654e+00
-9.827756374433552766e-01 -5.581273786341872656e-01
-1.303282520242119658e+00 1.262949970424465551e+00
-1.391051697420163213e+00 -1.857374961398994051e+00
3.251758971818461408e-01 1.646449321868911214e-03
1.392251752747245108e+00 1.973010823670107716e-01
8.595783371874660128e-01 1.873887952822923531e+00
1.464784704642639213e+00 -1.049921520460480151e+00
4.006447637976858767e-01 -1.036061902308911709e+00
2.314702896005420119e+00 -2.284111401492477655e-01
-3.517513505586954414e-01 1.138126666455633318e+00
-1.254074661580055317e+00 7.852380011016864003e-01
6.038859004893543103e-01 6.981202749205644986e-01
1.152308867273691861e+00 -1.044688246445025781e+00
-3.061320938395620805e-01 2.347733554268975065e-01
-6.920247866598056019e-01 -6.337057221756229319e-01
-7.145923853614256915e-02 -1.624588277859817076e+00
5.272535637193211944e-01 9.978807233875310878e-01
2.169817380739476054e+00 -6.724101723143371956e-01
-3.451967995587874594e-01 4.406479940843499588e-01
8.759963972315331082e-01 6.921682763187700926e-01
4.170540046721930016e-01 4.083942849281132492e-01
-2.344316436578741225e+00 2.388436534984770543e-01
-2.103162115993338910e-01 -1.204220928387900846e+00
1.110348408134113951e+00 7.608428746656163977e-01
1.436352650215215077e+00 2.381618596829026269e-01
-7.521133709874344708e-01 -4.714029316488865251e-01
-3.868570783924240586e-01 -6.276756922088043700e-01
-2.962569635670135315e-01 7.700916484713934973e-02
7.915360978773420264e-01 -4.633689265404640212e-01
-2.417806155465849205e+00 -1.034773839128286799e+00
-1.163029699732098354e+00 -1.064092215360700866e+00
-2.283273358447691637e-01 -1.026335588946749797e-02
6.535506780322175580e-01 -1.206676094141258537e-01
-2.114823702917262294e-01 -1.989713711021465992e+00
8.457631081767120751e-01 -5.196747789004354523e-01
9.249700677876648847e-01 -1.263765020541006256e+00
-1.018504256431195687e+00 6.101092989962710877e-01
-1.599119852785223950e+00 3.846517678849799560e-01
-1.187732505263506599e+00 5.887836538930288910e-01
-4.878193918307117682e-01 1.250877921329443254e-01
1.324339755692682807e+00 -1.167818308227958291e+00
1.428800832692347367e+00 -3.989325185701168147e-02
-1.255254659456104926e+00 -2.996367621937224279e-01
