-3.990003126840150904e-01 -1.550371290551761927e-01
-7.333476409145204267e-01 1.438851482094372081e+00
-9.525674921819997643e-01 -3.341107126176126596e-02
2.242772634441632384e-01 2.283588653072577412e-01
1.016148251525528456e+00 1.311356925951341068e-01
2.416019985873040010e+00 -9.866937190904855326e-01
-1.006572012692710016e+00 3.786594159662319825e-01
-2.282744062584325828e+00 -5.544244265570374974e-01
-1.502762649082795665e+00 -1.533228972952268787e+00
8.009063515081895623e-01 -2.644925248181689836e-01
-2.037468918424509834e+00 -2.385415084249349060e-01
-7.330736319394440814e-01 2.521716964172051809e-02
1.400449649938952934e+00 -8.717685549623419572e-01
2.374794522228670157e+00 -1.527076162865854680e+00
1.976348738487770040e+00 1.224970081964743690e-01
3.058562394518907560e-02 -7.616411898870899533e-01
1.642245584657139601e-01 -1.818399828278006169e-01
1.754144748927134678e+00 5.842075054968403069e-01
5.545530303673846806e-01 2.915133549360730547e-01
1.017509487329886442e+00 -1.453302749834973762e+00
1.310189567576087954e+00 -2.026050131630224183e+00
-4.371612180804838044e-01 -1.078344512233074814e+00
1.708448350605087374e+00 -6.334858171281226857e-01
-1.794778611972274174e-01 -8.447053368852640576e-01
-2.286884234796009718e-01 4.901887332926812557e-01
-1.031422007180724298e+00 -8.092626727722822266e-02
1.247947157060820489e+00 3.967256491885758352e-01
1.421651218008343598e+00 8.992653037344011668e-01
1.846525796302489697e+00 -1.888936482532492356e+00
1.102063656224561150e+00 2.317348265892479331e-01
3.045396032747031967e+00 2.255295648368155770e-01
2.781601232344847574e+00 -1.297968353878006020e+00
-2.276640374799736299e-02 8.150211938218472341e-01
6.472148819653587015e-01 2.043231545172472519e+00
-7.311245784766341460e-01 1.230333298312305118e-01
-1.720304772885247191e+00 8.576201799240067425e-01
5.642053328006861879e-01 1.458424825510557188e+00
1.713272285192723787e+00 5.119956843158454118e-01
-1.555723182044058017e+00 -1.058801885191729575e+00
-1.501369401635634038e+00 1.615949112364026607e+00
1.963489611785167233e+00 6.410423218783659616e-01
-7.110118125074478268e-01 -4.949271884647831743e-01
-2.247793197381059149e-01 -8.848938277763003235e-01
3.580822422650967174e-01 -6.381294216469807212e-01
-6.604240420559327474e-01 -8.919534691590990105e-01
1.775355472703948001e+00 8.763944358831465831e-01
-3.183302857345818304e-01 5.056199591754356737e-01
7.946534511976598436e-01 -5.710627031225570249e-01
-1.092750318094634743e+00 1.101152962700948645e+00
-2.037613620134046233e+00 -7.900151824469550110e-01
1.198647117340258861e+00 2.002555460935381060e+00
6.400934603571845072e-01 -1.274660487755580329e-01
-6.743267255196329080e-01 -7.384995051663596488e-01
3.834416267155564828e-01 1.767421447346705365e+00
-1.224071315834644874e-01 4.152149484631643683e-01
-3.971672025936381356e-01 1.079665518871290253e+00
