-3.534013543431538951e-01 1.455624469912109253e+00
2.550833005624890681e-01 5.050916042209516732e-01
9.856231498474957720e-01 2.515181462193953443e+00
-3.994587465772004298e-01 -6.147442364780800750e-01
-1.340653909401153532e-01 1.341023196709938858e+00
4.153486100857449181e-01 -1.624114549653925821e-01
-1.844782592919007147e+00 8.179003933604577226e-01
1.165535486076760607e+00 5.462229978470565239e-01
8.665804955589215819e-01 4.627011011427718534e-01
-4.421039628380473152e-01 1.028372691779650960e+00
-1.785310705162185041e+00 1.790383049467133558e+00
1.521938146207577613e-01 1.305409373005356644e+00
9.299507887302388420e-01 -5.493375147949225434e-01
-4.308387072991888833e-01 1.090631026356123190e+00
1.379404494794310487e+00 1.658700111366530061e-01
5.545630791102154067e-01 -5.207052819398189092e-01
-8.492694562882560083e-01 1.682391776801286598e+00
-4.057820393241911017e-01 1.774041544102917367e+00
7.904947522413697802e-01 2.446534263100028916e-01
-8.694495427968125245e-01 -8.257871900131845688e-01
8.430165788595259113e-02 -6.229635688191482827e-03
1.312002810929456809e+00 -1.081482222312167174e+00
1.574208782807466678e+00 -9.117164387118108226e-02
3.318789134988103101e-02 -4.309407470514722283e-01
-2.058329543870951017e+00 -1.880941429998396419e+00
5.344630160560894794e-01 -1.407113746612317362e-01
1.687336045383298067e-01 5.224253874001700826e-01
-2.370229856511818944e+00 7.296612948065066551e-01
8.085835508860189647e-01 3.955045217816901548e-01
-1.367532983724785434e-01 6.383781614432734175e-01
-2.078773508162322869e+00 -1.775378240915579608e+00
-7.118220773407865076e-01 1.056824600312578966e+00
-9.663562009630393135e-01 -2.423190067589605423e+00
-7.889420400879274542e-01 -1.181774493685578742e+00
-8.427425554299986521e-01 7.193519664897460308e-02
5.385162497992391772e-01 1.911440084701350184e+00
6.515023831523337750e-01 -4.551251462201148512e-01
-1.130397738960115861e+00 -2.709189441293641032e+00
-4.836701351455282016e-01 -3.119562085171080634e-02
7.317175025807532984e-01 -1.114746789564270646e+00
9.625708803197329244e-01 -2.217096674806409429e-01
-7.412305118968963713e-01 6.126720977673938417e-01
5.748593609974425034e-01 -4.656259261092560719e-01
-3.974007811390910527e-01 -3.272058781736562061e-01
3.324608675329909779e-01 -8.593946516504088473e-01
7.020255659940015658e-01 -1.822597975858388564e+00
2.282927828813089199e+00 -9.567611005566136750e-01
1.216132645890234176e+00 -9.857239516493834230e-01
-3.547167614030496963e-02 1.658295087949142044e+00
-7.532872837682025313e-01 4.607794536896104298e-01
1.208612335709583485e+00 -2.476452965874770040e+00
-4.915873201528627168e-01 -1.838079710860460514e+00
7.261032828644177206e-01 -1.207399497845418196e-01
4.330937608367140812e-01 -1.384257450317606164e+00
-2.773210930028999210e-02 4.927062306127860114e-01
-4.748244072939003524e-01 -1.653758439261341584e+00
