6.090360089283978207e-01 2.059263703839637749e+00
1.575120826480510106e+00 -5.210416125200802683e-03
3.351223773739763767e-01 5.849218994823127682e-01
5.613868267773272080e-01 1.543548483276664829e+00
-7.608779001662909769e-01 -4.482859918173406899e-01
-2.010666296953872667e+00 1.541425788394470642e+00
1.709192517824145607e+00 -6.871173874310707586e-01
1.295369855752536992e-01 6.474993276429720224e-01
-1.265585042031311391e-01 2.087135490990099651e-01
-6.226081247385002460e-01 -7.967701276224723461e-01
-1.326381882709747106e+00 1.434064389952236729e+00
-6.827689175328998106e-01 1.823158703316490881e+00
1.598289970332890553e+00 3.765353936312652583e-01
3.478669159174522796e-01 -1.579408167660057760e+00
-8.628963903634161436e-01 -3.736960535615053702e-01
-8.470608373290211546e-01 -1.666331130690292539e-01
1.371846031632831253e-01 -3.224385407988882291e-01
-1.929607475951625739e+00 5.529467384756932002e-01
-5.343137645604300046e-01 -1.457705944745315785e+00
-7.607928722325966175e-01 1.227880967704675502e-01
7.658291192243756873e-01 9.321024533385079414e-01
9.846541569409518468e-02 -8.810348557733321817e-01
2.046424049206109139e-02 8.960841247531285969e-01
-7.200964891089604025e-01 -1.161347237614806238e-01
8.933340419627725515e-01 8.715633210354580829e-01
-4.505999136392371263e-01 1.954153403142649736e+00
5.151572876327457084e-01 -6.986427554047773825e-01
-4.023736118603569722e-01 1.017742634822664138e+00
1.003657593155066419e+00 8.071858169882194234e-02
7.414603774095701594e-01 4.542827239906969683e-01
3.372259990821151465e-01 -4.834271159884334090e-01
-4.078309584597616388e-01 6.848221756665818782e-01
-2.216586957763205579e+00 -1.771556894251969716e+00
1.833705921452346566e-01 -2.083595691620447332e-01
-5.897901374900291899e-02 -3.298859243065568880e-01
-1.356299420629645036e+00 -2.533953961923308906e+00
-3.385972866081266019e-01 -1.066687867736434647e+00
-1.226518480735891092e+00 6.018128219901257570e-01
1.108046855921285267e+00 4.335299309077776941e-01
-5.790361943218099716e-01 -2.015716090153124807e+00
3.614041817173813120e-01 -1.450132708485430522e+00
-1.908847168465155342e-01 1.365836222021660440e+00
-1.768098453176352725e-01 8.272204633611196511e-01
-9.934158452161687691e-01 -1.689456111320428056e+00
-4.835452692916770712e-01 -1.130960694218758000e+00
-4.581739952150484241e-01 1.097104804498745811e-01
7.215471854439148292e-02 5.902792651985496603e-02
3.076611408667641046e-01 2.836924344218781369e-01
3.577661145179130697e-01 3.840528062564931844e-01
-1.440745221180449454e+00 -2.183943997773799550e-01
1.081999522229972754e+00 9.956658742277899043e-02
-7.182428974030762303e-01 1.882707493762306505e+00
5.869485385953900902e-01 -9.253909231177225303e-01
-6.297239624097822341e-01 -4.533585988824332946e-01
-9.859167195604734424e-01 1.019996965890818785e+00
4.902048733844852069e-01 7.539135218526626936e-01
