8.619052407306988517e-01 6.063552416153099589e-01
8.024075515179958373e-02 3.774457106494517877e-02
5.202814054514499631e-01 4.858401559497418920e-01
9.278005154174810976e-01 -8.778615159722216177e-01
1.709403618106610345e+00 -4.802470271169054783e-01
1.054242055186316751e+00 -1.085044179174775136e+00
6.436713048205682242e-01 9.399305908819752253e-02
6.767965544662700728e-01 6.733139475373987048e-01
7.685028259672940232e-01 2.623349426822211505e+00
-8.985091205882457244e-01 -1.784778892218852608e-01
1.649878975794215386e+00 1.143628767203366703e+00
-2.637497436073073199e-04 -4.400680265680932957e-01
-8.732812348261403956e-01 -7.540272040448591229e-01
9.015324766489412056e-01 7.433666313011890736e-01
3.251525700129964669e-01 -7.605760186244699961e-01
-7.842101721530283509e-01 1.844766873054913825e+00
-1.867888614042237938e+00 -6.341887498024570968e-01
1.350294949196718441e+00 -7.099680759172465050e-02
3.763584422369516125e-02 2.040065161929386917e-01
-1.444598705620067092e+00 -3.310635548347350410e-01
-6.633162664423190025e-01 3.187082897910187840e-01
-1.078526456555206903e-01 1.621086657947556076e-01
-1.495226704080604652e+00 -1.061311920981236945e+00
7.312551706017957065e-02 -9.991703489199846855e-01
2.229708509805426730e-01 1.263955176871744079e+00
-7.107231861543426323e-03 7.346978744928818195e-01
5.948366041476581545e-01 2.087863436141858819e-01
7.919668345871112569e-01 8.316807973509188212e-01
-1.094287931394747337e+00 1.345422794024791369e+00
-5.326759713292235077e-01 -1.915161720921741750e+00
3.551468371769294641e-01 -7.488937059153057962e-01
1.767165589091275191e-01 -3.561603465757493536e-01
9.346978955328816285e-02 -2.547195120035403160e-01
-2.302293989728608492e-01 1.588704718964243812e+00
-4.422626406612370498e-01 1.121592105900552916e+00
1.339269878224586652e+00 7.260227676461510349e-01
1.209659223277434609e-01 -1.373581122129661214e-01
-1.958645535732789877e+00 -8.129300377335495487e-01
4.735082892639294605e-01 1.206624206738438412e-02
5.120742966320842582e-01 6.464737718120380228e-01
5.964373710525923133e-01 3.657902856502373568e-01
-4.350789115143495200e-01 -2.127080609748826234e-01
4.726307700748765273e-01 -9.404866939546212556e-01
-2.843436585575975228e-01 5.642618506434017300e-01
-2.591633437933719142e-01 9.156169232077736586e-01
-6.144611454441636228e-02 1.304620785762149460e+00
1.187581862136575683e+00 -2.343655174491254822e+00
-2.863720965368556082e-03 -3.145843115309052140e-01
1.849623330236581875e+00 -1.147309374409904104e+00
-1.330801541101916063e+00 -4.714723531886210739e-01
-6.664938847898425056e-01 -1.569966597245741502e+00
3.054837117281199443e-01 1.801905493820287196e+00
5.617526489601113449e-01 3.856614381367458599e-01
7.496729680096324289e-02 -1.486933571940906695e+00
-1.315571748399064100e+00 2.997102283749649154e-01
-1.819817043580744365e+00 -1.516358476578185233e+00
