-1.137610984333203179e+00 -2.189019471136257472e-02
-1.048537428748423511e-01 -1.136728006798876978e+00
4.484630923331653918e-01 1.601943005140393339e+00
-1.919014041166683671e-01 -2.848291148309064491e-01
1.359627609106461410e+00 -9.315955724351131506e-01
-1.016491352234865975e+00 4.047216813857427709e-01
3.784729994962432453e-01 1.211612012485697054e+00
-1.562129425256593596e+00 6.252589678323349220e-01
8.875691133053380533e-01 -6.494013081386280639e-01
1.508664534408479474e+00 -5.925117923061620218e-01
-3.532792342011163017e-02 -4.792131669454334775e-01
-3.930217512184299156e-01 -2.400385785051179777e-01
-1.434487674909460164e+00 -6.035851904498300557e-01
-1.741154042008621117e+00 2.356782949096011937e+00
-8.281824575937811739e-01 -8.696288191397267830e-01
1.091113011611259953e+00 -1.118616965966324317e+00
-1.241671849339471390e+00 -1.180455876392278114e+00
-1.943941625409138785e-01 -3.772068731532796648e-01
1.019893114279042168e+00 6.874492751317206052e-01
-1.332901598932681730e-01 -8.185763753221495520e-01
-6.271451189653726166e-02 1.412899420444364840e-01
6.495884949393208041e-01 2.144436034347456943e-01
8.499007254719409543e-01 -1.617757992866173167e+00
8.006458064853939904e-02 -1.023763360074744666e+00
1.081830945427665780e+00 1.307360492649085826e+00
3.131734122120473640e-01 1.449157726539535673e+00
5.496294385984182851e-01 6.609678787394921429e-01
1.921499578769388261e+00 -3.302954187458615465e+00
4.018864802425496374e-01 -2.480941500336869554e-01
5.934546366046056232e-01 7.481154426798790613e-01
-1.300236867702590615e+00 -2.171618857479862830e-01
3.418407497378110338e-01 2.143152862136350922e+00
1.094078610931489504e+00 -3.292478355384827471e-01
-3.557600716557943965e+00 1.214804191299841296e+00
4.920646998896767710e-01 1.187087311680437907e+00
1.125685523140188271e-01 -5.555551526686806074e-01
-1.066775727105023552e+00 1.041812544556758313e+00
-7.137105085733275178e-01 -1.393269640642392115e+00
8.702493957795366386e-01 -8.828730280348333348e-02
1.704513702158346300e+00 1.604989572393436870e+00
-8.448692462840099449e-01 3.729902866556903951e-01
-1.401771132318286039e-01 -1.149622833263720834e+00
-1.354676061134315601e+00 8.492687214207432778e-01
1.188011475603473199e+00 -6.628288956248097608e-02
8.189286561804268727e-01 -8.246970512119665697e-01
3.300431635770589844e-01 3.432315630945814156e-01
-4.306030980960862120e-01 6.684854143704374030e-01
1.168080056596212946e-01 5.128136357268508333e-02
-4.470444162742021055e-01 -3.676795776183789527e-02
1.317199760634624628e+00 -8.119922788540662184e-01
-8.875049875108864672e-01 4.813998268144140807e-02
6.587973048096261719e-01 -1.645904682654936391e+00
8.866868047446861967e-01 3.812427516329489618e-01
-1.826202159498450994e+00 3.717459989322920988e-01
-6.327746343607356660e-01 1.436569871076768923e+00
-1.734170079978249179e-01 3.449005380203298832e-01
