1.216846560590775672e+00 8.188074038797663601e-01
-6.535212223876135651e-01 1.962851543658818754e+00
-4.753250141261034650e-02 1.211845880794217845e+00
-1.284128917793301961e+00 -1.664616673897436894e-01
2.696449137252683759e+00 -9.835940610636353387e-01
3.452412005004360518e-01 -3.792589802325089798e-01
2.063620280763545978e+00 -1.996428046289192570e+00
-3.049705904752660901e-01 9.187680642459093994e-01
-2.357952335416176659e+00 3.278643427501722885e-01
-1.330124091468833258e+00 -9.922475483276691488e-01
3.834232683608767567e-01 4.060837809138270194e-01
-1.102107801169686319e+00 2.002985188808708017e+00
4.913457356328109794e-03 -5.577133803243792265e-01
-5.966206275448491247e-01 3.007324363931793698e-01
-2.050815713317236444e+00 5.295430195397302642e-01
-6.228427715756738176e-02 5.565740444252434971e-01
2.157245978984855483e+00 1.380221475698770517e+00
-4.536507290232987266e-01 1.263451617365365154e+00
-4.219685111332819871e-01 -7.207813224985608613e-01
-1.069521544753211095e-01 -1.017781212267454327e+00
-6.938974865392409930e-01 -4.624140109507608454e-01
3.180204449283537405e-01 -3.158765046642815766e-01
-1.951242370971906670e+00 -7.217781430550122002e-01
-1.164325005361184218e+00 -2.653356582713738421e-01
-1.388294065129505261e+00 1.281034829316194612e+00
7.954075037677106330e-01 -8.427567667536063345e-01
-1.363014196995697036e+00 -1.337171834905837464e+00
-1.166343423925571887e+00 2.164178266976063636e+00
4.164317796880078748e-01 -1.093795755661416680e-01
5.597831449492349232e-02 -1.178499526304970901e+00
8.869158924247794173e-01 -2.138961982161906583e+00
-4.659674036171624900e-01 -1.925004011010280069e-01
-1.204951315436861403e+00 9.495382897890174145e-02
-6.329558565990702768e-01 3.525433135650514749e-01
-3.228981431754415765e-02 9.341723410519827686e-01
2.959084740961793192e-01 9.156032479615449082e-01
-3.241992938391276446e+00 2.176396834581583450e-01
4.087035565742521692e-01 -9.089505257116255177e-02
1.817618125562198150e+00 3.143168242902860121e-01
-2.325326601727169540e-01 -1.342761785379901651e+00
1.181823585284527800e+00 1.095464595627775761e+00
-4.241831447256565468e-01 7.220850262156002231e-01
-3.863199902053079948e-01 -6.749041176965208111e-01
2.215725576982260636e-01 6.479201768503729530e-01
-8.392613419950818443e-01 -2.860444403569230576e-01
-3.644743090193440227e-01 8.612335105571830018e-01
7.737978465524563143e-01 1.034159594016313299e+00
1.540133746604015252e+00 -7.930595479598945285e-01
-6.007550696467376383e-01 -2.945874059344805729e-01
1.149772685253943605e+00 -1.665855358247869678e-01
-6.050028907341697265e-02 6.673703720120476302e-01
-6.897118658812262382e-01 1.536553421443016987e+00
1.922531174479511495e+00 -5.582374295263967667e-01
2.965279677873698949e-01 9.014563679884332048e-01
3.879567588520701271e+00 3.157119072664226617e-02
8.509526089179927366e-01 -1.536017123032757503e+00
