-1.289704830875263442e+00 -6.877031461562412851e-01
-6.078858464360600289e-01 4.913913688402236912e-02
8.103159856035915265e-01 7.419118640752327964e-01
4.989440689980866872e-01 7.054720031615826503e-01
-1.539827628759638634e+00 1.150117792511249348e+00
8.051527742276601840e-01 3.166370509610371559e-02
1.019155150768603635e+00 9.374967371284997908e-01
-1.060138394493243652e+00 -1.347060977805128457e-02
-9.659085978695184371e-01 1.684665431051228124e+00
-2.949403190816644038e-01 6.480132416240504956e-01
4.534449094223705901e-01 -8.211682122417315322e-01
-1.130302240303270533e+00 1.551189363013391609e-02
-9.222632787879290195e-01 -7.824649723848132732e-01
8.559777092474051274e-01 1.056080175349356054e+00
-1.677118220565923634e+00 1.259233638497879726e+00
-2.122697652901441856e-01 -2.872136124975278593e-01
2.761396920888168904e-01 -6.505799975842940785e-01
2.829875219688807175e-01 3.031532989907644193e+00
-4.477687711057827813e-01 -9.604438743871012152e-01
8.040248018334096303e-01 -2.073778245797369912e+00
1.611135000166727727e+00 -2.704693144111248060e+00
5.052134043410686504e-01 -8.363641697699357724e-01
-6.607289504512359191e-01 1.100905449680263715e+00
1.912169849340015215e+00 1.192949548659716807e+00
-6.468397007172974611e-01 4.272203277167178626e-01
5.428325968628937570e-01 5.296004796528953618e-01
-5.503282289388577303e-02 -3.594684630397990688e-01
-2.683869246127583152e-01 -1.335231219396100677e+00
5.599641573457017074e-01 1.809331901073620366e-02
-6.348266497309283940e-01 2.154875905686169102e-01
2.101548044383267033e+00 5.017606438862487472e-01
-2.813863240335934268e-01 -7.560339205418096231e-01
-9.259586714612964009e-01 9.617407906774214643e-01
9.024189878357812278e-01 -1.219371629154764880e-01
4.028887492810392379e-01 1.269659626544765496e+00
7.616799371549838327e-01 -3.098319210833035409e-01
-5.737254547622083756e-01 7.838622030682713682e-01
1.444747538381873753e+00 2.611865524795893290e+00
3.762643368923013210e-01 -5.143287694480602745e-01
-1.590315198081902581e+00 4.607377019077135705e-02
-5.225730934543023620e-01 1.212930889646012478e+00
9.160680202919561088e-01 -4.282593299361371342e-01
-1.132225884477330968e+00 -6.982109544578065652e-01
1.509501688259327068e+00 7.133058153747895425e-01
9.355343979583852221e-01 6.876048848136724345e-01
1.027804865014673608e+00 -1.354191546817378189e+00
3.460397942047434006e-01 1.394126118409959370e+00
-6.178368766647824861e-01 9.519258211186615304e-02
6.124530827354307538e-01 -4.440121349060242029e-01
-1.449148078310058541e+00 4.024148207405567335e-01
-3.359931104346685071e-01 1.152768141924906224e-02
9.910162050767845621e-01 1.207440286258201878e+00
9.364079519537298335e-01 -3.686183234750119442e-01
9.309518034517511378e-03 1.403984143878042490e+00
-7.617795006506256072e-01 -5.958741895663344224e-01
2.297183029092946527e-01 -1.043344462010299178e+00
