6.712436939821343762e-02 -1.318810880665944318e-01
3.199766723687762493e-01 6.356617416881316096e-01
-2.603560069103975569e-02 -6.945073592522431616e-01
3.649172412924341913e-01 -1.112870250928057914e+00
3.995791962757813676e-02 -3.203471633439151645e-01
-5.889027200144832941e-01 4.320367575244097313e-01
-1.591030746717291278e+00 -2.730547646183442700e-01
2.384057680338286911e+00 -4.112334051044184702e-01
-1.171243025999391341e+00 -4.889815755796759339e-02
4.930869722838092106e-01 1.671011485744875458e+00
-1.168619053746966951e+00 6.881363793506587445e-01
8.981484055434706404e-01 -6.675558132162695557e-01
1.299364086205748725e+00 -7.682233833792254662e-01
-1.398255612533836567e+00 1.147520491981777635e+00
6.510730006447359441e-01 -5.449948543659006717e-01
-2.422496918510392006e-01 -3.289400722146235134e-01
-1.107274984981476557e-01 1.387110144642749621e+00
1.507367725637189126e+00 -1.194598159522520353e+00
-3.611232489010364755e-01 1.316467879864349655e+00
-5.087225229698777440e-01 -3.630579893050424056e-01
3.623230419441180183e-01 5.809366924248574593e-01
3.650554777261846295e-01 1.186963538287584052e+00
5.499662192267823491e-01 6.491182507419056558e-01
1.215346350947653198e+00 4.190966188887147448e-01
-1.274078650406882618e+00 1.516748276310171617e+00
-5.754148689837771530e-02 1.314822957386417412e+00
1.533401356408515825e+00 4.685902399775662697e-01
-8.165535820454919991e-01 4.584665595662986148e-01
-4.777930093264761702e-01 -7.543889219617477826e-01
-7.871767097942709013e-01 9.926826063445881587e-01
2.724210804327157343e-01 1.270859762586515007e+00
6.350979005756054452e-01 -2.740503294872524420e-01
2.112830344064829113e-01 -1.632987852643618676e-01
2.030833601759632678e+00 1.416079200533732596e+00
1.296724838162422733e-01 -1.274037206014029033e+00
-1.019908161567818050e+00 1.067861910117962720e+00
3.693308010502389660e-01 -9.037386848662419814e-01
-1.041049581064489749e+00 2.936091603947904360e+00
2.718193402833435912e-01 -1.238707457853020832e+00
-8.129897474443291694e-01 -4.806535290960554652e-01
-1.094659260109747713e-02 6.625380297954251707e-03
-1.962771693542549656e+00 9.325886093980378932e-01
9.215000293236739193e-01 1.120873049508947172e+00
5.338321049036756083e-01 -8.570227143594921770e-01
-3.049502023936616624e-01 -1.586584520191156367e+00
2.099920207634577846e-02 -2.063539373950502298e-01
-1.086020419169330342e+00 -9.706759831645352943e-01
-4.517739070722585071e-01 -6.422966057662451433e-01
3.116285710485171556e-01 6.439250931150498625e-01
-1.187210470520383643e+00 4.827915828666493603e-01
-8.320651923666982919e-01 -1.030981367224811152e+00
-1.803173947006671274e-01 1.312557611657151624e-01
-2.595543541082758754e-01 -1.842563203138030958e-01
1.050208705904583262e+00 -1.010621088304385573e+00
1.913207816786905158e-01 8.640378386311645675e-01
2.514698075338333005e-01 1.334115269933238368e+00
