-5.202426487965801094e-01 1.256358128451326550e+00
-1.163544923741381965e+00 1.041256845894859895e+00
-5.264047676752454663e-01 2.968820480329159017e-01
-2.993501581557228008e-01 8.391564739169259102e-02
1.261172671977966120e+00 1.074453049829655615e+00
-2.058239754794584375e-01 -1.684068070205258172e+00
-3.260033836683475239e-01 -9.018912986882962612e-02
2.308715621804314361e-02 -2.712401287693503860e-01
1.358934379271956039e-01 1.415990533337728063e+00
-7.060416395290723957e-01 -1.632919830104611128e-02
2.539637320345219940e-01 -1.174597493273671800e+00
8.501363095353289268e-01 6.558341790817752148e-01
6.271080789197633898e-01 -1.635076205273180872e+00
-1.147929950191252102e+00 -1.349103099330070776e+00
3.313595619125166425e-01 -5.881623858836850793e-01
-1.189754888787788678e+00 -2.195694513998213415e-01
-1.901180810844362856e-01 -5.220622233059138972e-01
8.811427857400508934e-01 -6.809287845976718101e-01
-4.761316034891648896e-01 -4.931636922310146942e-01
5.714799820330859204e-01 1.817653507721614936e+00
1.248900767931867134e-01 2.952008868690805254e-01
7.154729955270868746e-01 -2.389473534044772585e+00
4.145860541939265231e-01 2.958878528749335768e-01
-9.797634540484887467e-01 1.538275791139992021e+00
-3.333274214868719443e-01 5.579735426589766956e-01
-6.193125961067240670e-01 -1.399398288655913536e+00
-1.343445407619045406e+00 -3.305632451532082960e+00
1.352645921268577633e-01 -1.230207917548079566e+00
-5.716053478886733430e-01 -1.949749567031473507e+00
4.306948300920491746e-01 -1.648813004494732892e+00
2.070153306294040707e+00 5.515768634475753940e-01
-7.917107773744598287e-01 -9.098953696589532347e-01
-5.533711955358955326e-01 -2.139082674172276821e+00
1.350589738692422381e+00 7.345841590790387621e-02
-6.707218503083357541e-01 -2.561481598973524565e-01
-6.865160005899664242e-01 -5.793013710122740800e-01
-1.520807607772542980e+00 -7.861097232192399906e-03
2.136360565897944264e-01 1.482140594796551136e+00
-9.121897035526363995e-01 1.933931829604429165e-01
4.410934149088992506e-01 9.624930969864312624e-01
5.835274388050482042e-01 1.685255509861110612e+00
-2.695110922773588658e-02 -6.498130558804672274e-01
-2.001795050255858188e-01 -1.675042200747136834e+00
-4.656139599634702697e-01 -7.118399590285601208e-01
-2.805727401732418969e+00 1.638767993628368058e-01
8.592627903560333680e-01 -1.811346987852966994e-01
1.308912587329446930e+00 -1.184162413003891023e+00
-9.208086940987916247e-01 -7.145464962723165891e-01
1.760710070090101276e+00 -1.307816514919324602e+00
-8.805104838170711712e-02 1.283012096642214717e+00
-1.487937156217628454e+00 -1.367066516919387187e+00
3.984589180573767098e-01 -8.811555404361369748e-01
7.955856529144924583e-01 6.064511430494322619e-01
3.205791151215674484e-01 4.158397272512173171e-01
5.127366642500180705e-01 -2.738371308896287104e+00
2.601948610881241186e-02 2.523696023926425558e-01
