-1.875108510998727829e-01 1.139535391208571058e+00
-6.275988231077405180e-03 6.422674449238960359e-02
1.552349858951320272e+00 6.144875162193337292e-01
-1.415457334616275098e+00 -6.838477899086744527e-01
-1.699551066987085912e+00 6.832481334039665066e-01
5.857475493601348449e-01 -1.408243500069381149e+00
-1.038949555276846015e-01 1.842566648484908476e-01
-1.284274756660861216e+00 -2.801893595625147837e-01
-5.018633786284735221e-01 -3.963870697961197065e-01
5.351195727679530778e-01 8.774807893524013691e-01
6.799873848671094123e-01 -7.915015601394850275e-01
-2.677801714497963781e-01 1.159042319885296601e+00
-6.642478113237160198e-01 -1.113163909162562026e+00
8.009952342178914275e-01 -9.498919574968791579e-01
2.015431494397863066e+00 3.896499590735036933e-01
1.818133616451283741e-01 -5.289008510204484814e-01
-1.474750883435271609e+00 1.399674138085472697e+00
-1.361727841483376666e+00 8.153584566310995152e-01
-3.077341795682896897e-01 2.825403394275678437e-01
2.435769273250024125e-01 -1.172741376024279303e+00
-2.342978864192544475e-01 8.013163631536365794e-02
2.933631450575324359e-02 -2.998383960438711360e-01
1.525083268574319584e-01 -1.303146727633560931e-01
1.101697843344680988e-01 -5.709014132938866615e-01
1.257990102504041197e+00 -9.215407651859066629e-01
1.081358235165777559e+00 8.903362606737810214e-01
-1.089182652615283464e+00 -5.166294923163928798e-01
3.795195361932627298e-01 -1.434687086113907162e+00
-5.166477470117031290e-03 -2.924818062404843100e-01
6.357880791708633295e-01 -3.256536523407884132e-01
2.172179066014167659e-01 6.254837098056994504e-01
4.275656757816583831e-01 1.861556166530225820e+00
2.551846506153696570e+00 1.626799868248283376e+00
1.073384709983918661e+00 -6.469279502126336068e-01
7.696901011510560719e-01 -4.920347153947644547e-01
-3.390989869229421028e-01 -1.430870699506856525e+00
-3.742053004218888757e-01 3.615664292626379339e-01
-3.818857041834312627e-01 -1.355777256272875098e-01
7.930809083241375790e-01 3.228630598013552677e-01
-9.306879617541945482e-01 3.642359725919303015e-01
3.123976159885735737e-01 -5.282472169867809958e-02
1.525439797755768101e+00 -1.222339276934061747e+00
1.204665740725715972e+00 -4.917757522958786098e-01
-1.704006825139934511e+00 -1.089475926607128331e+00
-1.425083818951029757e+00 -8.934951109541794390e-01
3.108760373521741172e-01 7.918183108379978075e-02
1.911201158771748398e-01 -3.475843834655784059e-02
1.734744530689499506e-02 1.407583309002708338e+00
2.322667669649970679e-01 1.624383797393290640e+00
1.227251710799117657e+00 -3.610523879474127895e-01
-9.667146837669747528e-02 7.832555053832062075e-01
8.899217234615200978e-01 5.196897481517250839e-01
-4.459487049136323655e-01 5.582084700729120774e-01
-6.191303151930069859e-01 2.329561742488317044e+00
-1.030092074593232931e+00 -1.041251095069328919e-01
-2.329258047701020795e-01 6.861631010676487730e-01
