-2.769973801946347680e-01 -2.872620752477872408e-01
-1.300241047321151866e+00 -5.749951562640287506e-01
-7.603777712895684049e-01 -2.090321495463049128e+00
6.504307615915977392e-01 5.877231440458680067e-01
1.301637437699657784e+00 5.958751728268125714e-01
-6.313601906856526336e-01 1.327161319748432877e+00
1.155569090892275774e+00 3.434720181452270982e-01
3.127211365139200283e-01 1.128123801252778509e-02
-1.299155771752376065e+00 -6.201615380130309774e-01
-9.834016006082950678e-01 -1.501919095062458354e-01
-1.005165913642686704e+00 -3.507039321988154879e-02
-2.885432373585928439e-02 -1.702005316007907831e+00
1.767387811622869842e+00 1.903069337356712909e+00
-1.464203165174699173e+00 -1.739048533251457584e+00
-1.645111673481991943e+00 -1.415195448452595928e+00
-7.362927100317842588e-03 3.615502449126747203e-02
-1.492593376989137077e+00 -8.704375520977931657e-01
-2.226226816078558449e-02 6.807311175664790825e-01
-7.785783838223742093e-02 2.190104205539613880e-01
1.288059858219272380e+00 2.127004099149294447e-01
-7.084003269036911465e-01 1.889485435324431417e-01
-6.680674255226333180e-01 9.514298392565152529e-01
1.685304451749164212e+00 4.675579697206487806e-01
-2.026156584548391704e-01 3.015888647183810334e-01
1.150045720116108505e+00 3.101595059401933141e-01
-5.822191181922333758e-01 7.971214992046133929e-01
6.847136218524333372e-03 1.186647519191547762e+00
9.395655841700235600e-01 -1.450799173161715361e+00
-8.365791969341636047e-01 -5.427158515116492499e-02
1.740300577178360841e+00 -1.286841378164902405e+00
-8.343965817509384486e-01 -1.303488195951160833e+00
3.582772820135540215e-01 1.533341742916875416e+00
1.234705762191901757e+00 9.160403599220200421e-01
-5.206724757751696187e-01 -2.802650234935952223e-01
1.438106482608549008e+00 -3.930954881794714861e-01
-6.027007704936881982e-01 1.927849492130446318e+00
2.782293115859667543e-01 6.365936271987628903e-01
7.550354459317629718e-01 -1.011089447999547364e+00
8.171173623763542393e-01 8.498987247499359965e-01
1.691217394650083916e+00 3.638386960242856460e-01
-4.182112338562515297e-01 -5.971463539544046295e-01
9.081273032197848538e-01 1.082396989608962246e+00
-6.358491968404381689e-01 -1.173669225862450594e+00
-3.710911603520303248e-01 3.230091580940363527e-01
2.029822105936178178e-01 -3.478706079510997529e-01
-4.395027150804101113e-01 -1.311155912344626140e+00
-1.178233935001855359e+00 2.503147054759898293e-01
1.934303868515787062e-01 2.403108751193069603e-01
2.293691077630850839e-01 4.888574895606244697e-01
-7.767087208031636658e-01 9.454084841360543834e-01
-3.654537039518390151e-01 1.782259297125530217e+00
-8.977756144949992079e-01 -1.201108007287285506e+00
-8.864019631835616808e-01 3.526926990635741443e-01
-1.340777841096700174e+00 -7.639777900268859279e-01
1.597105713210227096e+00 1.160875805885730250e+00
-1.708465214728760173e-01 6.050550023850876924e-01
