8.407359489380691886e-02 5.621699006011395827e-01
-2.129209122862859793e+00 1.347285516956615137e+00
7.994667985357140072e-01 -2.785534453264820742e-01
1.999083962795465408e-01 -7.700527398642479371e-01
-1.022758104743676677e+00 1.241317239100801828e+00
-1.940461110461767433e-02 -1.995679862189492504e-01
1.230050830155082320e+00 9.746076018069739222e-01
-5.124868197178841095e-02 1.624037055044193822e+00
-9.487960682138434354e-01 6.888040528478976965e-01
1.314850833067602753e+00 -9.290639260955649847e-01
-2.959422646874058233e-02 1.391274946409852609e+00
4.325628390734432838e-01 2.019898721350325554e-01
-5.304841051779662225e-02 6.719211290282163240e-01
-4.633447857534281344e-01 1.234812075200068637e+00
5.145009303529110012e-01 1.659936204766268686e+00
1.691952178633017792e-02 2.991807551783317032e-01
1.181054702301009285e-01 -4.016431377633560840e-01
-1.825935275355203558e-01 1.252977422219744508e+00
4.426520273064011857e-01 8.766926391679311648e-01
-7.563653281260461769e-01 -1.219035841388035335e-01
-3.044481526433614471e-01 5.550485930022137637e-01
3.403222925977510971e-01 -8.652982081692640881e-02
2.237732627474260660e-02 6.288701578206759013e-01
4.574384096440329839e-01 4.136319468545746059e-01
-6.401558235884116099e-01 -1.655672857276542009e+00
2.213595459226421966e-02 -4.033556454158835312e-03
-1.946562031846868490e-01 -1.027430514150739160e+00
-1.736671557147818623e+00 -1.392992582559981152e+00
7.067949159268730464e-01 1.884578243574450918e+00
-7.769846447658228517e-01 -6.481585502447947955e-02
1.597804304867245506e-01 -4.245592380268872756e-01
-2.706769701981612958e-02 -1.495638804362212415e+00
1.466782706174671880e+00 4.827591755006442331e-01
1.434064092089101683e+00 -2.461820658464665759e-02
-6.901151183764797636e-01 -3.690123246345966002e-01
-1.241742534160614531e+00 -1.089390736198015519e+00
-2.157468429970865742e+00 1.133629967571831321e+00
7.449611882410938080e-01 -1.438516194027464057e-01
-9.378846388109196575e-01 -7.330359192568519644e-01
2.763691504403403484e-02 2.311681338628876592e+00
-1.316856122125264372e+00 2.899452609548989201e-01
-6.811140046614123922e-02 4.058416006514851126e-01
-4.849057162564434642e-01 -2.338099123756271214e-01
-8.370691744613187324e-02 4.696086265235865365e-01
1.730533135026151581e-01 -5.671578037521358973e-02
-3.829851289709507167e-01 5.358105846795261362e-01
3.061578045790892766e+00 1.756473420683399400e+00
3.576832518555757012e-01 2.084198279563065803e+00
6.343221574408648422e-01 6.744868274828215160e-01
-3.073793934171030751e-01 -1.114783315300646116e+00
9.016697953379175789e-01 1.493686770904631977e+00
-6.316245412670455917e-01 -1.862897991648820029e-01
1.707117830148094928e-01 -2.926035485144415471e+00
-4.942438021610875420e-01 -5.281905708291068091e-01
1.372913098103783203e-01 -2.334279974806088287e+00
-4.763425481411579510e-01 3.024341408835224954e-01
