7.804959956933458232e-01 2.240292625395677584e-01
-7.305584217083972431e-01 -4.867606603622584571e-01
-7.549781252306670964e-01 6.468683936481149921e-01
1.478160071197425651e+00 1.039302071642572489e+00
-8.711924383192846122e-01 -1.875544407988673223e-01
6.732195595567437296e-01 -1.080075913268418869e-01
-9.099250962594646053e-01 3.991091106848073111e-01
2.115205864464174912e+00 -1.053157712464525053e+00
-1.573323255926632802e+00 -6.123453952212175588e-01
-1.737880673699399914e+00 1.197237031168254306e+00
3.155162490054874702e-01 1.918469754308213426e+00
9.369067037954242894e-02 2.351580090831023317e-01
-5.196129538003905202e-01 -1.687916536335027473e+00
2.980092468995864108e-01 9.690849373143692880e-01
-2.685475953671392912e-01 -1.010825767275971288e+00
-1.490827560790820350e+00 1.647809626835302188e+00
-6.158695345921864073e-01 -6.543901549446085042e-02
-7.247231265918396836e-02 -5.379268312752326642e-01
7.732269842588863629e-01 4.624892505746605043e-01
1.331400698858436593e+00 -1.821372314978353391e+00
-2.164362092317849984e-01 -5.256634895883458558e-01
-2.100441837891909191e+00 -8.044589747959483839e-02
-2.789758334598520517e-01 -9.298076767744620774e-01
-5.286475263684053960e-01 -8.483248213918802572e-01
-4.341921840077397898e-01 7.878078056002771890e-01
-1.880107206800119279e-01 3.302696405872285745e-01
-1.414021696334648137e+00 -6.727170261326160805e-01
1.444171760959703121e+00 -1.564359707155422718e-01
3.022086195988106794e-01 4.332665257051626639e-01
-2.572112587342743062e-01 7.352843866809728457e-01
3.756504311614768943e-01 -2.712006967444768879e-02
1.683693892794070557e+00 -2.164786287856665936e+00
-5.656753415439167432e-01 1.006518234863903682e+00
-3.446673481645387005e-01 -1.343238510771330163e-01
1.700767032788358391e+00 -4.913868403899764314e-01
4.048624517279341140e-01 1.050352087582433702e+00
-7.305798274991286423e-01 1.428302062798679772e+00
-9.828360285208631586e-01 -1.067811592722432756e+00
2.556030055235098963e-01 -4.309113095103884183e-01
1.224580410160163613e+00 -1.531846074643577749e-01
3.881451203122712190e-01 -3.833737342372247614e-01
5.499599418412679519e-01 7.368339177090219017e-03
-1.207248241777578585e-01 9.521876770499095866e-01
3.499404946497032265e-01 1.138863597657422178e+00
-3.427883495125474272e-02 -8.338894823510061283e-01
3.668358463268961422e-01 6.811195675802325655e-02
-8.705731197016375322e-01 -1.016958398581416345e+00
1.107925292495997915e+00 -1.275794552628368050e+00
7.961977384732622509e-01 3.327072968884606796e-01
2.641220413335159112e-01 -5.584458780289365265e-01
1.259638636914031939e-01 -3.799502938251684836e-01
-4.132928639296272744e-01 -3.366880646375337016e-01
-1.156624192144465546e+00 -1.681100665247696746e+00
-1.652774590663070586e-01 3.598321519893380449e-01
4.371437963861545262e-01 1.008175064846474678e+00
6.642845610137720902e-01 -1.408690745396821820e+00
