-7.377256957129463277e-01 1.575525886544498544e+00
1.585992876782082783e+00 -8.242723442606411099e-01
-1.579168443733153460e+00 -1.075176471265675504e+00
-1.419680210777724660e+00 -1.456017548789285243e+00
-9.918371906176146613e-01 -9.471662891196530598e-01
-4.262425165763493728e-01 -2.538751450663698228e-02
1.520873759787555235e+00 7.416719971719312188e-01
1.253176942058344678e-01 -4.463616085269384026e-01
1.639304033724570564e+00 -1.074042539010566927e-01
-4.305404878295219784e-01 5.788837878831438744e-01
1.452873057547445113e+00 1.263667491438429380e+00
-1.014900292633642342e+00 -1.033829945383001547e+00
1.179352434493742552e-01 -1.048461543814729557e+00
1.745272582049271215e-01 2.707967601254426815e-01
5.345342355357196595e-01 -2.693741579193681956e-01
-1.188211400397431561e+00 -5.177622559826853266e-01
-1.031359840411300910e+00 6.191708717497687031e-01
-6.479179487665587267e-02 3.458750826468461881e-01
-1.794312580895018661e+00 7.763095745743621157e-01
-1.629855386371208192e+00 1.195556289266999084e-01
4.167617681167056221e-01 -3.855315381239932671e-01
-1.309665039261830977e+00 2.073220530392382521e+00
5.760273392870176590e-01 -1.219157951430535736e+00
-3.402973730691520315e-01 6.777845979900202211e-01
-1.776244352674260507e-01 -8.544712076998572936e-02
-1.237134119070759652e-01 5.328902032059263938e-01
5.234564810927737621e-01 -4.465299921368018898e-01
-5.564008103585690312e-01 8.991066399424790800e-01
-2.770130509023496779e-01 -1.089337010628272484e+00
-3.758055049239150680e-01 7.689060553783043650e-01
-1.983886959657331417e+00 -1.687004130312115935e+00
1.591604453236375116e+00 -8.599380086284670321e-01
-1.259292181260461829e+00 1.220003458118578576e+00
-6.251056818851455921e-01 1.228471087806139783e+00
2.614088578236935523e-01 1.715429205105927224e+00
-1.084653620658416612e-01 7.844418421475902736e-01
8.373967656280183469e-01 -5.476270212071362442e-01
1.258481240822214797e+00 8.515174841148261953e-01
-1.046120858814138188e+00 6.562056250719026096e-01
1.508629885062396925e+00 6.519544657406278754e-01
1.133258196287074276e-01 1.918468251839566152e+00
4.937651070306121881e-02 -1.198811204166757571e+00
6.829356882749141322e-01 -2.606017493800544482e+00
1.197768789077878759e+00 -1.190436279012436760e+00
-1.245506465291980280e+00 -2.623395554055964585e+00
1.430971602535827891e+00 5.790622939917787759e-01
-5.065202623137399218e-01 1.393526007997355487e+00
7.823150268505359994e-01 -6.858958098481062748e-01
-2.507839400669512313e-03 -3.842725799614831739e-01
9.077143529006616030e-01 4.607863747380566005e-02
3.209980920761909551e-01 -1.452642343605359043e+00
4.535366894410519101e-01 2.399576768363495261e-01
-2.936471949402494896e-01 -9.076420155513374999e-01
-3.069566200806754241e-01 3.770744912736676002e-01
-1.321594932629168495e+00 4.357575060080625673e-01
-4.086397966525373571e-02 4.610026231534043450e-01
