1.612435778339343706e+00 -9.218441605696232610e-01
-1.049395236577406187e+00 1.103960227778680192e+00
1.675805420926532063e+00 1.247267027155700259e+00
4.913191252060882253e-01 3.392839711796170610e-01
-2.704334534022160841e-01 2.228641172152573124e-01
-1.005698709867706375e+00 1.540535265578510948e+00
-6.697731405195552767e-01 1.116873428147478142e+00
3.044824517508161188e-01 1.574441307734410822e+00
-3.729215682621351835e-01 -8.277152517467690762e-01
5.838212457459084348e-01 2.946671501133307225e-01
-9.216739824700093120e-01 6.553594499058412737e-01
6.223399360186403495e-01 5.010110025181581106e-01
7.484353491991417862e-01 -7.555046902514762630e-01
-7.134235120335805092e-02 -6.717822662218313479e-01
1.726765452738381612e-01 -2.372449404689258301e-01
-1.701557057859731659e+00 1.001068531949508289e+00
8.993354058500070414e-01 1.096245909597548751e+00
-4.994172524642552791e-01 -8.859673948017902090e-01
4.064477249278612425e-01 -1.308148275844977393e+00
-4.744521808290370624e-01 -7.871997342428658229e-01
-6.800744178452506894e-01 -1.273758904162477279e+00
7.462649846337132686e-02 1.318057220391707363e-01
7.740233219505084916e-01 3.732306289827316270e-01
-6.600590544825656047e-02 1.270628351014305268e+00
-7.264568598821639911e-02 -1.314743977262316621e+00
6.405785051535077823e-01 5.711532491965128910e-01
-3.915076543493490879e-01 5.523056259138195978e-01
-3.492646138860091565e-01 -3.712112763347404920e-01
8.660299050079216521e-01 8.113962562048887550e-01
4.868936137040368872e-01 -4.006473863001704938e-01
3.627809647244840674e-01 3.078830106860078741e-01
-9.322032276773795784e-03 7.830540565571421086e-01
4.658531868690468647e-01 3.934255742161872904e-01
-2.146826412325015809e-01 -4.669627326124206057e-01
3.046044624148226410e-01 -6.258138340713171877e-01
-1.698325809007961498e-02 -8.194682081892042946e-01
6.204018849029414584e-01 1.084573773429086785e+00
-1.621201668794264750e+00 1.522988478899088838e+00
1.343361518137592969e-01 -2.474590006899531902e-01
2.318119366833637951e+00 9.578001997910194909e-01
-1.441348411404761443e+00 3.420113521748467389e-01
-2.504725359155222097e-01 6.841687300423797691e-01
9.529754738356571719e-01 1.267285185954095006e+00
-8.625300375217850868e-02 5.862353277949861746e-02
-1.632410367505160442e-01 1.088358126588641506e+00
2.106670039599017052e-01 -1.475932248707419348e+00
-1.467841014703423985e+00 -1.650738640539438917e-01
1.169875741032108341e+00 -1.732359637805413355e+00
-1.434113908139489357e-01 9.707073586750031291e-01
9.224181989325883624e-01 -2.893727565107356292e-01
-6.466218005822752524e-01 -1.247167562789063128e-01
-1.349345640332651364e+00 6.305701714102980304e-01
-1.152001082170045709e+00 -2.227706389057772518e-01
4.925946277544179241e-01 1.271471725170351785e+00
-3.967496975979135088e-01 1.405359195554997553e+00
1.256665409452950577e+00 -1.233679339876443182e+00
