1.045315043387110343e+00 -1.510028052720502334e+00
-4.725804429297273401e-01 1.043960985378300066e+00
-1.048860115365786383e+00 -2.208022581287357178e-01
-9.161129540067197707e-01 -5.592847841841129819e-01
-1.473930823078663410e+00 -4.700830541009534125e-01
-7.614370323942039331e-02 -2.519257371215946506e+00
-5.214276421895646524e-02 -6.441410696522917867e-01
2.607427305329472200e-01 1.239123090060759269e+00
7.526014999995387367e-01 -1.656160634390964947e+00
2.128645018326299210e-01 -1.648889270805866447e+00
1.799484652560693621e-01 -4.395102658213713709e-01
3.268014211381635170e-01 -8.324171062655384423e-01
2.133406252230437283e-01 8.228628691814513507e-01
-3.171420686559089930e-01 3.814322913514398561e-01
2.826621387368106753e-01 1.788753130969586158e-01
5.358636828853868828e-01 -1.173228832121794740e+00
1.562453787589508647e-01 -8.730285807310415036e-01
-6.851691572659147633e-01 -5.481150177284126457e-01
-8.192014802086770020e-01 7.016012139154141625e-02
-1.556043710241355571e+00 -1.151108247542483864e+00
2.052228657383167398e+00 -1.188520941341607351e+00
6.814949296972336867e-01 -2.896057512174037285e-01
-8.737470279622959746e-01 2.195364107211350280e-01
1.213604063160174329e+00 -9.828222156151202871e-01
-6.234594082250143332e-01 1.032969078074327113e-01
-2.257091234463057816e+00 -5.266855370968689387e-01
1.372864863854763362e+00 -1.772101643003889948e-01
1.336195341897812527e+00 2.889533994204094847e-01
-2.573716094470007154e-01 -2.403055310474480510e+00
5.542453212927579420e-01 7.813872439040993045e-01
-1.381573447722573567e-01 -2.372256865717423113e-01
-1.052938945698222328e+00 -1.533521301078432764e+00
3.260341439042175327e-01 6.962801489712946434e-01
-8.989779569831293227e-01 1.334824123017511077e+00
8.036120060043557833e-01 2.199598608085657769e+00
-1.582686999533700067e-01 1.619724229813261474e+00
-6.679401267607801840e-01 9.733695185215083256e-01
-4.597259208425069077e-01 8.457700350579704096e-02
-1.309825096030977409e+00 -4.309704205660671028e-01
1.099432623267873943e+00 -6.629409118613145413e-01
9.225672743297116396e-01 -6.235672000874078469e-01
-4.701059777817309104e-01 6.391124302691140180e-01
7.334214843739158551e-01 -5.113443892164410975e-01
-3.822640336700250940e-01 -2.550606676487392477e-01
-8.297172242207315751e-01 -7.498651333413167697e-01
1.811595622006513473e+00 -1.994170893314127113e+00
-3.397859799059394503e-01 1.004419477323007959e+00
3.081477340761925587e-01 7.579621385804247158e-01
-1.384100425401359358e+00 -1.432030185497778607e+00
8.787742639761267904e-01 5.628181086274524070e-01
3.143279848468220061e-01 1.623548636534093426e-01
1.136148165078108008e-01 7.241782993007948865e-02
-2.260092990472674090e-01 -1.799079385325131897e-01
3.147532595024230551e-01 -1.130087641188755265e+00
8.160053016189771080e-01 5.903796192186232944e-02
-1.634088366014272917e-02 -1.763335742997384825e+00
