-6.710656733697375476e-01 7.648765650652419312e-01
-1.126557664478516733e-02 -8.187118790104734867e-01
-1.658619936366151348e+00 -6.887183576916611205e-01
2.725927162611440080e-01 -5.799441485791697604e-01
1.212848831528886118e+00 -2.075577557044425703e+00
-1.756440652697561999e+00 1.563675954216207975e+00
-5.365328375150802964e-01 1.895443865257547156e+00
1.286202527894912684e-01 2.013270965182153205e+00
1.027672651832141071e+00 -1.083506228843206021e+00
-8.377493120004393390e-01 -4.133571830138833003e-01
-9.524610934287648378e-01 9.293621502814688462e-01
9.356279881401360354e-01 4.342823635406332650e-01
6.339650523735089749e-01 1.277143559397251771e+00
2.049781890004880758e+00 7.042641632128902041e-01
-3.867053265848563459e-01 7.958193746853704509e-01
-3.624561309765202965e-01 -8.397853248301773155e-01
-1.171814164661407531e+00 8.722861181349702564e-01
-2.450363107525364292e-01 -3.981975627238616422e-01
-5.640898966941118031e-01 -2.747313628770513549e-01
7.030086262490070625e-01 8.987907620717358048e-01
-1.043557980093269055e+00 1.223040394229600203e+00
-4.972037933763103768e-01 7.470217223911408411e-01
1.857649578195059936e+00 -1.815110983962374469e+00
-5.209433671858113568e-01 2.052639773436367943e+00
-1.861243190813317128e+00 -7.246024953241098077e-02
3.082547253734163606e-01 1.365685671479460961e+00
-3.025808230172398194e-01 -1.181179501767558815e+00
8.981193450632428688e-01 8.075749730687123984e-01
9.312192518370349115e-02 -5.861631977078683997e-01
-1.008171478655873532e+00 -1.965338683139410680e-01
-7.461338775739737583e-01 2.092096488936240339e-01
-2.096208862293750919e+00 -1.806859453917624814e+00
1.275675545648396358e+00 1.818066418529590278e+00
5.387803938935450399e-01 -9.089676624621888523e-01
2.172496891914505124e+00 7.293012851263440677e-01
1.829449434812314146e-01 -4.792055930718610024e-01
1.315727859960494905e+00 -5.124384586334497227e-01
-2.300713241558887678e-01 -5.103552598350089564e-01
-1.990355025119668442e+00 -9.347223313319487359e-02
-4.241537760053899070e-02 -6.737856568807848445e-01
8.029891815698773083e-01 1.299311230552362639e+00
1.268084751695381263e+00 -2.971232747002413022e-01
-1.144098524610188461e+00 8.436900702143979025e-01
-6.871924953839574357e-01 4.718297132406146788e-01
-7.295098012107209540e-01 -9.764468730521718154e-01
6.081314839701766894e-01 -4.111904241243918498e-03
3.250735902514267917e-01 -2.532660522314439389e-01
-1.382876623501632762e+00 -1.675668449412304750e-01
-1.469365184365207577e+00 1.396214325026002623e+00
2.058530280639192966e+00 7.073857546937951657e-01
2.037833707134204531e-01 1.877198241816422142e+00
6.629760740290130405e-01 2.805385884952755204e-01
2.016182800470395886e+00 1.179786979417782655e+00
-3.397751921779678663e-01 -1.502155993474328932e+00
-9.980353573914699794e-01 -1.834637358802683749e-01
1.023971416413261282e-01 4.453827008654173136e-01
