-5.920438080452934404e-01 -9.466567354510306842e-01
-1.089820452898318859e+00 1.089051026035116720e+00
-9.697305343575066683e-01 -2.083242284437015479e-01
1.241003060571555627e+00 -9.725654020571420366e-01
-4.628347339280173833e-01 -2.589886706727879240e+00
-1.061226149744760372e+00 -2.038539180988756805e-01
3.278429594547139780e-01 -6.497613927593844929e-01
2.316079032756400424e-01 -7.114098416655263435e-01
-4.041275103619366149e-01 1.434852696356710755e+00
5.508254806852804775e-01 1.886099686008132215e-01
-9.853892646955421109e-01 6.653049508533751544e-01
2.177958561399925275e-01 8.103575036395155307e-02
-1.779374644654084348e+00 2.061049147776872204e+00
1.085474370378412212e+00 -1.274136007873240883e+00
-8.044780980479565580e-01 -4.863761743578210450e-01
-1.073756941364762074e+00 -1.445622753780873015e-01
-4.646605715158062533e-01 -7.290031163052375085e-01
1.336648337114626273e+00 1.959690591679695282e-01
-8.146709362385005926e-02 1.380898287147504622e+00
-1.084054016940382281e+00 -6.354626019916126412e-01
2.229701523979209732e+00 1.380820317288041332e+00
3.948974315271867597e-01 -7.478037608435570416e-01
1.232188491721883716e+00 -5.108471893240117412e-01
1.010831489489097401e-01 -1.840233931136470991e-01
-1.575277607268965374e+00 -1.456281350650991735e+00
-5.177966620470261239e-01 -4.954632061440156221e-01
-6.301696966491000529e-01 6.975751111466894638e-01
-6.280729323028506617e-01 -8.191562722351225512e-01
-1.067687502978219349e+00 9.881203552134191215e-01
-3.357951345291856349e-01 -1.445461709481446144e+00
2.861212502180529582e-02 2.472291482948141272e-01
-9.657753470449884636e-01 7.105337049662414639e-01
2.451706541324026045e-01 -1.267902590314563094e+00
-6.848206355648179811e-01 2.101119882374678782e-01
-2.712344905693461761e-01 5.544444161053334597e-01
8.973263804573845537e-01 8.418243034124175406e-01
-6.778569660291395849e-01 1.676791366160128804e+00
-7.205886665256214796e-01 1.249603665329608038e-01
1.045540764010732815e+00 6.853976107492802949e-01
-2.138415842449890580e-01 -8.086818264700652847e-02
-9.715380168971686770e-01 -4.583986635217494610e-01
1.061442919159864218e+00 -2.005640795984507729e+00
7.641888260396636490e-01 1.370786623732862086e+00
-7.645566308183072701e-01 1.028329742167121419e-01
2.918552420781677981e+00 2.843489046713990609e-01
-8.364973397397665322e-02 6.606458241789409103e-01
-2.128903710680749573e+00 1.455179805365690582e+00
-2.280110184247644334e+00 -1.801382701804415953e+00
-4.202266065124358185e-01 1.031936931121657075e+00
3.981913642740512183e-01 6.808670872853989087e-01
3.816378080454745914e-01 -1.688610828795390040e+00
-1.252365029948469433e+00 -2.255492315363505917e-01
4.994179713829970113e-02 -5.182809065875562116e-01
-3.840416958687488114e-01 -7.524257108559877505e-01
4.063796353789803084e-01 -9.756828562845337727e-01
5.896838763729446153e-01 -1.500615922778558264e+00
