-8.832603212509256840e-01 -3.867099425349798114e-01
5.467461271478910034e-02 -7.168315719983233691e-01
-2.224041808136430376e+00 -1.770362668937787376e+00
-9.382363690575812321e-01 5.204120847022272178e-01
2.922890478071265008e-01 6.852340799431805296e-01
3.233933661837184448e-01 -3.549772187855531613e-01
-4.602498790684311780e-02 1.833128479921693754e-01
5.577178138983864830e-01 -1.169633494309488375e+00
9.717224314947875419e-01 -5.616957339438419794e-01
-1.245188930677877392e+00 1.089371160917623621e-01
-1.615935634277932964e+00 -7.894794249286305465e-01
-1.082184842102227873e-01 7.539176740319811221e-02
5.070540601563279237e-01 9.486661570713220692e-01
1.649787650077342960e+00 1.488298072574447461e+00
1.123055085348321214e+00 -1.122302655966949558e+00
1.250175404791629585e+00 4.139885433808245252e-01
7.390580979193789313e-01 -1.017116933203700890e+00
-1.738946577829082463e+00 -9.086365543316539117e-01
2.425236140203726187e-01 6.856700853430741649e-02
-9.037868825290623631e-01 1.469333729370787101e+00
1.725322704138836816e+00 9.981897558703759499e-01
1.308582600822639774e+00 1.989808505003088479e+00
2.022885189034598241e+00 2.403355083801901049e-01
1.152664638755423188e-01 7.393253429936318399e-01
1.393114464431127741e+00 -1.544840180443831507e-02
-9.094227374325144497e-01 -1.741880968599219370e+00
3.162538996786882772e-01 -1.771681140675753108e+00
1.047413637432817318e-01 8.180448829720646797e-01
1.358386876740026894e+00 7.471667748490616601e-02
3.175041983787557642e-01 5.930793006800934020e-01
-5.973190307164589763e-01 9.716107944646623640e-01
5.427459971369180680e-01 4.834257253555527822e-01
-2.301801356809007437e+00 7.116549722526133159e-01
1.017406530927219777e+00 -6.581734994933429173e-01
6.600601430938916048e-01 -1.260594109413015307e+00
-5.046931424862522997e-01 8.913452294548503962e-01
1.432664451648144155e+00 -3.304193028759934148e-01
-4.767208218149311949e-01 -4.750515925531829248e-02
-4.558299848730350962e-02 -6.981218337218491055e-01
-1.356814070216242341e-01 -6.583688807796646003e-01
-8.117617180260882082e-01 7.253336757881920782e-01
-7.058108623494238065e-01 5.203925196672771758e-01
6.712814284974173429e-01 2.052582005596371495e+00
5.059582494349621484e-01 -9.965454318972102321e-01
-1.912234030548439545e+00 1.605270960678019110e-01
1.113664110319365408e+00 -1.067342689291989943e+00
-1.782123386644748342e+00 -6.890744851963366280e-01
-1.162560122611618674e+00 2.030781366123581400e+00
-1.468142966714523379e+00 1.034894859244162718e-01
-8.197139359150282245e-02 8.245965911460378939e-02
-2.479679117504915986e-01 8.513071057359312965e-02
-1.057487722025891141e+00 3.394814517463947134e-01
4.132280573031396065e-01 2.526769571894632582e-01
-2.861131186846953334e+00 6.900034936916130679e-01
2.089237084202777775e-02 9.143010882121068716e-01
1.779857806736816206e-01 4.560213253279366552e-01
