-9.534686977409527753e-01 7.393177266113417634e-01
-1.194171148715814201e+00 -1.618265719178705542e+00
-1.856643010805484328e-01 1.570108826665460658e-02
6.060785253426477226e-01 -1.752804025235880914e-01
8.692463746802280011e-02 1.388275573908511085e+00
1.527592539879507161e+00 -1.509435484516413739e+00
7.186723432149742796e-02 1.607669805294733356e+00
6.351510003486621203e-01 4.304722896156454315e-01
8.420302348348389643e-01 2.212115774595526108e-01
5.441671461245186636e-01 -1.987526656577555118e-01
-1.282906516868196123e+00 -4.044390733914449698e-01
-1.862397823385621987e+00 8.177815952461922056e-01
-3.091128753092555748e-01 2.415948727891241987e-01
-1.601482689206434884e-01 4.744874564936845673e-01
-2.045232218682254910e+00 -3.478982324080679978e-01
-3.194236852251846059e-01 -1.756042669300117653e+00
3.150775195486199554e-01 7.597169232523880433e-01
-2.048661158328878518e+00 1.421385022004115539e+00
1.013941670889718649e-01 1.293301604979663733e+00
3.848432426657336092e-01 -2.080615640448242321e+00
-7.147579578729844618e-01 -3.156900182278783024e-02
4.631493611103593699e-01 -1.667395144408589935e-01
-2.594194830587647882e+00 -6.042893641286947171e-01
7.970566692494578387e-01 -1.368480817689649687e+00
1.107519043259800773e+00 1.033923956129496169e+00
1.091138371196882506e+00 1.043490451547111619e-01
-2.586409929531461871e-01 -4.540826783616470075e-01
7.966017602818183108e-02 -4.379227348242939466e-01
4.772818102621013692e-01 6.132004822262171473e-01
6.256249601204269539e-02 -1.409382167404602260e-01
9.060340702904031707e-01 4.412536388785339159e-01
9.668515640156247759e-01 -1.327128171702006032e+00
-5.248774955049654301e-01 1.532598273690239266e+00
6.960096690675371400e-02 1.348921980034765600e+00
2.435712943779401396e+00 -7.626883953953291773e-01
5.949442620143575722e-01 -7.013192616601103546e-02
-1.122605285051536894e+00 2.435765504192380360e-01
-8.016355488832062337e-02 -8.436757541044392905e-01
-8.606298657896284121e-01 1.227729877690001276e-01
-3.223393095024192911e-01 -1.801735192140212494e-01
2.948653606267126470e-01 1.105177223496786931e+00
5.802484543063617384e-01 8.841593965354194173e-01
-7.239200092023429997e-03 -1.174542274841469114e+00
-5.416063655569615110e-01 1.675306664095499443e+00
1.206011459453838253e+00 5.789162251698578565e-01
4.389333631579752093e-01 2.541287285315336764e-01
-4.058339378176680778e-01 4.975688705179621141e-01
7.559517590480480109e-01 3.485775782185007166e-01
-1.380720080984602305e+00 -7.950177613829950696e-01
-1.150512584537553146e-01 -7.476822955161309681e-01
-3.259426554687682720e-01 -8.497682626462558231e-01
8.716813938627604452e-01 -2.861383051468825711e-02
-4.070857631201301174e-01 -8.305464882759010514e-01
1.647344924988265902e+00 -4.491802326618324903e-01
4.301238647778340418e-01 4.592783478803623143e-01
1.647146540229126099e+00 1.166581671706654832e+00
