-1.184871772090771769e+00 -4.258077629591973390e-02
-1.658067788505866114e+00 -8.856340105392753737e-01
4.840715477884465212e-01 -1.592718645597120730e+00
1.200623645995842370e+00 5.075657947035968620e-01
1.549819913502856528e+00 -1.903672333831212038e+00
6.729016677470791574e-01 3.004798286728707080e-01
5.555836661653136277e-01 7.272695875664811349e-02
9.952362278700087606e-01 -6.165193047082571098e-01
1.334972671351577045e+00 -6.125517710946523087e-01
7.742087890162032693e-01 -8.975283475643471842e-01
-3.116993826980592464e-01 -3.333461873779639539e-01
-6.228989670612399276e-01 -5.267301980887584972e-02
-1.300021669176537831e+00 1.141275955851709822e+00
6.747387621095165544e-01 4.994890967214604127e-01
-1.014703592946218480e+00 1.604492236871323030e+00
5.959042428379684314e-02 -4.245789669874182048e-01
-9.643244673745532403e-01 -1.331960430923368799e+00
-6.691676090404216071e-01 7.527739031005176162e-02
1.446640027922867222e-01 -9.855027816091191939e-01
2.966668739134440402e-01 2.352306325183374514e-01
-5.561811187619808416e-01 -8.626734508960884895e-01
1.332479496788937956e+00 1.892026108272348628e+00
1.067736508438705822e+00 -3.898582706574078571e-01
-1.327468716274964100e+00 9.600144667536721910e-01
-1.166397193895531287e-01 2.257470311796917262e+00
-4.956284130865784565e-01 1.539760650892334493e+00
-1.593206876817829354e+00 1.234651244928589992e-01
2.834984607819200364e-01 -1.855256550515110181e+00
1.488206665675429474e-01 -1.804012274670399041e-01
-2.272923889978998080e+00 -1.211968967334855263e+00
-5.499760952606688180e-01 2.223373491502046995e-01
-5.465105415364813757e-01 -8.054539892250719424e-01
1.770213775569998149e-01 1.758646816370660060e-01
6.380186171960455788e-02 1.640059387164269356e-01
1.343340475787490940e+00 -1.043985426157255869e+00
-5.694671046746658805e-01 -2.372641651375643201e-01
1.839045904354643879e+00 -7.180492666973347093e-01
6.662480041935602282e-01 1.034128162303973530e+00
1.350523978668854985e+00 7.839378934230478713e-01
-1.002976749946651314e+00 -7.574338146138265282e-01
3.408736842791266208e-01 5.134457993346067672e-01
7.033202602328464392e-01 5.363234033667606537e-01
1.648933115622686352e-01 1.936944045648913981e-01
1.368043788855614062e-01 -1.017621609915478897e+00
-1.685874285399879269e-01 2.232115396013111486e+00
6.876343679048784185e-01 -1.772032323246232277e+00
-5.744190584463324534e-01 -1.199726778728868792e+00
-1.996510025099653973e-01 -3.303884610338735595e+00
-1.745695543414236495e+00 5.086862223181132237e-01
-7.256242218536207433e-01 6.064408224246330414e-01
-6.834606625591869156e-01 2.311508561975793574e-01
-2.395246507357520205e+00 -2.231693220161134195e-01
4.421219765385775435e-01 -1.029856769359960733e+00
5.912260927640823338e-01 1.374397287451550043e-01
-2.349163141825198142e+00 1.447766198113234148e+00
9.870307463182789176e-01 1.219053122397294020e+00
