2.857074096747364567e-01 -1.562654753924362372e-01
2.292827131236938737e-02 -5.750628302616701548e-01
1.361318030617678088e-01 2.804329197965383380e-01
8.797104376129322167e-01 -7.065082729246749960e-01
3.120336225974218447e-01 1.446719410094867153e-01
2.245971438079169324e+00 4.437188561521746011e-01
-1.031101978051134571e+00 -1.129916731993051648e+00
1.170916374709704222e+00 -5.149207409109903821e-01
-4.210072428164878811e-01 6.588577336138664586e-01
3.888708814487230603e-01 -9.706873912230019608e-01
6.087083811781384135e-01 -4.887905246931522618e-01
7.497499151582596166e-01 -1.214837040134981061e+00
2.915117535076718891e-01 3.435536084019111258e-01
-6.675128438678890053e-01 -5.506049485536688298e-02
-1.695926082569068738e+00 -1.242630406823915568e+00
9.386990214517242359e-01 1.479695547386870480e+00
1.723291271099969713e+00 1.286375181148430302e-01
-9.699735877767063918e-01 -1.922105083355955424e+00
-2.913222054789271209e-01 5.866302976178855433e-01
-1.351287359151084055e-01 1.057118079775617003e+00
-1.013799210224678671e+00 -9.492043659111633058e-01
1.471161775151081930e-01 1.357725225366948896e-01
-2.957669038700224684e-01 -5.169022530134402826e-01
-2.068203690408708384e-01 -5.120409134585354391e-03
-2.862939107838063935e-01 1.782319670107674447e+00
2.374004413588636009e+00 -1.704138450812487937e+00
-1.750324005690516160e-01 -9.705939539330156185e-01
1.195290230231110667e-01 2.775005982491816625e-01
1.167273161154869676e+00 -3.391603072324856916e-01
6.792776479944745427e-01 -3.701564069943679702e-01
-3.843484145564881604e-01 3.214804768763963594e-01
-1.307052065923484996e+00 6.824793866954457222e-01
4.866287691734349496e-01 6.073483303063856864e-01
7.454773242911406916e-02 7.760963169414227814e-01
-9.498604167867644721e-01 6.149731878025576082e-01
2.701352041384114777e+00 -1.491265910586049959e+00
-2.632182159589585568e-01 -7.644990604632440068e-01
-6.518968126693430731e-01 -8.597635240083185693e-01
-1.333364815158149197e+00 -1.148513430296628890e+00
1.541550445243534684e+00 -2.179960890820739627e-01
2.099147541942315287e-01 1.404010237646916570e+00
1.363598369978319680e-01 1.484446758443074055e+00
-1.378401929281737548e+00 -3.696320183633722278e-01
7.813378574135959598e-01 -1.223811824272196258e+00
2.847235560635837937e-01 -1.278463880677492837e+00
4.101830679947306435e-01 1.371910068720023412e+00
1.500873911701561036e+00 1.074190654530063460e+00
1.436464070489274159e+00 -4.272056289738742629e-01
-1.160141440947736191e-01 -1.897564822504296034e+00
-9.300158258251589594e-02 1.331403768174250546e+00
-4.225853814183641033e-01 2.209418968229594771e-01
-6.310626932428221592e-01 -1.433564768601535144e+00
2.898582240864290283e-01 -1.179253061415795195e-01
-6.966951049432456022e-01 -9.451985761562028410e-01
-1.251896388669918814e+00 -6.265152885639069247e-01
3.685810477310208499e-01 -1.214777317514691424e+00
