-5.036703105882578413e-01 -3.734674441976809089e-01
1.062872703981165845e+00 2.594150986839646178e-01
-7.706683478784425168e-01 -1.103318259434706849e+00
-4.051488048904156730e-02 1.251964651347384549e+00
-1.400765237483625192e-01 1.448988472495602808e+00
-1.784290996276687857e-01 4.203745844671454290e-01
-1.186836381997735945e-01 8.511401557705473853e-02
-1.771642489408489438e-02 -1.402581774260761027e-01
8.983310085590862082e-01 5.519321589039383191e-01
-1.441166275207592384e-01 5.404908087890910595e-01
-9.736466167964845653e-01 1.280153652139704168e-01
-1.795327190882813895e+00 1.217746050022222359e+00
-2.941780505115357824e-01 -1.140557434846921847e+00
6.643191883977523915e-01 1.576754785096802225e+00
4.181656639642031825e-01 1.702784140664928447e+00
5.208850064046350870e-01 -4.963973591534935337e-01
-7.393743595763138110e-01 -1.398693171881571218e-01
1.670960131344942479e+00 4.548747223600819178e-01
6.466236041244550758e-01 -1.161353312218914358e+00
1.707832295750207896e+00 1.666361475379252166e+00
2.084076308491309426e-01 2.906666409375008864e-01
-8.982852833170362761e-01 5.771621265535620271e-01
-1.780468081536157765e+00 5.009194970217564213e-01
4.540712631562799917e-01 1.862539701145513316e-01
9.534032127306076854e-01 1.766192414584013104e+00
-4.295060755746117898e-01 -8.383361035477087109e-01
-7.989026895081583479e-01 6.701840743049386484e-01
2.781823501859841397e-01 1.573522277146493176e+00
-1.618635749965638526e+00 1.035461977284200197e+00
1.368117127836312452e+00 -6.469656993782418875e-01
-9.793487544943110246e-01 -1.514024415411387992e+00
-2.390797970709083731e-01 1.010132011583464884e+00
-6.382122960825879765e-02 8.163877316055517808e-01
8.818655649690407827e-01 -9.799120066570137233e-01
2.831985260196409060e-01 -1.204698055932175160e-01
5.749091168076319036e-01 7.188487377925828481e-01
-8.084467350913134842e-01 6.712602247247221321e-01
-6.984717165001104178e-01 -6.156095094489218988e-01
-5.330262420689825531e-02 2.111345203929621217e+00
2.924766032313234065e-01 4.529755646155411708e-01
6.291585053108581516e-01 -7.902719776344460101e-01
5.208127807795360775e-01 1.189332850039669154e+00
-1.255698319970492749e+00 7.923775119848077697e-01
-7.007380981917576968e-01 -4.323903201308952338e-01
8.686313770129072687e-01 7.336794290868386970e-01
-3.008549750754958563e-01 -1.288626979025530028e+00
-6.617266601073982235e-01 1.109371182994555866e-01
-1.565467551094433141e+00 -1.080962024031115298e+00
-1.726926330027795498e+00 1.651938259885347149e+00
2.326555951968894753e+00 6.244547745894978019e-02
1.982071799037006032e+00 1.179531672505284234e+00
6.629045579191843451e-01 -8.724304232795391245e-01
5.333813546487040647e-01 -1.114000797675968712e+00
3.258046184326673367e-01 7.121600429741425931e-01
3.942353864091669990e-01 -1.934468302519477823e-01
2.927257382353221637e-01 1.973609786534502142e+00
