-9.340273943404725498e-01 -1.390664656835201241e+00
9.648349984133455792e-02 -6.856517106797510586e-01
-6.877551633254608277e-01 -7.752316054109174015e-01
-4.421474044952023452e-01 -1.923927313331522115e-01
-5.414063707911830337e-01 -1.101150888682808304e+00
-1.201616443083275199e+00 -1.363554056747962262e+00
-9.419357335125675412e-01 -2.234527770451547879e-01
-2.065048263897994119e+00 1.176073896300158017e+00
8.408969674028554664e-02 -2.207533992639252318e-01
2.899490142602242360e-01 3.378227379626303623e-02
-7.285936959235111976e-01 5.561650140055850455e-01
-4.278608682136048058e-01 -4.875717812240271121e-01
1.142946611486908015e+00 6.768449058892125336e-01
-5.986068603878963446e-01 5.243045567955814112e-01
-1.861486355377814705e+00 -1.516292941425260166e+00
-1.658464431004936568e+00 1.314611392020904601e+00
8.750999980976233161e-02 -3.838522683689492565e-01
9.676949600209198143e-01 -7.418337681701128172e-01
-1.074036868019743407e+00 1.099646892313045576e+00
-1.185592651153119181e+00 -1.246581324060751950e+00
-1.003883278794345912e+00 -6.853063416812630315e-01
-2.545506855243358513e-01 7.700707791879792818e-01
4.519077957674341728e-01 8.026661006312382218e-01
-7.898531045032164410e-01 1.525730362860730382e+00
6.947285240745676438e-01 -1.005841115089065596e+00
5.992661447690303955e-01 -6.153050335017270500e-01
3.017635924300926531e-01 -3.066996360114184264e-02
-4.871476509356993390e-01 9.451424266404098162e-01
-1.699114175104114999e+00 -1.032708943621061665e-01
5.823043740241571342e-01 -1.260476659982457392e-01
-1.081376669840331539e-01 2.539312874514395024e-01
4.329626127956485160e-01 -1.890287208378074457e-01
7.213026727576120622e-01 7.151647193672358016e-01
6.973060762511432698e-01 -3.714893634650853205e-01
2.465184492492177287e-03 -1.906987688715164442e+00
4.664249044412756562e-01 -3.640863394448952128e-01
1.121390346215040967e+00 6.162527154925840911e-01
-1.834955355268555799e+00 -5.758841192795984831e-01
-1.142635931476507549e+00 1.009256529351879594e+00
-4.093613864563039884e-01 2.158034079725048127e+00
1.246614930249882569e+00 -6.927258796911525129e-01
-3.230936930214405312e-01 6.578828805765485344e-01
-8.282588697483216356e-01 1.495801646830015041e+00
-1.546038505017611975e+00 1.456476603337765852e+00
-7.568988469926932749e-01 -1.538018695839251937e-01
4.282862581314963002e+00 -1.061155036394178380e-01
-4.663127787111823741e-01 -6.472392140043985442e-01
3.185029245443386614e+00 4.110281361546896384e-01
1.921120224559659029e+00 2.143300128514326330e-01
1.820765762281701949e-01 -5.766652132323426549e-01
-1.167210443218920091e+00 -8.407233239015203807e-01
-1.043717739892443319e+00 1.850503607922063143e+00
-2.624755503537824497e-01 1.234859041632911048e+00
8.416555965350543123e-02 8.900441325035796103e-01
-4.631952289449754456e-01 -1.472138804580387816e+00
-5.785359988200816650e-01 -1.342728398340464979e+00
