1.528592631037951177e+00 4.676149510688186184e-01
1.036371978168834973e+00 -9.312983797543947784e-01
-1.062602796230135427e-01 2.388772713251264557e-01
5.579192172956342066e-01 3.111637527254016919e-02
7.299715121035031673e-02 1.454407263863835675e+00
1.069046647834095864e+00 8.281996440829626077e-03
-5.532451900195536898e-02 1.344312600624250897e-01
-5.958914410619035040e-01 7.209645135419231465e-01
9.884280096335695820e-01 2.681267534898759686e-01
1.129789043911425317e+00 -5.492328181963980205e-01
-3.810986598845674256e-01 7.362743944051391987e-01
2.912613713281423516e-02 2.248727933795072076e+00
7.030597140504304399e-01 7.695351079066901079e-01
-2.806150660858323098e-01 -1.362086805304254744e+00
-1.402295074985089318e-01 -6.868088929799199827e-01
-5.773382627762779773e-01 -1.285685438290276039e+00
-6.722908402260813210e-01 1.689258212962026384e+00
6.376339790919061112e-01 -4.612275257395698769e-01
1.849038846438638917e+00 -1.294181145966802893e+00
2.004075415799108750e+00 1.236654708711526718e+00
-1.108387613235586766e+00 -1.374791944599170979e+00
2.373221550623240972e-01 -3.364118755786318360e-01
-2.278843300156335072e+00 7.175736890718316108e-01
-6.570709587637646454e-01 -1.408801432850753876e+00
1.346647043651815867e+00 -1.919477825654031244e+00
-1.035980619822580495e+00 7.275973353198831317e-01
-1.121209471175703687e+00 -3.591551176031634873e-01
-7.354130360670472211e-01 1.281702039267910820e+00
1.012017441824485386e+00 2.487772905556903336e+00
-1.647647336935488038e+00 -1.962605624313495500e+00
-1.560290531203849085e+00 9.924909392023997246e-01
2.242855823350781819e+00 4.046486310909275241e-02
9.191946835878285205e-01 5.492718998228851568e-02
-3.232050959747198027e-01 4.086860303918580795e-01
-1.496593403159297009e-01 4.736546701523866032e-01
8.643881150659352697e-01 -1.349390001909611392e-01
6.273855824589552599e-01 -1.813018762437125812e-03
-9.803514891874119952e-01 -9.175508713823404827e-01
-4.636488734144886825e-01 1.069018516492703075e+00
4.860717799060541577e-01 4.571934708051435953e-02
2.412877389280704554e-01 -3.462535096933739287e-01
-9.228737142560873574e-02 1.456813648526782412e-01
8.531215099923760148e-01 1.207142500557853770e+00
9.465617613025908983e-02 2.290435959652566300e+00
2.198760109346087621e-01 -2.854411914741509237e-01
4.345170469189540974e-01 -2.350874602619208886e+00
-2.360331033597883543e+00 -1.879365455382144168e+00
-1.247565695440939759e+00 7.124184731724666486e-01
-1.232242028615535112e+00 -1.705054181024855620e+00
6.092479349786752429e-01 1.207426298305757095e+00
-7.639458507641777585e-01 -6.917335133785735835e-01
2.507528077342697226e-01 2.200874930404745466e+00
2.074430043751971930e-01 -3.984927827933508193e-01
1.742897070892292621e+00 8.699743213680806164e-01
4.141368995219852356e-01 9.719741255846063577e-02
1.594390867633477260e-01 1.241869465956496166e+00
