5.078495752230477445e-01 4.922086388905575483e-01
1.797003697096048347e+00 -8.139778599097620138e-01
-1.661723614171113139e+00 3.451188479339610815e-01
-2.645199139804144672e-01 3.717358151661572241e-01
-9.608044463784699563e-01 -1.860714957903007449e-01
-5.958032182127566134e-01 1.066528799289483409e+00
-1.489878699651596972e-01 -4.212037441530802617e-01
-9.575652517553637777e-01 2.827016201641718851e-01
-1.741000978574825872e-02 -4.378764760869340300e-01
1.126143031389424287e+00 1.108067731267992739e+00
-4.872969649882386012e-01 2.979151377789925337e-01
1.174795034489159118e+00 -3.366929404531366909e-01
-8.668629596210351840e-02 -2.739037483002361162e-01
-4.950491580219272825e-01 4.649731440404287347e-02
4.063316121583759877e-01 1.074213301792641406e+00
-2.200756309625245599e+00 -6.976428805959522528e-02
-9.638417314645895129e-01 3.990649177917889867e-01
3.783143899450455705e-01 9.235738017251935439e-01
1.735271558873223485e+00 1.148698787566688612e-01
-2.148711834134041376e-01 4.444733173593882203e-01
6.001232287446675029e-01 -2.264791163641088900e+00
8.779226849333700011e-01 -8.788663518705996935e-01
3.343969555028377116e-01 1.135008752668987958e-01
-1.920531818971200400e+00 -2.684999403528824380e-01
4.335220779845678774e-01 -3.554292176646818846e-01
1.209174967415827640e+00 -7.788521344731497154e-01
8.632474937436701579e-02 -2.204507697116551590e+00
-1.190333106844222444e-01 -3.901484740622491176e-01
-1.521943811407653335e-01 -1.637871555919853117e+00
8.935904446396772949e-01 -2.804015110887719264e-01
9.875656544420734206e-02 4.583411982101939786e-01
1.841476229874933201e+00 -1.908721956191516134e-01
7.727871075133891932e-01 -7.123875389335935226e-01
-1.335784259506779703e+00 -2.134013825018813648e+00
5.935632346499328804e-01 -6.518907683865723390e-01
1.857490884927117003e+00 -1.036487437690555291e+00
-5.975234576905862349e-01 -7.704134083910024744e-01
-6.425413674909730144e-01 2.227051942468412649e-01
7.540078009838799833e-01 6.080967916755871672e-01
1.544133260453511292e-01 1.146441691533023555e+00
1.234082120320664444e+00 -1.413667795076319234e+00
-3.243199848863339008e-01 4.912436797545079448e-01
8.841453838729920189e-01 5.198938755604317619e-01
-5.259837083362659538e-01 1.840516235664237055e+00
-1.520672592950970570e+00 -1.424069922809945155e+00
-1.797530751586615821e-02 1.246896809066002421e+00
-2.183105177874136604e+00 3.087373361810283878e-01
5.903506574834505721e-02 -2.719216794185904118e-01
5.862949869962393867e-01 4.417349181315937678e-01
-1.716831436327818372e-01 -5.742688537993114739e-01
3.550127547952068308e-01 9.605001216314431600e-01
-1.047938010075780024e+00 1.274729905575911371e+00
8.800049359650436998e-01 -4.818650730287153960e-01
1.212110107810086657e+00 -9.773027315163913542e-01
4.797943179177442397e-01 -3.125530757851061048e-01
-2.415507781318535496e-01 -5.052249596839337720e-01
