-8.532014659922920741e-01 7.894512726684987935e-01
1.606434590542617169e+00 1.391782381418762871e+00
-2.977741643292380336e-01 -7.919688608494040993e-01
-9.465819795606822407e-01 6.426243054571475488e-01
5.099719429525978454e-01 -1.343445331894558503e+00
-2.657205415200441512e-01 2.001629401611084158e-01
4.152678972772710919e-02 -8.125848609454543459e-01
1.990390041049565906e-01 4.198170622087363940e-02
6.613509655663619702e-01 -7.130405657770463312e-01
9.512575738548494364e-01 -1.436256343558209192e+00
-1.368054815846476702e+00 -6.918962246880748790e-01
-1.693367105970402520e-01 -1.122450236172980037e-01
-4.950250050248234390e-01 5.224752235277529966e-01
8.329444499447954398e-01 -6.572789594391189594e-01
4.606272618334076863e-01 -3.633025623367613921e-01
1.564054518521976744e+00 2.827848959919788130e-01
3.378495163511148203e-01 -1.968645701024051009e-01
-4.242282831297389811e-01 -1.446994088573270720e-01
1.111782477159620086e+00 1.635073885062066745e+00
1.594546684881678056e+00 -4.175617123362340144e-01
-5.412630392910572352e-01 -5.468541219514858609e-01
-9.960761367659572985e-01 -4.902618801015456440e-01
-1.135956641184025839e+00 8.718955829301642257e-01
-1.956820609741965367e+00 -8.353174609654487881e-01
-2.523093692563295409e+00 8.343312610079767211e-01
-1.090392414812364708e+00 -1.277622509886680024e+00
-3.698117927264037803e-04 -1.118467905336214541e+00
-4.861701446088778633e-01 5.899387251589750525e-01
1.607123590402781965e-01 -1.251135171300521876e+00
-3.576990033266125302e-01 5.204130631873622459e-01
1.735723644188515102e+00 -2.857541010991160868e-01
-1.831720468535644519e+00 2.497961881106297577e-01
1.873463564063510001e-01 -1.435289377055265492e-01
-6.197927199701602774e-01 -2.360700911314138895e-01
1.452138772571577752e+00 1.210547279697719469e+00
1.943630510235138331e+00 -2.330504067860920681e-01
-5.971169775092346477e-01 -1.314703562003694204e+00
-1.420432109571850843e+00 -1.659321928746954500e+00
4.944716876398426719e-01 4.527393912043090052e-01
9.988069485167101469e-01 -7.817794743505813715e-01
7.996033457946493117e-01 -6.220387284160183716e-01
-1.637034449620490495e+00 2.303220170462794494e-02
-1.390641163805783398e+00 -2.476981417638612071e-01
-4.567370482717408309e-01 -1.528672053495569561e+00
3.385762242592093019e-01 1.083348461005200658e+00
8.061993909067454167e-01 -1.181551025572577185e+00
3.011918071815181119e-01 8.557665924752240194e-01
3.785537272467881520e-01 5.118384593284187600e-01
-2.357403474295514112e-01 1.032781227854546735e+00
-1.398887401444600442e+00 -1.277996032381064850e+00
-2.056160408511443771e-01 -5.987798956858867427e-01
5.293415447550285924e-01 -3.633937880460940684e-01
-1.085853411896840814e+00 1.336638126423344897e+00
1.952579956193390420e-01 -5.635069754616803817e-01
-1.273278409217416973e+00 -1.151395484566456018e+00
-1.729784488910910412e+00 1.068812405997608295e+00
