1.875160762557991356e+00 3.619981807643252170e-01
4.878882671213393557e-02 1.366301669060419499e+00
-5.984451699503646749e-01 -3.180025145160619626e+00
-1.361302254779442666e+00 2.602200226654537429e-01
2.465644729506105692e-01 2.216925215293337192e-01
6.449047228928870279e-01 -1.482425117328021180e-01
4.293217679565076161e-01 -7.589234960866767521e-01
-1.911144261789071042e+00 1.647900760733329029e-01
4.168952018294875828e-01 9.470576118916603781e-01
1.421650205495719410e+00 -4.743622537399451167e-01
-1.631287861883054191e+00 3.184614970683741220e-01
-8.605538259557808933e-01 -1.610118976311356032e-01
-1.097152426762078692e+00 -1.271179790497231510e+00
1.619679094049986334e+00 -7.166285991052993021e-01
1.050179851743790582e+00 1.183140709679348701e+00
-7.971805398375800822e-01 4.280127425963399235e-01
2.545432260976314698e-01 4.713720671568406156e-02
-8.098499452169812818e-01 -1.329406619530867223e-02
-1.108425853628930202e+00 2.096802830333657774e-01
7.978264309606286631e-01 -3.600618512324962883e-01
5.081108899192712247e-01 1.766891691618839855e-01
1.237075198293161371e+00 -7.853951764567597416e-02
-2.713344296814184098e+00 3.739096381765205090e-01
-1.079629630916703942e+00 -1.302873539577376338e-01
-8.181786014194668555e-01 -1.666164282167806043e-01
-1.216068257008931619e+00 3.640341980770992469e-01
-2.200811935769920513e+00 7.907730200747902227e-01
1.147208679072533988e+00 -1.549818844817534846e-01
5.393760711826017795e-01 2.137189345210971592e+00
2.958313049207046408e-01 -1.630999019757432222e+00
-1.469688390214154650e+00 4.638496765702255775e-01
-1.411058905650229844e+00 -8.116513312430502225e-01
-7.876004029325700539e-01 2.689990269252531818e-01
-5.256959674003043315e-01 1.162565799012823670e-01
-5.727721781160894921e-01 6.952054432681281648e-01
-1.705172443418040862e+00 1.378662553462697282e+00
-1.113326944117973616e+00 -5.640590592782372958e-01
-6.665587448313214924e-01 2.534316145608924487e+00
-1.979106633552156769e-01 -3.886614262421178578e-02
-2.586476814190671547e+00 3.693782891722098838e-01
-6.565695443321680758e-01 -7.048843973302739707e-01
1.536957965470252763e+00 -1.115400840315966313e+00
-1.455058567756256416e+00 1.046201742863313688e+00
-1.395643659758583954e+00 4.059235087596256841e-01
2.765642717692641181e-02 5.742209843461173469e-01
-9.465111931385121746e-01 6.512493073426530721e-01
2.802406753163279030e-01 -7.352516792497251208e-01
-5.055970562118782263e-01 5.932872367255430657e-01
-1.753731650587286195e+00 1.581224598561671080e+00
6.604196936366741877e-01 8.241479762869301506e-01
2.224406322902063859e+00 -1.556813189719457480e+00
7.213966373724345349e-01 1.031180299212158813e-01
-6.893626344268993789e-01 -9.917835883714996026e-01
8.418743247930059459e-01 -4.155967310994534425e-01
1.875472996648549273e+00 -1.084158196132105845e+00
-3.258933329526791378e-01 -8.208542789192926348e-01
