1.886530093449821033e+00 -1.220411032497045051e-01
1.365315362624543338e+00 1.242487814018498504e+00
1.190640458500225041e+00 -1.168902496360755938e+00
9.431415933035821597e-01 -1.274235722422210948e+00
1.185767520382228657e+00 1.001873075496069854e+00
5.919409904903367714e-01 4.377173967445494029e-02
1.026989219041049450e+00 2.961561272689063329e-01
1.223790798935791430e-01 -4.123951926786915689e-01
1.287842237808242807e+00 -5.832842408136952317e-01
1.417745210000169287e+00 6.861703132319371123e-01
-5.377156176573709701e-01 6.654623691280259212e-01
1.995525850762963349e-01 1.628851665770759682e-01
2.873765799222824380e-01 -8.142917327903262947e-01
-2.169738535825010750e+00 -3.205532210227701653e-03
1.296362116610016546e+00 -2.083084712711867237e+00
5.466932848815895252e-01 2.003204384133664195e+00
-1.481006788975186117e+00 -3.769972034156408025e-01
-6.167844405567757260e-01 1.229399273376856838e+00
-8.629230533396613223e-02 2.309142187888755693e+00
8.201627508406389433e-01 1.778809918414086533e-01
-7.712952337273696335e-01 3.724489461648101130e-01
5.503412497334940756e-01 -1.995365807244313672e+00
1.582695587712761975e+00 4.400430295326376862e-01
-5.269589663701920168e-01 -9.320952072136594602e-01
4.642895567535191281e-01 1.002569577438523263e+00
-9.411212110163148514e-01 -2.542712291189964113e-01
-7.640818132710717192e-01 5.436309551409201912e-01
3.292407331199944109e-01 4.916851640460607326e-02
6.306365988678034329e-01 -3.276772977696773004e-01
-1.266825787608323040e-01 -8.268846341064252092e-01
5.317326891374998254e-01 -1.104609780785891449e+00
1.802568489157802545e-01 -4.237458539572141469e-01
8.139717886256384594e-01 8.862253573703708920e-01
7.788921104070712920e-01 3.848375311224688788e-01
-2.160911657442350808e+00 -3.385337299130793398e-01
9.295966972290171659e-01 1.107868281936385646e+00
-8.385678078437659444e-01 -3.834402548424034052e-01
-1.711133937047988995e+00 -2.285906217196010393e-01
4.335148942725796511e-02 -4.700675787228111857e-02
2.940478338311607320e-01 -4.270068067566238912e-01
8.080789885235357684e-01 2.309833363870080092e+00
-1.932538699895690160e+00 -9.232726221016209767e-01
-4.849708036017348900e-01 -1.468184834513086567e-02
6.958006845055073608e-01 8.889017694882365150e-01
1.287400426835645151e+00 5.752018917700570944e-01
9.562301582485331908e-01 1.901285495959229577e+00
-7.983403289158409466e-01 -1.083103897004519256e+00
1.494442576141835843e+00 1.194325053801604364e+00
2.317425552628035734e-01 -9.838873326693937660e-01
1.537669969364611200e+00 5.878106994948092412e-01
-1.752625306761866619e-01 2.311050788385800914e+00
-1.718011230541965917e-01 -1.057307818201070060e-01
-1.343857659004062677e-01 -2.610552712740365489e-01
-6.160521738037295636e-01 1.532404322151907916e+00
7.668668051307506728e-01 7.005078632410577377e-01
-9.011032373438840337e-02 2.830898699397288443e-01
