1.375907360097384791e+00 9.365636180807814792e-01
-9.046708949627684238e-01 -1.604983664697335444e+00
-9.135910814955088277e-01 2.896682938103957716e-01
1.358056863361286337e-01 -1.269323147409718411e+00
8.930141739777425203e-01 -5.868149402666144043e-01
-3.721258454704837182e-01 3.840499248115166187e-01
2.780990458561244383e-01 5.061391977312740265e-01
-1.535201372849677837e+00 -3.434784880674689456e-01
-7.931464543853012916e-01 -1.985276943321626630e-01
-2.781304102452766824e-01 -8.354636462436574318e-01
-1.292003179497172916e+00 1.935959317063757013e+00
-1.097903660701560646e+00 4.361185744641335460e-01
1.624700544116359335e+00 -1.586289439730529605e+00
1.090612048789518118e+00 1.871783953124081870e-02
-8.457023195918218494e-01 -9.876558285271795912e-01
1.510564166198026248e+00 1.658425036639558314e+00
2.337986545520756909e+00 3.886602795338788691e-02
4.563348875117068104e-02 -3.091189856067610986e-01
-5.431958162269850954e-01 1.029098116387593853e+00
-1.657727058770361417e+00 9.171929922220561915e-01
-6.503890990800120786e-01 -6.282569406225346764e-01
7.001548969710005288e-01 -7.120222770001504164e-01
5.743182084508211549e-01 -2.205521042606367388e+00
1.034760303719206798e+00 -1.700779259113058967e-02
1.340273587746933392e+00 1.770186072163233870e+00
-4.141551824123487768e-01 2.413312563233466490e-01
6.307443649607108460e-01 -4.657536657116455037e-01
-2.504328603140071330e-01 -8.520355348694286235e-02
4.006119993351034414e-01 1.323332454815097314e+00
8.316014331378840385e-01 1.014546275719206303e+00
-2.225063751875353546e-01 -1.514803459967060784e+00
-1.423032175964164259e-01 -3.663637369846565184e-01
-5.535580747400405954e-01 -5.440443192749739865e-01
-1.280053253276507430e+00 -3.562651090422820355e-01
1.079413346198393686e+00 -8.879298576401718490e-01
7.118491835669049639e-01 -1.382032222780411601e+00
-8.893907795056412713e-01 5.656712695298898863e-01
3.725973413441599491e-01 -9.157229708379667488e-02
9.188545192426521291e-02 -1.502006718698347953e-01
7.710034214249689155e-01 5.958260429573557504e-01
-4.226421948635622483e-01 -1.019081822891150901e+00
2.268751123326113728e-01 -1.875964583774635333e-02
1.355989035857724900e+00 -5.612632012826335171e-01
-1.286551013055602377e+00 -2.056291896858783552e+00
7.457845646453634680e-01 1.323607193921643610e+00
1.092754804760288412e+00 2.121643327723891748e+00
1.115494224375635168e+00 1.053828486441402035e+00
1.204409524247882946e+00 -1.166752045872856969e-02
1.325692555858320354e+00 7.561129464152573088e-02
-4.623119851518781021e-01 -1.624990797691802991e+00
-2.304066248099566894e-01 7.498351846950052080e-01
6.799004016698353414e-01 1.083863951496916389e+00
-2.160063539849643721e-01 4.724149103426957819e-01
-5.505168819390037216e-01 1.496545207854787507e-01
1.730376622700896261e-01 9.075927777764767335e-01
-6.931625788127052656e-01 4.310579596781406037e-02
