-1.875808166759548534e+00 -1.308410130550933248e+00
-9.080037539094046872e-01 7.670444498316805193e-01
1.468203153575768916e-01 -1.563652578686304695e+00
-1.777217072745122417e+00 -8.830102802256325489e-01
-1.893397549251020440e+00 9.834060995885828271e-01
-8.156724364793238591e-01 1.146715044877247847e+00
-7.091301160365509615e-01 -1.136081439905648693e+00
1.316545697783950697e+00 7.501232571423424034e-01
1.623768119285237954e-01 8.010906709359784106e-01
6.342406984395534408e-01 6.351792249878137619e-01
1.966094869236828246e-01 -5.177757280359727154e-01
-7.616009286032506820e-01 -1.026823846797011663e+00
-3.930178246662170416e-01 -1.270739384295188401e+00
-1.451987473819983832e+00 4.009993925017233396e-01
3.022789079135057011e-01 5.843974180103359561e-01
-9.710776949775870026e-01 1.807928764945726963e+00
3.993168684120196321e-01 -1.057534921395285821e+00
-1.291035403760497635e+00 1.033624209192201215e+00
-1.775140742585479492e+00 -1.117512574541298598e+00
-4.897030755576725070e-01 -2.130963149145162772e-01
-1.377212943470463191e+00 5.555086628093531820e-01
-2.392769613592657107e-01 -3.078692943807278759e+00
-2.284415178151764647e-01 -1.168318919591353922e+00
8.152695345744775945e-01 7.827022733112233288e-01
2.690505298512131938e-01 1.770966505411593894e-01
6.391988777443270431e-01 -8.626325392097167200e-01
-2.639784045102971932e-01 -3.590736846486420886e-01
-1.669121069550683290e+00 2.104583188953168815e-01
-9.235590513347557984e-01 -7.766478238689655811e-01
7.669025493950364369e-01 -1.270262308246606631e-01
-7.512875569811006127e-01 -8.839169975642060528e-01
-1.125792872609131301e+00 -1.123771475872062942e+00
3.513963173274409768e-01 -1.357233592702816183e-01
1.659332071296900635e+00 1.578645849478569341e+00
-2.577871519696968594e+00 2.371447578310162951e-01
5.381963731547755314e-01 1.215273622733616721e+00
9.215475408381668121e-01 2.447020732619107797e+00
1.627203286410166538e-01 1.193081465389694618e+00
-1.946918273818205369e+00 8.924883442942503908e-01
-1.999732657611167586e+00 -2.024091504808969710e-01
5.074702019313075824e-02 -2.036370078866995854e-03
1.896949771746260449e+00 5.590956113884720108e-02
-4.902305025600784960e-01 1.408288545484537080e+00
9.718259681656566951e-01 -5.648977486502979595e-01
-7.902772573612552032e-01 -1.234404675686990194e+00
-5.756329709346110768e-01 2.475523119990041265e-01
7.189495357727330171e-01 7.483704238103815465e-01
-1.177138903257608504e+00 -4.942762229910528382e-01
-2.139149093708322125e-01 -8.512330738888309600e-01
-1.011771470616880997e+00 1.083280177588543447e+00
2.286612182572016760e-01 -1.475174906319201229e+00
-1.256591381833817689e+00 1.714731412501778463e-01
5.864677423784359078e-01 2.925115096249664148e-01
1.023217384511284633e+00 7.284466559486939552e-01
-2.607818501943204859e-01 5.341171826805332090e-01
1.628906749800112186e+00 3.950768081088602002e-01
