-1.049040995931742382e+00 -4.363905954624178185e-01
-1.917040680526939656e-01 -1.057378656720312948e+00
1.563005348256131910e+00 -4.124622935086922348e-01
-5.418158928400725882e-01 1.359522843194665542e+00
-7.737024633323499323e-01 1.594062922935578275e+00
2.630649617968403020e-01 -1.719696504976114537e-01
-1.054751845249204179e+00 1.782771340505725055e+00
-7.058780908528619058e-01 -1.517967021482433898e+00
-5.648977465668962861e-01 8.706806811010043834e-01
-1.506600648556098765e+00 -8.880024856473731631e-01
4.799626358103904478e-01 1.554582243916127871e+00
9.938545499815767958e-02 1.476320558883566780e-01
1.101781140752212895e+00 -1.093859566604185249e-02
3.597560925586423819e-02 3.659210780634807314e-01
1.536128225350591589e-03 7.523272573046451139e-01
-6.263822764109706898e-02 4.465777024462525557e-01
-1.335867455157824679e+00 -1.101965672508426142e+00
-1.942994125676627659e+00 3.035693663845622225e-01
3.827675851805643625e-01 7.543130784391273158e-01
8.554647231920016193e-01 1.395379567623177719e+00
-9.913371172474857995e-02 -9.850203109200766916e-01
-1.603814859916003199e-01 -5.986276283467046877e-01
8.126544675773824666e-01 6.772264574339954546e-01
1.706798453040173191e+00 1.174654682755162050e+00
3.257769973892173931e-01 -1.877946822937923144e-01
1.365238179629939097e+00 1.285796980590435679e-01
7.913709325411369955e-01 -3.711867015755502819e-01
1.092152603339684891e+00 -2.047500548470683412e+00
-1.823648269275256251e+00 -1.932780536177804542e+00
1.983433620522935481e+00 1.034701123337572470e+00
-5.223219500429504558e-01 1.242803897238069055e+00
-7.327264964332570463e-01 -1.863222299961955208e+00
-1.473406734199282989e-02 1.461520873112044649e-01
2.096793840228200756e-01 1.667737251328747838e+00
1.390004793636898939e-01 -3.274967164220303761e-01
-1.131206151529606130e+00 -2.967569581236680909e-01
-1.141827596743124396e+00 3.325290329263977385e-02
-2.009102246527568525e+00 -6.238185670975067154e-01
2.472143294575875672e+00 1.314435832442995888e+00
8.983819921521190022e-01 5.683128366060780090e-01
7.188806024151663809e-01 -4.769850760692269653e-01
-1.159179483542895017e+00 -1.747986796149530342e+00
5.843366174131370272e-01 -1.606161225129904280e-01
-2.142054365037504571e+00 1.371275400856668547e+00
-3.812775519125828627e-02 1.479123228693970171e+00
-5.361452293001455205e-01 6.735807087089592526e-01
-6.431676487835047418e-01 -1.307500896180814109e+00
-4.865358642265153466e-01 -7.401122746688230114e-01
-1.202689148653466544e+00 6.386551382362201101e-01
5.248498148654208162e-01 -9.261473008907648019e-01
2.504581619041494345e-01 -7.651849513528672375e-01
-1.958023919501480581e+00 1.169133150021291756e-01
1.213693674547982715e+00 1.434137666028861169e+00
6.659229354013814772e-01 -2.768477684813996920e+00
-8.520807642793331027e-01 -8.597105001170463057e-01
1.991099965374558245e+00 -1.104546604832641332e+00
