-5.955671826727358953e-01 2.015597547154925895e-01
1.165679001171332052e+00 -4.628617902349933533e-01
-4.558101414266409884e-02 3.284746778868304351e-01
9.696714682195093360e-01 -6.478962797667936480e-01
5.319202799563939044e-01 -5.753226689882877665e-01
6.293455675848967645e-02 5.094266022543045835e-01
-2.385824389383771837e+00 1.428204006853100172e-01
-2.326943601982244481e+00 -1.255886666700098298e+00
-3.137056634131164312e+00 -1.577218267102577176e+00
1.604660932132885076e+00 1.662095026597303793e+00
6.489495576662281939e-01 -7.934419150637510576e-01
-3.296945265950620291e-02 1.734951038227125153e+00
7.042867458531026914e-01 4.724283846984511648e-01
1.580960357239212244e-01 7.344919283335880900e-02
2.543746693185917618e+00 1.279309911255773091e+00
-4.476517306573257193e-01 1.060753975040395591e+00
6.405598987408482881e-01 8.360254281088244088e-01
8.451627216478561078e-01 -1.124213869577690206e+00
4.888261713733914604e-01 2.154349998084758577e-01
1.161836830634912499e+00 7.947974590262965044e-01
-3.567962796570329220e-01 -6.565869214464533643e-01
-3.979008133930717617e-01 6.708146725956408707e-01
-1.914990627340174001e-01 1.682956836310747495e-01
-1.239937853167724979e+00 2.071842179135780226e-01
1.651788482567545957e+00 2.140084633078516707e-01
-1.594543729189582537e-01 8.139234041043998946e-01
1.872557959691816487e+00 -2.102072239001077314e+00
-4.720606191891004721e-01 3.249875148163303140e-01
-1.288353498542544440e+00 5.961445611534689493e-02
-9.902989725820960931e-01 1.082152082755895472e+00
7.922963629396713170e-01 -4.156380525849729946e-01
1.280253763035351100e-01 1.248454211728496910e+00
-1.384528613661880625e-01 -4.800447628410836054e-01
1.330248903893192169e+00 7.116185770158102164e-01
2.170452170690153171e+00 1.922616610769081191e+00
2.564495753588388105e+00 -2.270518754319696408e-01
-2.261664815623499081e+00 -1.672257784159417282e+00
-1.501752701205313567e+00 -4.956743836945576853e-01
-1.528580800109474280e+00 4.228778274571404761e-01
1.254417384174026262e+00 2.937807175964775031e-01
-2.086699507102099727e+00 1.795501242821911231e-02
-6.188653390080558342e-02 -5.881994228312982242e-01
2.094751469685456335e+00 1.679440361686798111e+00
9.439990721438479282e-01 2.687820240384118931e-01
-3.240321949943499036e-02 1.228391985207386350e+00
2.312747389908093254e+00 3.850602134865120374e-01
1.511542859618181911e+00 -3.378945048253739758e-01
-9.024556670860255370e-01 2.714977662368794897e-01
-1.634211703187149700e+00 -9.637716720279608795e-01
9.178372629431782448e-01 -1.438800664541738827e+00
1.150575655679978437e+00 -4.274146681752941795e-03
-1.235939705576968528e+00 1.249490060797562752e+00
-1.061151083457239769e-01 8.060777710000898155e-01
2.054906311259173890e+00 5.177362236272921997e-02
1.531586049776420433e+00 1.227132563485412886e+00
-5.422037843105952382e-01 -1.735431328004196416e+00
