-1.640978398639211022e+00 4.994359519894179811e-01
6.701946754861909383e-01 -3.320438704491545101e-01
2.143397905187019725e-01 -1.107708225689448156e+00
-2.197080127606721334e+00 -7.887044708422426276e-02
1.598088062112232866e+00 2.381946854760766730e+00
5.512351970122043587e-01 7.575241319656890182e-01
-3.321320242380957494e-02 1.640664403059589382e+00
-1.030010288579856104e+00 -1.176840314238699614e+00
-6.691217998251368371e-02 -1.662054199734891879e+00
1.190220817933738129e+00 -4.608371749221945035e-01
-8.929560334503254815e-01 -5.712659521995138157e-01
1.440252029791897481e+00 -1.397338410494337879e-02
-7.758271475465596811e-01 1.706784297392148986e+00
8.654153225232897872e-01 1.417470620577750140e-01
6.231179188675626257e-01 -2.848931084076626874e-01
1.176688744592585323e+00 -4.079327761952727394e-01
1.086262309377503232e+00 1.339454082514986988e+00
4.968549322110004662e-01 1.212218321646361785e+00
4.713001292823461585e-01 -1.071172179114306289e+00
1.483103728683989653e+00 -2.138453657907068095e+00
1.195247722648701716e+00 -1.600445799063524355e+00
-7.773575690091573398e-02 3.471034793044741051e-01
9.878994476023015281e-01 1.004773406511722533e-01
-3.398324281969881677e-01 -9.426474099839113885e-01
7.652817729274130620e-01 7.845911619380361302e-01
-2.281393225923488977e-01 -1.709857130102273137e+00
-1.274059709935865259e+00 7.999875987300711921e-01
4.701920926344327900e-01 -6.972724407096084764e-01
-6.561016213610131320e-01 1.144725100782739480e+00
1.236130638631356637e+00 -1.922851427131058610e+00
-1.125560572699939588e-01 1.135218873337294099e+00
-1.726860091807138065e-01 -3.384163125591478360e-01
1.481125302039402403e+00 2.066655435860322854e-01
-4.223950204664953523e-01 -3.304996082272176339e-01
8.758009189017050833e-01 -1.186988836755088927e+00
1.208157540622717269e-01 -8.963191579337344006e-01
-1.947693388940636039e+00 -2.833462174186745508e-01
-1.034358241427467684e+00 1.027707493753363455e+00
2.104954325458264552e+00 -8.805135392306159825e-02
3.846124198817596485e-01 5.014184409838393641e-01
-2.437134867350488066e-01 4.058937045216736705e-01
-6.661450442196311661e-01 -8.043409599664198550e-01
2.805698023106639183e-01 -2.234564333765942379e-01
1.210939548230179907e+00 2.386286450150905680e-01
-4.263077224084992067e-02 1.386343716373295232e+00
7.338578726269435748e-01 -2.290270386604858377e+00
1.737217811070944640e+00 2.662015046594303214e-01
-6.171679174201838425e-01 1.365016007425758626e-01
4.165069762945566856e-01 -6.432965669031418532e-01
-7.708585320943016628e-01 5.379912665242140291e-01
8.921956929596263075e-01 -1.520555610235473809e+00
3.000922580411481411e-01 2.525756553464736931e-01
1.455903324673654353e+00 -6.376561624265952855e-01
1.959147774141502818e-01 -3.728052918676152405e-01
-3.841264852125499396e-01 3.392861127159436663e-01
1.179995359120618925e+00 6.853059775413540278e-01
