-6.707402299470567320e-01 -4.957375491073243157e-01
-9.126698451302976967e-01 1.454152953741131959e+00
-1.034070183349656613e+00 2.548984973214046601e+00
1.169309823864528974e+00 6.016377639751987472e-01
-6.486456324191633427e-02 -1.257491889313726852e-01
2.107811747485631493e+00 -1.665064819815299302e+00
-1.587178559012525636e-01 2.014694990509748318e-01
-2.584052944332177471e-01 5.812531530337559926e-02
4.710469110455674513e-01 -4.794340183366000430e-01
-1.035142534114107393e+00 -8.038472534000503655e-01
-1.330663045920511267e-01 8.064397069666690010e-01
-1.793218407112545376e-01 -7.716353554829892269e-01
1.105478923124788571e+00 -4.400882529465107162e-01
-4.357325531638290284e-01 1.514928899370291959e-01
-9.864866384658005360e-01 -1.990137716680116520e-01
-9.629418789582336879e-01 1.026802050614906703e+00
-1.118885125939822339e-01 -9.492064128732257133e-01
-3.677731806509181023e-02 -7.156489873230508225e-01
-3.242644565791008571e-01 1.355097165160167094e+00
1.721506786773998154e+00 1.294995106097911908e+00
-5.762357400573473454e-01 -5.313156353204051552e-01
-1.416168887687317968e+00 1.255670381505464617e+00
4.871302781689626493e-01 9.639126523122133472e-01
9.668057009924279077e-01 6.917825064237992372e-02
7.889575443141574329e-01 3.930130981443585303e-01
-8.784083624517233790e-01 2.226285616983614823e-01
-1.071618604225452742e+00 -1.203664163107256435e+00
-2.856368970700395513e-02 1.786741602262835515e+00
1.265677423877898278e+00 -2.776881927821843732e-01
-1.572054507014108982e+00 3.529152518660979010e-01
-7.739887500824416122e-01 2.289323118123696987e-01
-3.751370242782003372e-01 9.218966132132105917e-01
-8.608687851200401697e-01 -1.040061346638007533e+00
3.662500374280905358e-02 -1.076074667194644618e+00
-5.400373328394225680e-01 3.610880270857364516e-01
-1.614684906435842338e-01 7.540196850357785419e-01
-1.071622988795214226e+00 -1.603051820708144004e-01
-3.417947152603835748e-01 -4.032517535653798446e-01
-4.937428509960656853e-01 -6.857353778696350100e-01
8.961368801006539542e-01 1.061836411492679266e+00
-4.751228388743765629e-01 -1.299877589074391326e-01
3.911315718904467276e-01 -2.594160472918171090e-01
1.563382892034793636e-01 -1.370992799479745727e+00
-4.841679661619934794e-01 -1.434042064078202783e+00
-4.086220174390218229e-01 -4.629360641300567236e-01
-6.465112108405101088e-01 -2.823638816034229268e-02
-1.797492719693288610e+00 -4.295573972805134810e-02
-5.986457421911208776e-01 3.488857377690643968e-01
1.129644319664084406e+00 2.764925208191606476e-01
4.430221345819851386e-01 1.923814818623583722e-01
5.973151715110088661e-02 7.531043141237236949e-01
-6.118922477555960304e-01 1.594851934162199614e+00
-2.191170799366386923e+00 3.955848827628017927e-01
1.576011471979152367e-01 1.429298029548667692e+00
9.172697216075286208e-01 -1.196912352406360736e+00
-1.174990438419615923e+00 -9.394838014811627280e-01
