2.008902657817350335e+00 1.145417633830990489e+00
-3.850155741577539481e-01 -5.433181333087530041e-01
2.164493677363768853e+00 -6.779366596332593309e-01
1.243292106815055531e+00 -9.652127097615398332e-01
8.323099988468033450e-01 -5.464852161119463370e-01
7.638539253766183368e-01 7.769248315682822925e-01
1.681999334895865061e+00 -9.378978982814868415e-01
-4.599278552183513891e-02 1.642452157739159535e+00
-1.151806731274509943e+00 7.619532645259116110e-01
-8.470699236152144929e-01 -6.166759071658501901e-01
1.291910003218205427e-01 -2.454357726805472539e-01
5.733902184945111058e-01 -4.691780973852373027e-01
9.041715155183451813e-01 -1.578522501715230009e+00
-2.713441308568730892e-01 -6.705355897307802016e-01
1.129717896218813550e-01 -7.123825433693150577e-01
-1.852214206494905424e+00 -1.230917599118048322e+00
-9.554473572065883547e-01 -7.108156816647627496e-02
1.020491106540225568e+00 1.034112989888560818e+00
-1.416837817248368103e-01 -5.259588691811602212e-02
2.469487298990278301e+00 -5.526007629914022612e-01
2.930225676949346769e-02 -1.769441547758894506e+00
-5.581930381290906018e-01 3.538841249253245613e-01
-2.096950524287944262e+00 7.311355837807977098e-02
-5.771466839151523365e-01 6.370030083914926533e-02
-1.766085263577477429e-02 5.441410346324782044e-01
2.000730156505028112e-01 1.086682992201725595e+00
-1.792102930751940049e+00 3.381623555552190075e-01
6.729718137169614367e-02 -6.937614328461183533e-02
-4.978225672450427575e-01 4.496313767581301968e-01
-1.580013069731388997e+00 4.181685674485290383e-01
1.142183770160903750e-01 7.149942197686516288e-01
4.393131523655965376e-01 -2.846376073098886850e-01
5.804455009896225537e-01 -6.026933119523593119e-01
8.131436078548978652e-02 -1.826613572917502148e+00
6.740977786241219016e-01 1.584186910253792435e+00
-2.177818070127605643e-01 -8.091994476814863280e-01
-7.995895876044070150e-01 8.143192696980398881e-02
1.666428894326430488e+00 1.212357949267598878e+00
2.321684614565800164e-01 -1.653363923375795741e+00
-7.599306916961640068e-01 -3.939055613289503266e-01
6.653035727666047894e-01 9.896434728549049487e-01
-2.990555317663099455e-01 1.648808570012120223e+00
1.647905782009653208e+00 -2.604397774046252056e-01
1.491237636442161119e+00 2.499969279841274261e-01
9.308131372294785322e-02 -1.184147285586189813e-01
-2.428812612108346425e+00 5.426081825521504864e-01
-1.182765249872342883e-01 1.012000183540418874e+00
-2.023136247801059273e+00 4.444271733949157754e-01
3.486868176549860476e-01 -2.040506129649650724e-01
-8.512032744955487784e-01 1.073989875324470988e+00
9.415964939982447435e-01 -5.186338489215911451e-01
3.972228854727938852e-01 5.539474434536243441e-01
-7.804572349568631440e-01 7.957810595740556492e-01
-1.778508828678001252e-01 1.429703147128954077e+00
1.030773156254378708e+00 -9.119425895407323734e-02
3.381998090897149756e-01 -1.573464128443494259e+00
