4.242221951724899909e-01 -3.478485163996534735e-01
-9.232303569851243452e-01 -7.204928074504058921e-01
-1.593545713532434016e+00 1.990047226961443760e+00
-2.947459300096596513e-01 5.092002504221687653e-01
-7.804575793731231836e-02 8.742431126937257879e-01
7.349705171541568438e-01 1.511115770733839347e-01
1.137235176255346536e+00 -4.665643031682975006e-01
-5.713812155730612075e-01 1.009813166326976042e-01
2.509923211568843016e-01 -3.228449663770803502e-02
5.905262510434182710e-01 -1.372811845685138810e+00
6.053431681053444979e-01 1.200822706324041977e+00
5.923899157604086696e-01 3.146516141193293148e+00
-1.893376339896082783e+00 1.874678137218282581e+00
-1.823888589589760967e+00 -1.483490488231219429e+00
6.188585245844240301e-01 -1.304291005133758063e-01
1.114476575246555745e+00 -3.447680873341875674e-01
1.403141228981491295e+00 2.663106996936690507e+00
-5.085511387506049807e-01 9.474830641378106932e-01
8.421462799146459677e-01 -1.346887119275276490e+00
8.095494794504117797e-01 1.441621056474078788e+00
-4.839341920525337959e-01 6.480545209830690379e-01
6.249819534523162190e-01 9.635124719766884338e-01
-1.146486650801527230e+00 -1.147645480624636949e-01
-1.034630138508235930e+00 -5.304220566948336657e-01
-2.568222860941533625e-01 -1.716153539671468664e+00
-5.717663090635966006e-01 1.155134766688155956e+00
2.956203335079825578e-01 -9.504474061381376626e-02
9.452042177962829417e-01 8.079270903441797547e-01
4.285591700645468571e-01 1.785529396854924178e+00
3.776574876420650262e-01 -2.670161924276872809e-03
-1.086533248579529820e+00 -9.055311747945128387e-01
1.672420147931785062e+00 1.165289805405166357e+00
1.206413961970131066e+00 -1.020684967471455762e+00
8.130405212321448749e-01 6.976450936929747826e-01
3.656438878185516717e-01 1.099829430785803419e+00
-2.418871302826477998e-02 -2.868325305579629836e-01
1.320400026903172153e+00 -2.178901896256801307e-01
-3.897982795203262518e-01 -2.551688902736362063e-01
1.291881265843274618e-01 -8.150947474773901913e-01
1.583067079003375399e+00 -4.010261606801774903e-01
-9.232947379022337087e-01 6.747869576432777849e-01
6.331748191165808004e-01 -6.687493254812483245e-01
1.175508631130472437e-01 9.814399053211378954e-01
-1.977971176317431468e+00 -4.749768445621418422e-01
-3.086139633079236777e-01 1.133144279329611814e+00
5.782057782980847271e-01 2.117206411525101584e-01
1.314891645622700000e+00 8.254306901467687307e-01
6.499796653313294481e-01 6.148435991372246390e-01
2.612923415442031105e-01 -1.277232023191719135e+00
-1.163908229217596596e-01 -9.527812038233340886e-01
7.862130701257956378e-03 -2.547835779054384631e+00
-2.970429240069517030e-01 5.391792654501231796e-01
-5.458074338543604867e-03 -6.951087626642711292e-01
2.236733176230721210e+00 4.990098734018334065e-02
-4.979613587424278759e-02 3.828034346132053733e-01
-7.333544787667756193e-01 -5.308704057762654305e-01
