4.261849119426466825e-01 -7.225063184911231229e-01
-2.035297564522718303e-02 -1.482170312533459100e+00
-3.521078339223109310e-01 -4.618123740728086735e-01
1.268567740696745272e+00 5.327451695366175466e-01
-2.565068890497254062e-01 -7.405645184016739213e-01
2.336444988138323409e-01 6.438885283265968207e-01
3.201784947027020434e-01 -1.580347739117272221e+00
1.493672566846935723e+00 3.758637119209268795e-01
-5.674574881482533639e-01 1.652625641798058931e+00
-2.060461472866010890e+00 1.079370339982033827e-01
1.150940953223622554e+00 -1.184419312370887045e+00
9.242568426938843063e-01 7.971811257769234604e-02
-2.071114654757205686e-01 -4.862031508160135074e-01
-1.746790050364142699e+00 -1.408699143707735191e+00
2.360380060218363607e-01 6.365476199762373777e-02
-1.428310601268984181e-01 -1.158614968335392348e+00
1.418058189381671275e-01 1.261166174111278959e-01
2.641238511773163822e+00 1.378504075460097900e+00
8.528319338567097452e-01 -1.387631736321051079e+00
1.157467241468375541e+00 2.799872065980097968e-01
-1.581631596998210654e+00 7.577502342937985080e-01
-1.042969128310555105e+00 -1.221415901968774920e+00
-7.341080722047680363e-01 -1.018285046496325119e+00
1.209655752738785450e+00 -5.426367876142408342e-01
-3.300142440212264772e-01 9.880614952431744369e-01
-3.666741482838092314e-01 -1.316272296680691234e+00
6.809119829385170686e-01 -1.555311935139251700e+00
1.771618464113392521e-01 6.667819435983255438e-01
1.928346146653369342e+00 2.896024941892958587e-02
-3.875560998061035045e-01 1.122532081907706258e+00
-6.458105653931576207e-01 2.445078033206986301e-01
-2.410566433470662795e-01 -1.259790984738577313e+00
-2.122210498219932739e-01 6.719189814027621832e-01
-6.332984786025069868e-01 6.058712240637879193e-02
1.622862781262989218e-01 9.340562812497444911e-01
1.303623137103583352e+00 5.108942222622462337e-01
5.907730762294585158e-01 3.387743793145683857e-01
-4.765190123948562229e-01 2.363984469380056908e+00
2.096204604258339543e+00 2.079838742615376823e+00
1.298938656243247447e+00 -1.746124405120400569e+00
2.934832478666326572e-01 3.574058956049251945e-01
-9.886583035329893354e-02 -6.331426648564083548e-01
-6.839098739295271789e-01 -1.262881475905123674e+00
4.049379336662129597e-02 7.424121187819157086e-01
1.287443222769170947e-01 -6.676426265491416379e-01
3.379097387600851765e-01 -1.609595911311811622e-01
-1.049498302796470828e+00 1.360563120689469940e+00
-1.092364635890995972e+00 -6.028373176351572438e-01
1.944836154710050335e+00 -7.730358274920097195e-01
-1.032184763680105144e+00 5.084678779716562680e-01
4.679597710039763020e-02 3.536938557350254309e-01
-1.513767533545116617e+00 1.431808367071190080e-01
-4.643964646098348026e-01 -1.926175505876754013e+00
5.423066851727573745e-01 1.113789486932020845e+00
-1.812715721327061436e-01 1.245638956808880149e+00
-1.178158437079540599e+00 -1.339568642242233043e+00
