-3.014352797010778073e-01 -1.172794477570107574e+00
4.015320229153416798e-01 1.145984133715761466e+00
-8.291911761070592801e-01 6.159305443556916115e-01
-1.259252893393418282e-01 -6.193650033870924387e-01
-3.035424288621199618e-01 -6.034691636625298949e-01
-5.178098663005620272e-01 -2.362691779709721884e-01
-1.194467966193039521e+00 5.017262720590438541e-01
-9.301569261651150278e-01 -6.656082786203443291e-01
-3.775280441300429835e-01 1.598019174401431819e+00
-1.452793310763397461e+00 3.740296115900992868e-01
2.324611947545481005e-01 3.657360225396414366e-01
-4.113292844049520891e-01 -3.029914582811499724e+00
3.154304719710450122e-01 -6.936104320280513102e-02
7.589918566681971290e-01 4.910584055739264930e-01
-1.185607360486744533e+00 1.749337068705850706e-01
1.424380331121762655e+00 -1.783868878137031988e+00
-6.583133756684302583e-03 9.015407798557112384e-01
8.980915550930232971e-01 3.446915295584948580e-01
-1.106207854909301708e-01 3.740223326628593081e-02
6.104591383027759832e-01 -1.452563938223538909e+00
2.247627873491425954e-01 -7.851579979274331267e-01
-2.559825192837070773e+00 8.516548307370870319e-01
-7.797380802279822720e-02 -2.500995776328447939e-01
-1.220804259621001364e+00 -1.724145473915419946e-01
8.304499376403812194e-01 7.295664271532750211e-01
-2.769195365273631748e-01 -5.977666570564528215e-01
-9.211885971667540529e-01 -1.634096928950226901e-01
-5.141134089503278659e-01 3.172298524593705760e-01
1.261188135551188028e+00 -1.207278969053765971e+00
-7.299593118200405073e-02 1.635028799852315418e+00
-1.612226875042557239e+00 2.430360892928175032e-01
6.414770972067528332e-01 1.097387561984261461e+00
-1.394426573434201622e+00 -2.645393933278878396e-01
2.054522566200508216e+00 -2.343953810930990145e-01
-3.864611319344817275e-01 -4.091090557030187536e-01
1.255469985304638603e-02 -1.552679046725325085e+00
-2.735468255738426890e+00 -5.741942306604688184e-01
-1.392129231878502571e+00 -1.633073836970101667e+00
4.379902850449118867e-02 -1.047690017959728603e+00
-1.035302401919745208e+00 -9.788016857658327075e-01
-6.656711847947336391e-01 -9.790410501310913283e-01
-1.757830725837142005e-01 4.183149849803217690e-01
-9.624022135067231698e-01 5.187868431947846304e-01
-1.843923497656443367e+00 3.525515716300993141e-01
-1.529668674850623189e+00 -8.079770811893177695e-01
1.477170523785061196e+00 -5.895712809789825926e-01
1.307681003271407572e-01 -1.261004894884375727e+00
1.305334590446173060e+00 -9.094370019004855907e-03
1.209401346291619106e+00 7.741827996850202398e-01
2.241772922627089104e-01 1.982078962057427507e-01
-7.911403571933405265e-01 1.968500369179800313e-01
8.625708582598935470e-01 8.012642140373752442e-01
-6.001900034241581805e-01 -2.772561512055441227e-02
7.694072519256260900e-01 -7.525550220720969019e-01
-6.652800171885817626e-01 -8.809993705323966307e-01
-8.636118628773810091e-01 -7.607440751926540790e-01
