2.350646514919850549e+00 -3.091876748866057012e-01
-3.962085468693727908e-01 -1.242720770550600040e+00
-3.949249376371774534e-01 -1.489817732708808684e+00
8.942254050824473000e-01 -2.226737098111229995e-01
1.096492334611062880e+00 -4.196472166997732289e-01
1.507076180543108324e+00 -1.818922231707787995e-01
2.012281468370220039e-01 -1.357827849214414684e+00
-1.144906355193704983e-01 -8.666043814940709300e-01
1.368896634085507547e+00 4.592414585397192606e-01
1.269049991300343350e-01 -1.539331535610699297e-01
1.490673847582388301e-01 -5.500598502251533573e-01
1.175378745442750228e+00 -2.831966735922818224e+00
-4.995245279432365404e-01 -3.139479790648275759e-01
1.373227657198415441e+00 1.306005960586945180e+00
-6.497477697344850034e-01 -7.313883352772106994e-01
9.919999641754407849e-01 1.439674046367972027e+00
6.720834395023694841e-02 -8.699580190957419967e-01
8.024144712325216311e-01 -5.996238155166335737e-01
-3.645088969588462513e-01 5.046007712966258524e-02
-5.934360734469488335e-02 2.923327056412159952e-01
1.179512988742348334e+00 -2.073641525209782621e+00
1.425135922948038703e+00 -5.156903377359871440e-04
3.282770853978385084e-01 -5.718396647590109350e-01
-8.934083359617947528e-02 6.189302241345575606e-01
-7.875828803661938382e-02 2.221572332537790295e+00
-7.749052524750139614e-01 1.901441626561518050e-01
-1.328000637288971886e+00 -1.415307572293957206e+00
-2.757315429913067550e-01 -1.698109461526453812e+00
1.246536998978274059e-02 3.801873439107293917e-01
-1.110217067895605147e+00 -2.387693515943126732e-01
3.625607105089231896e-01 6.037200314173046811e-01
6.515731675574349957e-01 3.475878754996042930e-01
-8.361008198639920952e-01 7.040530990854956261e-01
5.676618975710145260e-02 -5.568820186109979531e-01
-4.540575511316959911e-01 -3.663468766189924564e-01
-1.845549443190476424e+00 -2.174585629670885978e-01
7.405838265468953630e-01 -9.394235105314652223e-01
3.923005465598524144e-01 1.656075928191763288e-02
-1.160434925747299284e-01 -7.457063189186118324e-01
5.589349101219505123e-01 1.127410645139817202e-01
-6.473688520559081061e-01 6.100799599123903905e-01
1.159711825774523142e+00 6.187603069892352314e-01
5.945857412682652443e-01 -1.620287532318368529e-01
3.612888832661109717e-01 1.340004891837904610e+00
-2.443286019296901035e+00 -8.497208674799872075e-01
3.366657336773973969e-02 6.022796496418891810e-01
-5.183724196669009521e-01 1.056943634155065537e+00
-1.200508871495280239e-01 8.579470729567845177e-01
-8.430476222387249807e-01 -3.987772179359535540e-01
-3.366194820678098942e-01 -1.122848705741086528e+00
-3.966618857637889684e-01 -1.842595548173855124e-01
4.052960627676978622e-01 -3.136409682994595882e-01
1.256709295706138318e+00 1.454847835671936540e+00
3.730658605864978217e-01 4.695363181597789898e-02
3.487490102866282471e-01 1.754044866939611147e+00
-2.021059493574944632e+00 -1.682352269307079151e+00
