-7.984347532343936127e-01 7.641223343651124544e-01
8.283124840321649529e-01 6.209606583143967296e-01
1.282351235926524113e+00 5.598577773941466607e-01
1.038500431021257109e+00 1.171695296557500710e+00
7.820463381961298976e-01 -1.189308386577386800e+00
-8.302577925217972110e-01 8.220907212850797618e-02
2.585006826946368297e-01 -3.278724688084770356e-01
1.097115831465429903e+00 -3.240210480825475026e-01
-1.115258997668319152e+00 -1.844808855937331016e+00
1.373604232143194270e+00 6.656495971551450452e-01
-9.522841087766313883e-01 1.535371320629870806e-01
-1.471037409016922259e+00 -3.704734816845711154e-01
3.249846225489844143e-02 1.480600652557177099e+00
5.033650825234154969e-01 -1.416465202767476672e+00
9.014826080170759148e-01 6.610151869247937739e-01
2.124664772373924260e-01 -2.579718691903483130e-01
4.234170049669839231e-01 -9.389470806131030578e-01
2.591731311473014499e-01 -1.011936673098261297e+00
1.183096818281971885e+00 8.293037766777023867e-01
1.533101442069588982e+00 -7.924610357177420683e-01
-8.940620365657012680e-01 9.681389574595815339e-02
-5.252679140197568097e-01 -2.249053397948541644e+00
1.675940078994985483e-01 -8.709059766016643556e-01
-1.186382929145991305e+00 1.196847974721979568e+00
-1.466753212554192387e-01 4.789299079503736567e-01
6.428032123009388421e-01 -4.552711137450036194e-01
-4.621489814975190957e-01 -5.572994897881538012e-01
-2.918730939965822335e-01 4.082680809002964817e-01
-1.698588787612759499e-01 -7.074851189514270722e-01
-5.778242740297211411e-01 1.207746695665428832e-01
7.149196321420495104e-02 1.085821786317073379e+00
-1.222287541170515635e+00 9.023229550967356571e-01
7.001696123616196754e-01 -3.677245771239196631e-02
-2.719465022948573327e-02 -9.890981421985860500e-01
-3.362819825303467458e-01 -9.570187924107128596e-01
-8.126920676045544800e-01 -2.525865606660110951e-01
-7.919730908431641403e-01 -2.794357097226653486e-01
-1.131439697421842805e+00 -7.303197455174656461e-02
-9.564420914426511322e-01 -3.622197385294702032e-01
1.056323047323639797e+00 -1.915249697022322617e-01
7.571150546522491531e-01 4.105078727340635836e-01
-3.442043970123253027e-01 -6.952002226142206531e-01
-1.008065459564691846e+00 1.290411234627770076e+00
2.379930109397300431e+00 1.207175488083149562e+00
-1.479350437975275545e+00 -2.009595243073611648e-01
-1.259566641223240691e+00 -7.155671023975365141e-01
-1.069361051487096814e+00 -1.387232712947643332e-02
1.637602990656745749e+00 3.560865744028454682e-01
4.184473028518141402e-01 5.231618480324675691e-01
-6.744112684341286856e-01 -1.122113700835170480e+00
8.319668571231197962e-01 1.234886586102253103e+00
1.736147677386065569e+00 -3.240955939289705268e-01
-8.491455074657445756e-01 -1.376612306940802943e+00
4.609959847030231095e-01 -2.296835906696243157e+00
2.154258815196527177e+00 -5.068576668698465681e-01
1.047074590725240117e+00 -3.743826839997264067e-01
