8.353681783746156331e-01 -1.274775662043727831e+00
1.169731935496910014e+00 -4.840420255166644203e-02
2.130216505347770184e+00 -2.385933965165151216e-01
-2.100650084966060760e+00 1.192530574332048898e+00
1.186799529945542497e+00 -1.756062885245314620e+00
2.026601925952602912e+00 9.336697039539987308e-01
9.450627146665899550e-03 -7.636191405123665676e-01
1.265642063729389255e+00 1.793890131072069627e+00
-1.092194982129074843e+00 1.076328844204679225e+00
-5.727036402533943749e-01 1.411408803466390083e+00
-8.785493807858986148e-01 -3.006371549547959821e-01
9.758043112973978639e-01 -5.108621764201182192e-01
1.151662907183744755e+00 -2.624377917670769333e-01
5.055091178571841093e-01 2.627420659835988381e+00
1.227644495173208616e+00 -5.990524352974303801e-02
1.237751571032404546e-01 4.464417887948806118e-01
-7.667516387038764147e-01 2.325755443371552711e-01
2.532306642932385277e+00 -4.833018281820152806e-01
1.013341277067662638e+00 -4.172763878797907666e-01
-3.456887631780633519e-01 1.204547942448012332e+00
-1.150789213960498830e-04 1.002145684005058879e+00
4.745132277715147784e-01 -6.055996229830614697e-01
-9.032466142586457192e-01 -1.359877199564444972e+00
-5.737619944109241255e-01 -6.528938308181717609e-01
-4.251345908184184230e-01 -1.211095750959058012e-02
-1.003368913847550337e+00 1.031002676586948219e+00
-9.669189017659108876e-01 -1.090026462838534993e+00
-8.677575239837400645e-01 1.494465949328984244e+00
2.697830194031325401e-01 -6.552979403050608331e-01
1.783083415722129583e+00 -6.487040031256385841e-02
1.188555906767693182e+00 -7.301938187965545390e-02
-1.516637618707198099e-01 3.093830265983349981e-01
5.758141249353365687e-01 -5.303033809186644687e-01
1.197744477631177418e+00 -1.056298348554371547e+00
-4.675378377031398913e-01 7.712500048712933598e-01
-1.805715548457940356e+00 -1.278504630507291129e+00
1.750078453823138203e+00 2.345228802672351676e-01
9.816579338079379768e-01 1.124907492175220847e-01
-2.351157191207178698e+00 -1.067613096033717568e+00
1.156445931794690685e+00 4.505747614295571579e-01
-6.016738828366058334e-02 -3.477626217267278941e-01
-1.345486845060947845e+00 -2.886312783966973883e-01
-7.568333513734794016e-01 -2.948941054178327859e-01
-9.498193646226836817e-01 -3.150288058639151845e-01
-2.816354553720989418e-01 -2.323377233997426128e+00
1.231693735506002030e+00 5.988133891732192460e-01
1.461218303159998178e-01 -2.106677532064378522e-01
-8.862430979568167722e-01 -8.714475265990718755e-01
-1.044478070073943776e+00 -2.651430718840819822e-01
2.854675123181615315e-01 2.468077183769957994e+00
-7.086305207286748287e-01 2.260173241965296453e-01
8.966233570610360193e-01 5.189148102347940217e-01
5.076917022897881049e-01 -8.792687067915331278e-01
8.081950987724890734e-01 1.567529267452348329e-01
7.916198765839335127e-01 -2.210913568076760746e-02
7.435577853483359423e-01 -2.096280100796168444e+00
