4.422248835419161361e-01 3.502448601766820491e-01
-2.074148651307966273e-01 -1.225581597216551355e+00
-1.787600838531069103e+00 -9.601499927112551458e-02
1.662362019573554672e+00 -9.573206040622035395e-01
2.951849223149644041e-01 -5.849425599839416234e-01
-1.599990696549049130e+00 -7.183759890553955696e-01
4.133462937839176843e-01 9.173814294348324738e-01
-1.753337907548437657e+00 -4.583566032375972488e-01
-3.181443477548696053e-01 7.900541191074444969e-01
-1.530792684203900356e+00 1.861577657554916776e+00
2.549216038994441824e-01 -9.702725435754986361e-01
1.062614459840335090e+00 1.736260138366213956e+00
-5.437084106337658485e-01 -4.891685469282289755e-01
-1.981957256900305359e-02 1.350443608383000038e+00
1.457714727160497992e+00 3.997685787061318607e-01
-4.122315122372069429e-01 5.172231202076917889e-01
8.041356878478175263e-01 -1.963439925482518833e-01
-1.289451050647166364e+00 -7.929382442334982350e-01
-1.042776219561481588e+00 -8.815497514873161800e-01
1.053788085148129383e+00 1.315397712652306983e-01
1.238569191987191065e-01 -7.648469577979482015e-01
8.122450282406408484e-02 9.238772015050015218e-01
-2.227299501061641152e-01 5.783496970167558704e-01
8.295298360012358652e-01 7.933570936630072179e-01
5.747241901931737784e-01 -1.371290635235481226e+00
2.237534503514866380e-01 -9.439661894929336494e-01
9.012982734748270497e-01 -4.666967364214982261e-01
1.369616668870068832e+00 -7.973032228672694011e-01
6.452610399947248387e-01 -6.213725928334659088e-01
1.677773729470940778e-01 -1.698890353152436323e-03
-2.083745017714429437e+00 -1.722365421623707205e+00
-2.324801688518986165e+00 -2.493596387974879480e+00
-1.193875406171104991e+00 1.447101814676068132e+00
3.029730127773058723e-01 2.413401585264377258e-01
-1.098680747393603774e+00 -1.510409220462502811e+00
-3.570344712556239863e-01 1.236460426604570229e+00
2.715605627831638724e-01 -7.266439978960981261e-01
7.321234257255498923e-02 1.101153666123066532e+00
-1.438570929591744818e+00 1.460797809584073736e-01
1.795139458926106324e-01 -4.696828937506554724e-01
-5.605372182645537715e-02 3.501392191809049592e-01
-2.995120672445280019e-01 9.255392310604304562e-01
-6.318850100650632573e-01 8.636719097578794413e-01
2.278187128223338576e+00 -2.583304189524640582e-01
1.167683974819959114e-01 7.593219969502751354e-01
-1.939598526155946745e+00 -7.984956291293365815e-01
1.101581151647700985e+00 -8.265376763993491638e-01
-8.775881603302297940e-01 -1.401224650117212922e-01
1.216661075088390165e+00 -6.238847416980554117e-01
2.043275474207488340e+00 -8.776842726639477732e-01
1.294434384027260077e+00 4.118098142142991858e-01
2.422645343973080845e+00 9.642458648850098235e-02
1.641025604695404594e+00 -9.887500851567377902e-01
2.144548870500659010e+00 -1.209951237502491450e+00
-7.053111432135732439e-01 8.816552170934952581e-01
-6.016987717348061260e-01 -8.322851961533125342e-01
