6.382753054042215046e-01 -4.219229507666774626e-01
4.962691349234947813e-01 1.569184672445071704e-01
-6.440040806707247878e-01 2.139355438837859058e+00
1.800689311962099470e+00 1.871890814015411353e+00
-1.932550789610844033e+00 -1.575344587378990635e+00
1.008330477500719684e-02 -5.571261776149578626e-01
9.232329452450893648e-01 9.803923997381639444e-01
-1.004021516438272643e+00 -2.661461590132161437e-01
8.929351738369878388e-01 9.137371976172331545e-01
-1.940272815009851104e-01 2.554972003188222263e-01
-1.157948859002738917e+00 2.895510395020333694e-01
-5.212718078899359897e-01 -1.856614977554892909e-01
-1.347595948641700625e+00 -1.288374016902679831e+00
-5.935597640135330533e-01 -2.113289544353260219e+00
5.110948215972849207e-02 7.280643796225495512e-01
-2.021519781240030400e-01 -9.639075419576871306e-01
-7.842610717387874519e-01 1.232405621173004340e+00
8.234775272972821858e-01 -8.849064814195084505e-01
-1.673482837839127546e+00 1.083448171455469122e+00
-9.528573709208536524e-01 -1.391836901923866776e+00
-4.858285165448094634e-01 8.010953837422761792e-01
6.926579410032779327e-01 -1.587515500454751871e+00
-2.171463012890335609e-01 -1.866061918996908986e+00
2.612624580704608120e-03 4.692060765948020129e-01
-1.949605720417836086e+00 -8.664460479397881887e-01
-5.633877149656401073e-01 1.162132406262221807e+00
3.301272404792707227e-01 -2.146407714471402883e+00
-9.063327485233567682e-01 4.159233222438196709e-01
-1.222505911680755508e+00 -2.723919213150631791e+00
-3.091787282406741055e-01 -3.786579691310049678e-01
-8.898853695654435070e-01 1.046760388565150635e+00
8.851738654904243164e-01 -1.348240915764947534e+00
-2.506624233120018919e-01 -1.412024552622710871e+00
2.301302999896121193e+00 6.668813305391235735e-01
2.266523199092203567e-01 8.897289076851930822e-01
-1.742103747279244885e+00 1.026509915566535369e+00
1.773744989679126582e-01 -2.985260327627488608e-01
-3.423643783508699912e+00 4.122398619387647178e-01
2.299410685420312517e-02 3.643977619381670863e-01
-6.429764931356953817e-01 -3.052562448092960290e-01
-9.868114665923950479e-01 -5.881257915085305044e-01
8.376742779665451444e-01 2.684066232861568313e+00
7.111917517949499778e-01 1.318564200681583698e-01
3.544065803929613567e-01 6.940247903769544702e-02
-3.515348751102929103e-01 -4.456170507087325178e-02
9.379958638069672838e-02 1.288710060718925021e+00
7.242910950834935413e-01 -4.265823467084074450e-01
6.182590172488116043e-01 -2.175726586645741756e-01
8.956275049687656420e-01 -9.942317051763681010e-03
3.037263891410054706e-01 -9.009884732468587121e-01
-6.525538522703474564e-01 1.604988035047892669e+00
8.985014253959445751e-01 7.197717305629783846e-01
1.331569808243687536e+00 -1.199668245132382127e+00
5.069354560072605181e-02 -2.727193116690785901e-01
-4.129643041177585294e-01 1.618062310135413850e-01
-5.649280099523738136e-02 6.617240347327204564e-01
