1.909060233038236243e+00 6.563813528577490120e-01
6.215385616013752168e-01 1.115842385388741143e+00
-1.073859372794449651e+00 -2.878201997730285844e-01
-1.877270624145612465e-01 -2.152029411669814651e-01
7.831862990380006329e-01 -7.378525101182300538e-01
-2.217871337500922357e-01 1.117329198611192620e+00
-1.686733345310083232e+00 5.110721505812650944e-01
1.601563088616636321e+00 -1.385246954422458598e+00
-3.506829966001238086e-01 6.907349798563334753e-01
-7.562831895135286864e-01 7.121907231437278885e-01
-8.138977425096922680e-01 -1.121148286872292177e+00
-1.048849495416760647e+00 -4.491920758190059981e-01
-2.010543242971055466e+00 2.658258144042461524e+00
9.670692256389121777e-01 6.260204913210324351e-01
-1.171209405158945283e-01 -2.824045665634103766e-02
8.162790374946959915e-01 1.018629604246826109e-01
8.140410906448233286e-01 -1.831020902246006887e+00
1.840251722311974536e+00 3.099407042167115378e+00
-1.154990386154919113e+00 2.477504349277261375e-01
5.654421998619154621e-01 -4.292335516821350061e-01
5.867397783750113449e-01 9.672470496389007355e-02
-9.774371796891531128e-01 1.863778378585650763e+00
4.523086673882925068e-01 4.120609896815754514e-01
8.175104363772804916e-01 1.090865700694979346e+00
1.814683781533405760e-01 -6.338626640526924261e-01
-2.144272458336173859e+00 -1.890305300777659070e-01
1.439432030338777091e+00 1.128903853047570127e+00
-7.439932096500960768e-01 -4.608037708381119701e-01
-8.053420508356488039e-01 7.480952268570920105e-02
6.557581786963426751e-01 -1.347928817193710938e-01
5.997871338881871628e-01 -6.456985355084938760e-01
3.375415575049019179e-02 1.897866978892296941e-01
-3.095606156365443007e-01 -1.183408840753083169e+00
-5.206805125058419081e-01 -5.544771578715471660e-01
7.033306964807318762e-01 -2.865712303101712877e-01
-3.837964663583359748e-01 1.153175768723060601e+00
-2.348833975280588682e-01 -3.517225406262809440e-01
-1.125265183588521206e-01 -4.505476470709726122e-01
8.589866354880999477e-01 -5.028947866341539896e-01
1.251582735168407512e-01 2.775207286183270505e-01
7.795864896026648283e-03 6.189162066157740671e-01
-5.126403152216403303e-01 -1.458112150926218931e+00
-9.268981072844574287e-01 -1.147167914460604787e-01
-8.889740183456229516e-01 3.437108364186166470e-02
-1.095007341034043291e+00 8.685636518644640480e-01
-1.764833196927212855e+00 -7.395419171946830961e-01
6.711016992060495623e-01 1.754533241794444254e-01
-3.694496970682287773e-01 -1.585714744619883265e-01
4.799528357365672737e-01 3.460871139947786501e-01
-1.555660286398042436e+00 1.323351033502061957e+00
1.375511075045855236e+00 -1.207584846478995777e+00
-5.257627743082392557e-01 3.210493368590054408e-01
2.285161150811139963e-01 7.387443372297438637e-01
-1.484049009796226636e-02 -1.643366452870446803e+00
4.885067624526285290e-01 4.072337354548654642e-01
1.389853642761066863e-02 -9.280793606710824317e-01
