2.719606290765494983e-01 -5.119076754763776660e-02
-8.983560865174473609e-01 -1.597230342603208619e-01
-5.042841419135526415e-01 2.669976590401172967e-01
6.912462519367257308e-01 -1.721023726990043912e+00
3.403277020176987411e-01 6.277620210229369890e-01
-5.125588774526985691e-01 9.980253966664001664e-02
8.371793672311986789e-01 -2.060536438432504891e+00
2.781959926557591167e-01 1.405084657388881893e-02
1.214272077139315398e+00 6.571084048652126031e-01
6.166530854887009028e-01 -8.552151196574105940e-01
5.336901097551142170e-01 5.151037408394020245e-01
7.463236130575132687e-01 2.714358660108621701e-01
4.749865814959655652e-01 -5.753045765651984000e-01
-6.273510010471979870e-01 -4.279460139798331730e-01
-2.875997737970957258e-01 -2.390218092491968704e+00
-2.015528550023753251e-01 3.752530527948487737e-01
-2.365403217256538237e+00 -1.142435936427386833e+00
1.720459886201244626e-01 -3.904047351193797311e-01
9.473230926450554312e-02 1.909900049310688658e-02
1.166474539335815797e+00 -4.329119369733090417e-01
3.629121066973467480e-01 -1.888363157494890476e+00
-3.717169236547892414e-02 1.166256806806549307e+00
-5.034355808299386670e-01 8.778373330064788427e-02
6.407710580479478724e-01 -1.120592940133010584e+00
-1.837716384252646717e-01 -1.704602536263185864e-01
-7.318507756348919813e-01 -2.877709019190074491e-01
3.158591172914761991e-01 1.087627720376647122e+00
-5.804563104168753984e-01 6.844615144189297729e-01
8.383045229486919547e-01 3.039277250445409084e-01
8.022108210467010503e-01 5.834896734295393905e-01
1.551215322947086639e+00 1.319533524378973255e-01
8.507976589795953615e-01 -5.094722897243850745e-01
1.156511387149302017e+00 6.855928808343003666e-01
-2.997521064882498476e-01 -1.580554556816493372e+00
1.902963312196176079e-02 6.509347651265061652e-01
-1.079221840522906373e+00 -8.318761778328831458e-01
3.268344907994443632e-02 1.460375835998447114e+00
1.060281548411722952e+00 -1.490148468582312147e-01
2.090727093372207523e+00 6.068491052175477574e-01
-2.339176899095108120e-01 -9.987765931563569177e-02
-9.500897741447896783e-01 -1.999677041987884651e+00
5.705697186301138257e-02 -6.225377721226322408e-03
-2.392487314367263695e-01 1.189034204986140625e-01
-1.583012525774708079e+00 -5.167359694567934536e-01
-1.315555857465128931e+00 7.927093114932303175e-01
-8.513432470377958472e-01 8.904105536852967573e-01
3.200359188707324165e+00 1.161682327372808576e-01
-3.501807507213700044e-01 1.110895107071462551e+00
-4.391611216916705418e-01 6.605585226703615254e-01
-9.268721413133538256e-01 -1.910572249447858306e-01
-2.443517433968244446e-01 6.407544411604387813e-01
-1.669221603972316670e+00 -3.577598705959577075e-01
-1.866592161045755205e+00 5.642767752265895886e-01
1.051046855702054916e+00 3.003571125658850011e-02
1.273424497480872608e+00 -1.084101033972236339e+00
9.115079425836579707e-01 -8.436802248959127809e-03
