-5.148956691526220819e-01 1.212466792468058330e+00
-2.409123930354288845e-01 2.030181732764865521e-01
-1.218044130433109329e+00 7.509899530289619873e-01
-6.358401742389565570e-01 2.747665737321154378e-01
1.061788554701457304e-01 -1.148756232077297046e+00
-1.749953453727809971e-01 -4.828287929156538927e-01
1.090731011824118246e+00 -2.305019015921551118e-01
1.422711208889092083e+00 -7.500871188548353663e-01
7.595162684129344033e-01 -3.744597163022957975e-01
-2.676406167760492782e-01 -7.675985162188265765e-01
8.631239504674409480e-01 1.025118740548533802e+00
-1.693554216718353267e+00 8.551772968939511665e-01
5.561930256192785249e-01 1.170137599456487140e-02
1.228134370145593790e+00 3.769263651618847133e-01
1.262543977257550409e+00 -2.062026226050611699e-01
-1.103822714778730951e+00 -5.078554408399784670e-01
2.151594485189571304e-01 7.365078161664633249e-01
-3.473528250305439324e-01 -4.010456493550343393e-02
1.071525303433949361e+00 1.499619643647123413e+00
1.272104999996289454e+00 8.258224697906147993e-01
6.657546481093339352e-01 -1.566027990612320675e+00
-1.058038090995617075e+00 7.747829391121712206e-01
3.498368936049346956e-01 -1.193830361102625609e-01
2.144109720278271514e+00 -4.229521901886987290e-01
-3.834717337689123179e-02 6.247679163608684805e-01
6.657576942951356491e-01 5.042704599068367211e-01
-1.908970802325368199e-01 1.443918768124129171e-01
-1.539021345485816150e+00 -2.578323365386860910e-01
-1.006700736437188271e-01 -4.139405456767080715e-01
-2.585581799687238780e-01 -5.266408387553382919e-01
8.276888387550961068e-02 6.342644649202304752e-01
1.798149676688700904e-01 -1.393290434309748083e+00
2.642112148390770021e-01 -6.182548260515198235e-01
-7.747384364357661202e-01 -4.516548499672155548e-01
2.817189772312506113e-01 7.071894498133730611e-01
8.014764815516034480e-01 2.186799079249258371e-01
6.804250272239933395e-01 -1.097254163685419254e-01
-2.751154519775723672e-01 -6.626048427557809095e-01
7.999017746029734033e-01 -4.923909326058512614e-01
1.662491337585242368e+00 5.585646736197312778e-01
-7.516836023394006805e-01 3.940522078615635859e-01
-1.314451379364513506e-01 -4.972229147174539454e-01
1.452420791795927313e+00 -1.692610442119589553e+00
5.178515064318665040e-01 -3.031708148749818199e-01
-1.332275449494827901e+00 -8.790042435938390242e-02
8.136227291719170251e-01 1.309449594220311486e+00
1.278528611965334294e+00 6.209384100432379094e-01
-1.966561876980761348e+00 -1.143503207987062842e+00
-2.699216621072300648e-01 5.709668891092122278e-01
-5.432466129351731787e-01 1.626314685640609881e+00
-1.137645543139415683e+00 2.027383195539742000e-01
4.154381773822555246e-01 -1.695565532997444391e+00
-2.964862547736343279e-01 -1.658105537706346666e-01
-1.340279472627317281e+00 -1.190775454655340626e+00
7.982524988045071046e-01 -1.159642147078567609e+00
9.642900898983503000e-01 -3.748639972143235077e-01
