-6.508207857222214621e-01 2.146705981264852792e+00
9.707599093182001093e-02 -1.001557526828112943e+00
-1.737373345979263684e-01 1.586484191653863673e+00
1.506974388481578719e+00 2.568612830756373810e-01
4.706112160458821303e-01 1.516779746070928914e+00
2.220880152652636053e+00 -1.234900700997167311e+00
-8.388894884208514258e-01 -5.220680660059889844e-01
1.111224641207386732e+00 -3.236137227964846486e-01
5.695373464285402587e-01 9.511000328121675951e-01
-4.973525207944704540e-01 -4.234977942067733730e-02
-3.845458738775013319e-01 6.720833079437353863e-01
-3.830876972046064477e-01 -3.828412918113610064e-01
1.582161254286635232e+00 -2.199157879978371977e+00
-2.784418940266396802e+00 -1.313187432651862663e+00
1.292201176333575674e+00 2.501080444475964337e-01
2.839201257185080540e-01 1.712242375819563511e+00
-3.240102537111674841e-01 3.592454657990864497e-01
-6.117160230010598720e-01 -5.699541308637954273e-01
-1.069855801458727829e+00 -7.916524701755535132e-01
1.058749412312643301e+00 8.302953973943180133e-01
-5.578077421798448288e-02 3.520309235919000246e-01
1.192207653222929209e-01 1.883184348687064746e-01
7.860957108941374338e-01 2.389677867083270790e+00
4.391329121710053074e-01 -1.286647228721936376e+00
1.203205757162102207e+00 -4.776838818941488429e-01
4.491115458475531397e-01 4.565337741093445367e-01
-1.332225417986374394e+00 2.008011181492291630e+00
1.141440468835046573e+00 -7.993876862769394576e-01
-9.788777854360915243e-02 -1.200618158813991254e+00
-2.730698612217919430e-01 1.551361557707610361e-01
9.969128818988928220e-01 -1.543173317037946690e+00
-1.358940276300802275e+00 -9.362562816329504656e-02
-6.608777375544477861e-01 6.102518787594789496e-01
-7.916486727563779024e-02 4.745033597246479107e-01
-5.583324693731074595e-02 -2.795553793915159929e-02
2.967159398535793025e-01 -2.755256607379017592e-02
2.231287997985460514e+00 3.863409316374365465e-01
3.824244145529375749e-01 -1.159929976844772531e-01
-4.270478901013852191e-01 -2.479532179989123453e-01
2.480345604711215457e-01 -1.414356074671644592e+00
2.331139784283996264e+00 1.062860118916564511e+00
6.574325230683673027e-01 1.322554062620908022e+00
4.041604646247178856e-01 -9.567468591395155153e-01
-5.431377424899289652e-01 8.686223867903778428e-01
-7.947753479248643727e-01 1.746339062187875601e+00
5.699879511373538987e-01 5.624036792761520909e-01
1.716494204160462944e+00 -1.941218598705409804e+00
-1.195980167774541858e+00 -3.626262549468558527e-01
-1.660526621734484065e+00 -2.579599246321742534e+00
3.573174485146476953e-01 -1.364246058012092977e+00
5.691033367530587417e-02 6.230219301532038401e-01
-1.219837320854054497e+00 -1.106758594791279693e+00
1.000196979440201916e+00 -4.615395813343504683e-01
1.512281931685506509e+00 3.330117272692919572e-01
5.354920278281297685e-01 -1.429469372954731865e+00
3.698089206442003452e-01 -7.061032276582397404e-01
