-1.229639624737022929e+00 -7.310893367411804844e-01
-2.205464213109449734e+00 -1.023180085268373674e+00
6.778944125583379922e-03 1.177642258211216264e+00
7.546378257239754195e-01 5.150745006335646359e-01
9.178389274463411018e-01 1.218738693764200576e-01
-1.189666587044672541e+00 5.986641710952089745e-01
-5.099691151242573550e-01 -1.099017048202868135e-01
1.502348143823136528e+00 -8.947704329172979920e-02
-4.102018488386298123e-01 1.104011266927843016e+00
-6.720010483820576530e-01 2.274638381515865060e+00
4.584421636929462696e-01 1.132358145944234173e-01
-1.852755432388740742e-01 -1.252368104657714254e-01
5.938275080168845532e-01 -1.400012811640365618e+00
7.713490820232826728e-01 -9.114820551903579648e-01
8.100527170767585217e-02 1.767399140047011975e-03
-6.994670880858554485e-01 1.358869315216424845e+00
-7.627640881528594541e-01 3.399984609525786849e-01
1.227407467608326641e+00 -1.681120719440306055e-01
1.228474365515308531e+00 2.438286161179828784e-02
1.171433294135487135e-01 7.185688355424058038e-01
-4.161778157476095918e-01 1.381032304575567249e+00
6.592301380756914186e-01 8.538450204729876314e-02
5.760198945361172385e-01 -1.226843899057089848e-01
-6.090401873864235149e-01 4.939928587615765032e-01
7.416980651620165288e-01 5.659052009942462380e-01
-1.679633421350076178e-02 -2.427380014257745355e-01
9.191167777688414864e-01 7.782328073845953265e-01
2.916947644382053006e-01 -1.085018494134909917e+00
7.587099018813934226e-01 -5.857676602392440923e-01
5.663318400029019317e-01 -2.328062197789266263e-01
8.850890612558299786e-01 -2.567646232165946008e-01
9.469949353974490558e-01 -2.139271543162817313e+00
1.459562236302419380e-01 -5.219342242442188695e-01
-6.834545828277351909e-01 6.911450644285350720e-01
-5.315671818020623052e-01 -9.471902087968822048e-01
8.273632343787742371e-01 1.106417452573568161e+00
9.196048905538578566e-01 -1.737183938552418594e+00
-1.207276178248431142e+00 2.408330807213074465e+00
1.220602625220007287e+00 -1.046206551878990643e-01
-1.607602260867024624e+00 1.127238186527163677e+00
5.626423422087137860e-01 -2.014915481760418958e-01
-6.701774771257152929e-01 -9.247579365220304215e-01
-3.188198045214530318e-01 1.036891309089274626e+00
-6.048091004550922856e-01 -1.250547176963898721e+00
-2.892160990236178897e-01 -1.560568705888103702e+00
-5.330496441525870432e-01 1.094596063022149401e+00
-1.096133931740017831e+00 -1.161922886326361010e-01
-1.225338057001373465e-01 6.671708138413176004e-01
9.052199667312198494e-01 -1.430337366307990188e-01
-1.680173985255457580e-01 -2.020721420301203164e+00
-3.925546678064384953e-01 5.477419260252254229e-01
3.007818236086468033e-01 -5.558853172437000500e-01
-6.765987723590802805e-01 -8.027709776912030915e-01
-1.035114976175060209e+00 1.236303664199209340e+00
-1.075265253410380706e-01 -1.975787769014696993e+00
-1.102299122247844210e+00 -8.408851443281858962e-02
