-2.142069751414405587e+00 -6.226909384441950968e-01
5.059125055972983898e-01 1.795911206211509847e-01
1.052431001802534988e-01 -1.062856301765978673e+00
2.779642490295623491e-01 6.941826100274705036e-01
9.345767997322673715e-01 -5.463559919046819813e-01
6.840982649102481661e-01 -8.275036102588080311e-01
1.745990171912134292e-01 1.129730532274477728e+00
-6.689879492030970098e-02 -5.679725775894056694e-01
-1.568834679697013179e+00 5.802669065998042885e-01
-1.311320784198933276e-01 -1.080919807958689383e-03
4.282049907012848156e-01 -3.411494690976014099e-01
5.619484651185759905e-01 1.023007678805343934e+00
2.695398640658761558e-01 -2.133078805704550440e+00
-1.297029399529643579e+00 2.653019045993957326e-01
4.877556791036671141e-02 8.457674597734322619e-01
2.329973159435035357e-01 -2.002412584540456564e+00
-1.009050897199065489e+00 -5.706163324515158841e-01
-1.159508905492696584e-01 -1.759043595624874223e+00
-2.576712922915602166e-01 -9.725055059176339611e-01
-1.245985898057658664e-01 -9.982627523622497057e-01
-9.373749397462729505e-01 -6.425740081029635009e-01
1.299211880510895700e-01 -6.118942624005564435e-01
1.045753548309787950e+00 -1.413638153441316936e+00
-1.098551281536745527e+00 7.658192766671085838e-01
9.881586567637855589e-01 1.255385579790542439e+00
8.315068940805317443e-02 -9.830861246015598631e-01
-2.974213671786114066e+00 1.269646205628299329e+00
2.936535226090472017e-01 7.167330135078738007e-02
1.076732040973475080e+00 -1.711439981316505765e+00
-9.405623002679275313e-01 5.103524666271358479e-02
-4.991555060941077482e-01 4.170714059964824028e-01
-2.709318245721721308e-01 3.964717777133150434e-02
-6.854453721644354625e-02 -8.515615779265669483e-01
9.670905179268354107e-03 2.661676775702938036e-01
-1.975812532797637688e+00 3.324402018229257183e-01
-9.339991769737989724e-01 3.246915499419102125e-02
6.295965555293844274e-01 6.635669215754644856e-01
5.492395256449168484e-01 -1.363106857821043905e+00
1.620805166969538469e+00 -1.676383778982623918e+00
1.996139054043272631e+00 2.472093827780272424e+00
9.884316345141704874e-01 1.032976832114748555e+00
-1.015083480724870757e+00 2.246766966284357014e-01
-1.029062973874286246e+00 -5.418088702761249091e-03
-5.644829453200715941e-01 2.162837996741486801e-01
-7.059675867006064420e-01 7.957045112011603694e-01
-1.350616084528797334e+00 -2.740183315566126487e-01
2.997097228695909110e-01 6.610689365367339310e-01
-2.058935776514063121e-01 -2.653454295224172074e-02
9.970870167817431906e-02 -9.997356684518070580e-01
-2.128059381509038173e-01 -8.105150375512834016e-01
-2.836066592311046186e-01 1.168018511993760590e-02
2.240271506668468415e+00 3.610269371783698666e-01
1.385652751601376964e-01 2.566443000117858420e-01
-6.682711245157667290e-02 3.150828653888188557e-01
-4.776724689702575022e-01 1.032688122156632637e+00
-9.396022063763180554e-02 -1.769985786575782205e+00
