1.641640668884225329e+00 -9.320976925216468700e-01
7.123284734253558514e-02 -4.477857045363562438e-01
2.358687548998323613e-01 -2.754623766273667784e-01
1.786540634866849719e-02 -1.980901256949201050e+00
3.439887990136603624e-01 -4.185714821349103554e-01
-4.156096840450616559e-01 3.501978248445688502e-01
-6.283875396030842442e-01 8.277357750821761062e-01
4.155913259485753963e-01 5.096336173924423951e-01
-4.743199336148902767e-01 1.303027006569308366e+00
-2.558296531716214295e-01 8.788898304791364913e-01
1.751134854469106328e+00 -4.474066418263132894e-01
4.384316525333717962e-01 -4.472508304173484217e-01
8.352972026037985831e-01 -6.235035770396940569e-01
-5.760054156185873131e-01 3.480473084105950576e-01
-1.667808135804198510e+00 -8.035401138299416712e-02
-7.200458991705757095e-01 1.025767970852239364e+00
-3.031332386507336607e-01 -1.201065761785762298e+00
-2.266412099612951980e+00 -4.702733088381706450e-01
1.009038173517738723e+00 1.546928178154379219e-01
-2.310217959375637786e+00 1.717701243188473337e-01
1.888585711756590457e-01 -2.392944510200257779e-01
1.564475942600968006e+00 -4.301010782174955471e-01
-1.001176965115949891e+00 -7.778242481612994419e-02
-1.716052734517144573e+00 -4.575010675107106795e-01
-1.104319355894479049e+00 -1.839069328291684569e+00
-8.481150792222131862e-01 -6.387899959191900567e-01
1.076922120117596471e+00 -1.333201245190884232e-01
2.336665159490537436e-01 -6.762837007102900921e-01
1.886165933243478809e+00 -1.840712628966252318e-01
4.137249964387963441e-01 -8.023250339413380283e-01
1.136566107948537629e+00 -3.298261212747791160e-01
-8.823697267975746383e-01 8.611316273564074697e-01
-1.100029147164676979e-01 -8.068318510137392208e-01
-4.041782460717598807e-02 -8.201988985463205539e-01
-6.589647350691826277e-01 5.373608962832391311e-01
-2.428010360156629854e+00 6.731163532653083870e-01
3.406702387656920239e-01 -8.034235979130260885e-01
5.754138631881269283e-01 5.234190706221887313e-01
1.890212668569782650e+00 7.439368410716773461e-02
1.880162198054574629e+00 2.472678617371405208e-01
-1.345797029345338514e+00 -2.951474383982474747e-01
3.767581593640194626e-01 -9.850396779070059727e-01
7.940210105507060634e-01 -1.469699008734455026e+00
-2.281114501007693307e-01 4.379651946775790505e-01
6.093052536461467383e-01 8.450556596199768622e-01
-6.663866402407576661e-01 -1.722295084808218579e+00
1.372099792117053019e-01 -1.954057681798767807e-02
1.692373633572518410e-01 -3.466938642149706984e-02
-1.376470021401175359e+00 8.949245784612678278e-01
-6.148071629893363532e-01 -2.234492595317755792e-01
2.935406831786453452e-01 -2.822437733197039403e-02
3.921401794396112694e-01 -1.128633582265892998e-01
1.135066444801317243e+00 -1.537516220351602625e+00
1.573720046708724229e+00 -1.927175373306301953e+00
-2.336814813020961612e+00 5.393858803487324716e-01
1.096009922117310298e+00 -1.414227884650917755e+00
