1.342108174507544716e-01 1.373043404309689797e-01
1.107261728804437073e+00 -1.119965705108279641e+00
-9.680877843888902046e-01 -3.827603504517009675e-02
-2.491922713077904472e+00 -6.832239195281070154e-01
1.149800163511575657e-01 -4.282251504332020287e-01
3.082979399768654094e+00 1.707522750309790505e+00
6.493028806404974596e-01 -8.968910754744142677e-01
-2.042983382829641897e-02 1.255611682195719725e-01
-2.173941263237159305e+00 -2.582986610507398417e-02
-7.918365121823444097e-01 -1.479803333240051311e+00
1.315322532403689015e+00 -1.264259406260274110e-01
-7.537181319491077502e-01 -7.572217741927840251e-01
6.159084404629657783e-01 4.715345569213424959e-01
-1.052426729658892723e+00 -1.022720589263555885e-01
-1.176829216611879059e-01 2.672274776728068346e+00
3.744133403782411995e-01 1.782953145435327985e-02
-7.805845313959469678e-01 5.495744129437389880e-01
-8.580014591971015792e-01 1.853259900015475248e+00
7.277089855469773827e-01 -1.842778581765548429e+00
-1.019578316666438278e+00 -1.459475166661115431e+00
7.642374924170967088e-01 1.382573312860702508e+00
-5.005684513810307879e-01 -2.008166802901293124e+00
-4.696098164967001387e-01 1.750239526020237246e+00
1.351686464454384673e-01 -2.415167641334804660e+00
-7.991250042080488836e-01 -8.167651111508215100e-01
2.301449858791366765e+00 1.787359405526091349e-02
3.562819969817472288e-01 -4.185971372862871687e-01
1.667226690377705545e+00 -2.670171138975238612e-01
-9.043153476291607706e-01 -1.434563092171669219e+00
9.466168252160029883e-01 1.080354488955362902e+00
2.870225097332812503e-01 -1.047303835250618542e+00
2.585203573113081243e-01 -7.560407457815654375e-01
-1.636178278729983671e+00 -9.629588295702352641e-01
-7.705985484046170564e-01 -1.761417058738989239e+00
5.637101135700249843e-01 1.317129551228309214e+00
-5.777918128338872528e-01 5.437157787476215587e-01
-1.455833109778615908e-01 6.013884061463455888e-01
-4.189317483933824859e-01 2.448092121078703776e-01
5.612502896249523809e-01 4.223135176001101276e-02
-1.764930057395568852e+00 2.309292513314180617e-01
-1.723935841701561972e-02 9.774419204540798264e-04
-4.182431652313444714e-01 1.137382574192008944e+00
1.112753619693203744e+00 -1.113251613883366131e+00
-1.178380271558605141e+00 -3.072987764072526717e-01
-1.749489125062127837e+00 7.929838223942888009e-02
-2.188210047205449982e-01 -6.363700743793487824e-01
-5.846872537041788442e-01 1.768307163410177685e+00
1.090156315655248509e+00 1.400563255702677701e+00
3.812856816867133958e-01 -5.296236305159541802e-01
-1.583816596715701186e+00 -1.361656560563603291e+00
5.927281159725295706e-02 1.593101929311916631e+00
-8.736982701441252386e-02 7.846364154475083952e-01
-6.627833446602238165e-01 -5.237384499338635369e-01
1.854599189849853058e+00 -6.555769802101248933e-01
8.616076474924611039e-01 -1.259024430767712310e+00
2.229428484010985922e+00 -7.237148136724360636e-01
