-1.729605554487407382e+00 1.799010329046883405e-01
4.689250306620211806e-01 1.272097465220110246e+00
9.885976162621865071e-02 -4.687398261221579210e-01
-9.725799250852364963e-01 -7.210289124306225039e-01
-3.414548910162894524e-01 9.866387842969275290e-01
-1.580090827097285322e+00 4.839310674354757036e-01
4.462310775865468981e-02 -1.120362191076337277e+00
-2.968852193914505166e-01 1.328142499947615983e-02
-3.920640711604993722e+00 -2.879059661587993757e-01
2.502265829670644592e-01 8.424186888811378005e-01
-1.248306185075894609e-01 -7.800494129786697539e-02
-1.504685142144150278e+00 -1.354471162573058995e+00
1.222242833291067310e+00 -1.939274681147056256e-01
3.307369595024524100e-01 4.849283811954351736e-02
1.416690724608913543e+00 -2.562863132520508402e-02
4.149372102114894934e-01 1.457660167892814163e-01
4.092893546671210192e-01 6.880982834397942893e-01
3.394872456871079192e-01 1.011500011516526021e+00
2.375365227204663476e+00 8.769955992887658036e-01
-3.185770859027793556e+00 2.103512745220155189e+00
-8.549945266203912153e-01 -8.975888663198987594e-01
2.095650270921452396e+00 -5.001792297018194944e-01
-2.108286620607033590e-01 -1.175370245073025927e-01
-2.589346978317141335e-01 -4.854114856828605218e-01
1.163326613638199052e-02 6.423237248717091064e-02
1.375739857562730262e-01 7.090128001524470536e-01
2.871240144135269179e-01 -3.504911905986545229e-01
-1.754796967299771859e+00 -3.147162703837405595e-01
-1.103396393796578501e+00 -5.847438059914593644e-01
-9.596061601927079465e-01 -5.479658352548186784e-01
-5.369536199873548021e-01 1.080749751313897944e+00
2.670289068351832107e-01 -5.308574603739089903e-02
-1.914174735141247252e+00 3.123859550297239385e-01
8.761049756482172657e-02 2.109300320569228671e+00
5.660011184842625998e-01 -1.264513370476217258e+00
1.007126862797507183e+00 -3.252777851439159207e-01
-1.015904630691408350e+00 -1.307129869563850244e+00
-2.130664471259664516e+00 7.738498221540961175e-02
3.777483841064476766e-01 -3.905533983373506990e-01
-2.054106119935700525e-01 3.771457235576445854e-01
9.915607601949787409e-01 2.368639494399358836e-01
-6.079660895600730308e-01 6.626005581148441959e-01
6.244288136622027086e-01 2.736577643523975478e+00
7.305926405430005488e-01 -6.539114762264276459e-01
1.588565755932749013e-01 4.039869497431783363e-01
1.140178448083155827e+00 5.237945878103097419e-01
2.115437589085756631e+00 1.348236320706180047e+00
7.987871543683182363e-02 1.789526057809902149e+00
-8.453741450833576199e-01 8.268719272134548992e-02
1.072317407650237753e+00 -6.848269166833952371e-01
1.196576965470993237e+00 8.958087393661330333e-01
7.963616622346412210e-01 -1.158560789234715394e+00
1.260179535568108466e+00 -1.071563721534604774e+00
-6.216412253760145168e-01 7.279152761287557283e-01
-4.112519711967186353e-01 -1.144623355238484796e+00
6.004815111015695539e-01 -2.351056189856141343e-01
