-1.004144083944755184e-01 6.056759791312946728e-01
9.105554871183044741e-01 -4.954925947124868002e-01
8.356154911062331492e-02 -2.085927905382488901e-01
8.923764037116894976e-02 7.255874843606295865e-01
3.098826906583502794e-01 9.336838358610759503e-01
3.942054345811538130e-02 5.709914166618214049e-01
3.781526212147210964e-01 -1.541648527803381186e-01
-1.013731131190740875e+00 -1.966422781155712507e-01
-1.392273467439542278e+00 9.053024207589441819e-01
-6.639353114768991038e-01 -6.515051251192927051e-02
-4.488765152817532078e-01 -2.870735962436715139e-01
5.705610593610616066e-01 1.847536671695320099e-01
7.118895038875012737e-01 -1.600810591555516194e+00
1.784873377026716890e+00 -1.594670519168074563e+00
-1.601368178715901536e+00 -1.047113411985810316e+00
4.338907259093831570e-01 -1.482662735003029697e+00
1.447702357010550306e-02 1.056911898967973551e+00
-1.483558273102758340e+00 2.017938670473440776e+00
-1.477500384357373298e+00 1.364008043453331709e+00
6.800418191515800181e-01 -1.783501090072040218e-01
-1.528255349073997182e+00 1.908650435288291036e-01
6.957226501575929367e-01 1.133638620420802656e+00
-6.578634177515512160e-01 -4.744830150288469883e-01
1.557942318195984777e-01 -5.259707227637845373e-01
-1.122379792038151969e+00 2.625872557560390064e+00
2.012467537870627599e+00 -2.341568689554384200e-02
-1.517119917306410493e+00 6.097800534061752487e-01
5.277194012759374164e-01 -2.588348011644886482e-01
1.534770415631051321e+00 -5.473374770099882491e-01
1.401842270992192052e+00 1.472674415479868326e+00
-1.463267033912425630e+00 -8.468018597383205615e-01
-3.387140488270412031e-01 7.400125434859508022e-01
5.552893473829639825e-01 -5.840974411485745366e-01
-5.664586472688670771e-01 -1.116239179437871654e+00
-6.827784599399725485e-01 2.187914212948270709e+00
-9.520730858589147860e-02 -2.553162259722011052e-01
-2.940724276920456237e+00 1.067959909520059147e+00
7.189644920740945189e-01 -3.445502720884462966e-01
1.969158406712363307e+00 -1.119691214238915267e+00
-2.636953011051751949e-01 -1.840126110526553393e+00
3.305689934698352039e-01 -1.548317091402224843e+00
1.982919565144379392e+00 -3.781715991863533466e-01
3.171705048102675950e-01 8.898618721453769309e-01
4.373081953120374621e-01 4.617559619258179149e-01
-2.003592408217672372e+00 -2.367523507879873534e+00
-6.342793670618374069e-01 -2.487192149834345223e-01
-3.112899164624625264e-02 -7.633192359208433864e-01
-1.319866562723785997e+00 5.070067557057797991e-01
-1.757750156836824784e-01 7.942529103821136527e-01
7.537292798940419258e-01 1.350330023181214756e+00
-6.434029273117185532e-01 -3.585401618873083618e-01
1.585973415770241868e+00 -1.579153341654323084e+00
4.721421534780917417e-02 -9.201854095703838610e-01
-1.699405031548680167e+00 4.484623751789639790e-01
-4.930466168703552254e-01 -4.986035051585321898e-01
8.089487646301710688e-01 4.543072870096893645e-01
