-1.190631576874258801e+00 -5.564935007429782088e-01
3.995974261481496370e-01 -4.532115436057000402e-01
-5.892090724542708990e-02 7.668585881400635795e-01
3.771031122475578257e-01 1.862330787239532048e+00
2.214294221764367965e+00 -4.236025943198269417e-01
1.784414091489721743e+00 1.380442849372172320e+00
-6.079323291540145169e-01 -1.070185168046456220e-01
3.088328700204382993e-01 9.782782149034159325e-01
1.418156758943885043e+00 -1.392448687133347240e+00
-3.565530226795346480e-01 3.021017962952273206e-01
3.561355623612934007e-01 1.475165147577212288e+00
2.596735711037822525e-01 -4.787406366037780803e-01
3.167049470171271475e-01 3.323624451351280817e-01
-8.284145317324383972e-01 1.979738276920327833e-01
-2.424151999564146953e-01 2.361181199013960008e-01
-8.382551316633930771e-02 1.900681600578251473e-01
-3.549967132503301093e-01 2.185274528970865493e+00
-1.666116991317685203e+00 -3.098977296412122606e-01
-5.455152570897391362e-01 7.494206907122513694e-01
-1.306715246490784743e+00 -3.128208629589558365e-01
-2.509606235081170977e-01 1.196464233157587653e+00
-5.361866434851993990e-01 -2.033576221014584406e-01
-6.529271596383199316e-01 -2.362694490493791655e+00
-1.429445250371130793e+00 2.859732418345112825e-01
-7.490350805857753924e-02 -1.230022355365489428e+00
2.503606353408804330e-01 1.631589958814987362e+00
4.442270560506683119e-01 3.189566280913491148e-01
4.747834743432814975e-01 -8.170007344826510365e-02
2.185372766791791044e-01 1.066001965976006716e+00
1.809686341200252846e-01 -2.004558955031876255e-01
3.236482938952230937e-01 -2.094717117648773552e+00
2.580349386202453577e+00 1.583327806017760797e-01
6.332100259203917725e-01 -6.795665135437196913e-02
-2.281313038259099590e-01 7.816343887142682689e-01
1.387539124161283999e+00 -1.241559060244966650e+00
-2.432891854915517182e+00 -6.497811474945905941e-01
-1.933724158301078355e-01 -8.031904899305801759e-01
9.059923196352157593e-01 -1.231819803609546238e+00
9.010133316837022344e-01 2.114829306656367702e+00
1.132766541917091363e+00 -9.412741678430371906e-01
8.484391013878631593e-01 -5.985394009436665330e-01
2.742984559227627517e-01 -4.991994492004607764e-01
8.256924275626610354e-01 -1.163051464273735514e+00
1.303332159625943676e-01 1.464453741436806622e+00
1.065570444868196853e+00 -6.848812072658254646e-01
-2.816683251543296573e-01 7.128143337038559402e-01
-5.633051285400934027e-01 -5.496752179671493543e-01
-2.076202350333964386e-01 -1.040401714738376837e+00
2.142310767377311187e+00 -1.578623339923138080e-01
3.165517545396095422e-01 -5.480414590332237657e-01
1.501718399895449196e-01 -5.506618416198501009e-01
1.159993923637887114e+00 1.609232948761453397e+00
2.159228875590748498e+00 -7.465673658187581274e-02
-1.911677701102194593e-01 1.783708999200499967e+00
-9.737457372380503573e-02 7.935405742562896547e-01
4.592600383134355646e-02 -1.429819516337132335e+00
