1.391647650190754648e+00 -2.251604947021077940e+00
3.010543542204446865e-01 -1.309284888595155127e+00
-2.089806101889159495e-01 3.688558755843810988e-01
1.091142347415374081e+00 1.037334553544665000e-01
2.412465278104316990e+00 1.330370766636863600e-01
-7.250038179169793207e-01 6.382142100794144790e-01
-1.372316373351693264e-01 -3.135831120620873325e-01
1.919669391176657580e+00 1.388476373135175024e+00
-2.695160486945930023e-01 3.101698170886525441e-01
1.905802174597515108e-02 -6.204523979018206070e-01
-2.296337060759643389e+00 -1.004167048940562690e-01
-8.971557423675446952e-01 -4.234767741791510276e-01
-1.278973075558430539e-01 -3.558495746961072292e-01
-1.039908835946281140e+00 7.638600533023005568e-01
-4.765494996150331786e-01 6.885853143603239135e-02
3.069983824280217988e-01 -4.739582145546067937e-01
7.299389622107493869e-01 -1.438114456369738559e+00
6.558779855167941042e-01 5.542293464050310758e-01
-1.412569991938678493e+00 -9.537010352131312096e-01
-1.216534650829092928e-01 3.309028533779352910e-01
6.166222968234061907e-01 -1.290907112273279367e+00
-2.678831694310770395e+00 1.204128278941506647e+00
1.603190399307322211e+00 -4.850260268278282216e-02
-1.804603054821434793e-01 -4.907122878647252606e-01
-1.490039051326659481e+00 -8.147724555176042438e-01
-1.773197500574581753e-02 -1.535530600182572147e+00
-9.546573263862263570e-01 3.016107353598361795e-01
-1.084174926198533395e+00 4.639673754452042775e-01
-1.013420570820902089e+00 -5.029482922786732146e-01
-1.923389648280831865e-01 1.533121716101303322e+00
-4.002118201030511191e-01 7.891296045728586339e-01
6.542252372107482550e-04 -1.591395577237534997e+00
2.210020207960097238e-01 8.924743541628743504e-01
-3.353049354052289877e-01 -1.447231860181839025e-01
1.046261606176942083e+00 1.690094426448996323e+00
6.116764189070811319e-01 1.039595952140526025e+00
7.330017726709621151e-01 -1.173198406114729808e+00
6.507548979313448889e-01 6.725428541615580125e-01
9.657190332290054302e-01 -7.053663972065310483e-01
5.744673257089746160e-02 -8.869841695552689587e-02
1.101387307931632753e+00 -1.192507162810729104e+00
4.597999469967651437e-02 -5.692818990461673279e-01
1.645154621922757299e+00 1.767969938319844392e+00
7.674145497170634100e-02 1.177426713022665106e-01
-1.068646012859908234e+00 -8.631669864089956956e-01
-6.986322974624890048e-01 -1.092816449576422322e+00
9.612650125116871669e-01 6.294980946952671852e-01
-3.452058594755287313e-01 1.416809079478074773e+00
1.113421180659560195e+00 2.586028014530425967e-01
1.621596988647599602e+00 8.835624564953027393e-01
-2.864129480048935861e-01 -4.329244266426971466e-01
-1.438370789079472800e-01 3.529056362978892913e-01
5.220966578149477400e-01 -1.223778105463503740e+00
7.571637817725280772e-01 1.264305262438977263e-02
-2.621419154728034107e-01 -2.746717363099537401e+00
-1.127783043529152263e+00 -2.125202622950910294e-02
