-8.146799238706931012e-01 -1.679406488453018653e+00
3.553627540273706642e-01 1.393520365519109516e+00
-1.981013752169510367e-01 -1.648355307209453446e+00
-1.180373340958579487e+00 -7.339946864135911131e-01
-6.954745130103962003e-01 1.120770089224593091e-01
-5.410019002676652589e-01 -1.385954453023337418e+00
1.561642165671815574e+00 5.031003179154647231e-01
7.250017157509052179e-01 1.135384797381708832e+00
-1.823306280215645225e-01 1.638056280687163246e+00
1.580212710006540233e-01 1.436230713038355589e+00
-1.303453411780853555e-01 -2.075349119365575978e-01
1.151202077107780442e+00 -8.666454694430237859e-01
-1.723399616209112306e+00 -4.516407508087616485e-01
-1.254939813323927789e+00 -2.089692570795299853e-01
-4.977660048055246311e-01 1.769106653137909824e+00
-1.085020977125317643e+00 4.567528526844460979e-02
5.288782158919970167e-01 1.468790800267214314e+00
5.076821152231966172e-01 1.718896085133079232e+00
8.205176693631945906e-01 6.042492417832943108e-01
9.996853592242491704e-01 4.979621320126144113e-01
2.928454745496928413e-01 9.776060178459676508e-02
7.581377488955503008e-01 -8.767755479114757167e-01
-5.453972334822956292e-01 9.425438795545378889e-01
-1.953535567183994903e+00 1.284742874720476102e+00
-1.150946497708796423e+00 -1.220407741131257273e+00
3.491432123838859591e-01 -2.559817836300991356e+00
1.876406941161042008e+00 -2.041954469467181510e-01
5.164208444132702969e-01 4.235532625819876107e-01
-2.677996491947155500e-01 3.210519714832415494e-01
1.088385136189972346e+00 -7.120604899202812588e-01
2.423321664128797459e-01 -8.581175428492511248e-01
-8.588073409140170034e-01 -6.678543314126433872e-01
-1.023762575177742828e+00 2.986397087236218884e-01
6.748219577688892024e-01 -9.407366339536319400e-01
2.772942575673679411e+00 9.048904836693514309e-01
1.287328101652833512e+00 -1.418133141188865576e+00
-2.345823712096178681e+00 -4.702199168774798266e-01
1.091672305476436344e+00 1.967686862132090320e-01
1.514558109921574802e+00 4.173429278768892581e-01
6.956912172374074554e-01 4.715652845002263893e-01
-1.022983722674981610e+00 4.535220872873988451e-01
1.328238297530247358e+00 1.825608839297233610e+00
5.140729526695620999e-01 -1.304563415276901672e+00
2.071324052666226323e-01 -6.924346465097795944e-01
-1.098176210896343985e+00 -1.121673439086993795e+00
-8.231368678188543120e-01 3.160027771901811611e-01
8.075469090586478993e-01 -5.274883280865828861e-02
-1.379167459987802602e-01 -4.015277579386101747e-01
4.572752145438123139e-01 1.750467034871143523e+00
-1.341519779108987231e+00 2.415427620327090352e+00
-2.828176778744027550e-02 1.857438463521218885e+00
-4.396754784092226642e-01 3.295192707019059530e-01
-7.871507642643713609e-01 -1.579368977760358783e+00
2.341457709699083178e+00 -1.631597286938311298e+00
4.907557077952764968e-01 -1.045090524582853897e+00
2.966227507602775537e-01 7.355901527157447939e-01
