-1.048823107033726165e+00 1.591880629815424886e+00
1.719563790500153511e+00 5.421747126576929691e-03
2.499539291621867498e+00 1.423595383120581870e+00
-2.750031348727924652e+00 9.134871493989195068e-01
-8.425825744293014008e-01 3.815178871890559376e-01
1.165003037532756025e+00 4.295120632053314735e-01
-4.887258085768700910e-01 6.815745755140160123e-01
-3.512258725643430113e-01 1.369487173992980367e+00
-2.597066895682373019e-02 7.696442434189667559e-01
5.592240900201589371e-02 -1.278633735563923235e-01
-2.201947547271791428e-01 -1.003479824874445647e+00
-1.157203087138638925e-01 5.571009219729530088e-02
-9.691956701078043024e-02 -2.600828227529823344e+00
-1.702657704738952615e+00 -1.017630516286562425e+00
-2.127961770931873886e+00 -2.221100703143562630e-02
9.564802096802395015e-01 7.620376236415936644e-01
3.774489452371366793e-01 7.447334331599753110e-01
1.519282993918057434e+00 -1.196900552814675611e-01
-3.335743346113434482e-01 -2.795769281817629404e-01
3.066260843013088877e-01 -5.489660629856996099e-01
-7.375239511737534392e-02 -2.316597268252953701e-01
-1.526906645515640204e-01 5.923749020667762322e-01
-1.009162369197643239e+00 -2.207912134565037099e-01
-9.118680791848310374e-01 -5.969663309565093057e-01
-1.478939034507027683e+00 6.461521511431840559e-02
8.406692178772332547e-01 -8.632121056938109327e-02
8.737834026965191070e-01 1.600761697298030417e-01
-1.293123242598339218e+00 2.842955286126842562e+00
-2.631248398983481729e-01 6.978620530849547476e-01
3.638021952296645045e-01 2.833254840685744957e-01
-2.872724702698602472e-01 7.809167403247961881e-01
1.450000048945588038e-01 1.484238326887246995e+00
-2.565687118980882753e-01 -1.522622768075623689e+00
6.716549172779366916e-01 1.207616096221357127e+00
7.329120932879534811e-02 1.291549419420961131e+00
-1.607311877033103409e+00 -2.048476359535910396e-01
2.010552786517319501e-01 7.711160446866623941e-01
-7.771290164933657429e-01 4.697355672750390121e-01
3.324764612780954365e-01 -2.577333917725002088e-01
-1.547127220187473506e+00 3.636313507017081004e-01
8.151074668450297711e-01 1.913276897338884730e-01
1.034054537064914348e+00 7.675814252013477557e-01
1.053388043119033224e+00 2.054101064902009721e-01
7.785848297219659653e-01 -1.523616662976186698e+00
1.177811362678129026e+00 -8.314572667362850611e-01
-1.785162945374040744e+00 1.096265225644002528e-01
1.990244756560981543e+00 2.015395046394611978e+00
1.630361548871642197e-01 -1.621326098054383380e-01
3.799173885319190314e-01 3.590839361639999727e-01
-1.980336301705727386e-01 5.281921218118010852e-01
-9.642884681443614214e-02 1.585121314218597144e+00
3.958090617450197302e-01 1.272707080013322889e+00
2.916902731588739695e-01 6.022554047825124934e-01
-7.204873823705160163e-02 -5.152302705522194826e-01
4.410424892511167760e-01 -1.606520871336716949e+00
1.472570677228457192e-01 -3.824301334382860240e-01
