-4.676825020750841055e-01 -1.917949446370863287e+00
2.759964407473634029e+00 3.478072701865165817e-01
9.447641722237980488e-01 -3.707953540000258896e-01
-3.664472558600090357e-01 8.529194906695081180e-01
9.777440327448494450e-02 1.250225780260065811e-01
3.788176360200971038e-01 1.082175367890678697e+00
-2.702126013802031990e-01 1.811444387033058767e-01
-4.805334268283131260e-01 -1.323244990373251717e+00
2.336277613584757606e+00 -1.950883122256177771e+00
7.757022052131529177e-01 1.504722370135217036e+00
9.548378217820127078e-01 -1.750682995879559722e-01
-2.869631149132196857e-01 5.969163442871014968e-01
-1.123882473989048503e+00 8.824165823221005178e-01
7.174273685753548291e-01 7.629404745687782263e-01
-1.027396094233284041e+00 -2.664133075313381838e-01
-9.839290910837797388e-02 5.244328830270448272e-01
1.182749952818718864e+00 1.299164351023988917e-01
-2.143471016747657387e+00 -6.740497531113265328e-01
3.151919734010035778e-01 1.252830646316234198e-01
1.844148038929976918e+00 -1.465164823389794591e-01
-5.755715052589610581e-01 -3.016203757784920517e-02
-1.252887401129891609e+00 -1.557656180102385546e-01
-2.957196433813600867e-01 -1.707637450011361691e-01
-2.948508193865405635e-01 -1.217018058621124776e+00
7.426576083354126112e-01 5.351552250450472004e-01
-7.146492530699475321e-01 -8.700501470540760174e-01
9.686598940034705230e-01 7.628846393937710468e-01
-2.554959489398158645e-01 -1.775927959431246483e+00
-3.562996210772437777e-01 4.697058107139712724e-01
3.663588995297082929e-01 7.898944665819818134e-01
-1.527187971235691721e+00 2.053144906807533865e-01
-4.438596162394321115e-02 -1.142991500133464067e+00
4.398243386079634942e-01 -3.828140208758444851e-01
-2.886106621714452203e+00 5.862357895849908962e-01
1.323056656154409483e+00 2.221103547516613541e-01
-1.045466446952335593e+00 -6.029597725284346899e-01
3.011447299720709792e-01 -6.528626294490691429e-01
9.583042511925660145e-01 -8.969189830050506851e-01
-1.634945973469333902e+00 5.372119749391155441e-01
-1.756352249615338534e+00 1.817316056746591524e-01
-5.365146419231464625e-01 4.759195006558913227e-02
-4.775416609997053252e-02 -2.591960842196380094e-02
2.367745882291113491e-01 5.761027325956956657e-01
-6.032749422633654213e-01 2.660679890082682242e-01
-3.976560422362601099e-01 -1.585036491055930252e+00
-6.834415555307409296e-01 -1.632304653112030213e+00
1.418510690228089732e+00 7.866457861526512385e-01
1.621469702576141758e+00 5.612119399033642653e-01
7.321917786884968304e-01 4.752967286147036785e-01
8.896979341081818760e-01 4.723428789438874897e-01
-1.239106407106569607e+00 -2.135645836576140211e-01
8.948239209438655362e-01 -3.748636683078707121e-01
2.014546082310615105e-01 -5.954495045931913477e-01
5.507833884993582618e-01 -1.758611860403721305e+00
1.573806141674739978e+00 -1.250886188501538210e-01
-4.364072413115990812e-01 -1.191340924045854344e+00
