2.886548015184463023e-01 1.093530929126616424e+00
1.204824624628839436e+00 1.217795712398928920e+00
1.070938029060541696e+00 1.421821686092615555e-01
2.199271387913651898e-01 1.032975740022245015e+00
-1.761164244564909498e-01 8.905890467732746618e-02
-5.782289765120892655e-01 1.610756911541229908e+00
-7.870690058830875913e-01 1.449366510142134912e+00
7.251562018684857280e-01 1.111391435478437995e+00
-7.965077327881242564e-01 1.658780960163495077e+00
3.085346881520387163e-01 -5.365753333160570016e-01
-3.801826362478926691e-01 1.554680217179555124e-01
1.832629633643800271e-01 3.300423008414333226e-01
-1.792578356921196714e-01 1.061932684613824174e+00
3.344807361929660328e-01 1.446646287269973907e+00
-2.280580890968121999e+00 -2.859505606391110621e+00
3.059549045170709691e-01 -1.928742469378319280e+00
1.582647763938342944e-01 -5.039849399314053624e-01
-2.500279467915097475e-01 1.892531018429650935e-02
1.546727624306209581e+00 -3.402832083800673146e-01
-8.979457095441119030e-01 2.011313285893810310e+00
-1.479681631521817975e+00 4.011863763073857947e-01
8.403797752287182066e-01 -1.232801499678298773e+00
2.222484444442258233e+00 2.097141328333153310e-01
-6.826749511786756042e-01 -1.487656539239822662e+00
-1.359376457608920230e+00 1.130137204209845647e+00
6.419274234897045517e-01 -1.620492933307839278e+00
-9.682088321360806660e-01 -1.908057548936052283e+00
5.910760248111796011e-01 1.211684775592967833e+00
-5.060047936247309419e-01 -1.429108260003866988e-02
-2.072677582880466107e-01 2.301329901850885928e-01
1.006657094172048739e+00 8.843951132393567116e-01
2.387279514472297748e-01 -3.370093260974205696e-01
2.746433833760227317e-01 6.201419531742243807e-01
-1.180987238766270764e+00 4.239969828688323894e-02
-1.864742607652689621e-01 -2.105064687348860986e-01
-1.455040390354323865e+00 -6.283580584060295404e-01
-1.571923316945525728e-01 6.367610874882859706e-01
8.253106288004614655e-01 4.465408697070057942e-01
-6.107657437514432130e-01 2.045046290604781714e+00
4.640259093246312805e-01 -2.526630525248960701e-01
8.601414782108438573e-01 4.608937367780891470e-01
4.170575642439167674e-01 1.221575170668009136e+00
8.155991214159299951e-02 -3.939635929307530593e-01
-5.037390378884538666e-01 6.619557014977944798e-01
-1.384049785845050673e-01 8.843970058123215017e-01
-1.274990708347625568e-01 5.347380646214846545e-01
-6.884827828459070265e-01 1.798062756081387548e+00
1.672978459142508312e+00 1.558822531746258955e+00
-2.586248370473890890e-01 8.467469001970902021e-01
1.248351412378930353e-01 4.189987748942909651e-02
-1.001724143340904094e+00 -1.764993625201364824e-01
9.317510123907974950e-01 -4.642444884506206071e-01
-2.041191547815286000e+00 -3.352292530574943474e-01
-1.704551083076466522e-01 -1.656473222983847249e+00
-7.598591344102875178e-01 -2.243839434811143452e-01
-4.660844338435250478e-01 1.632884866086167674e+00
