-1.080759863528896414e+00 -7.635865765561016261e-01
2.409986754318085844e-01 1.102087951632892970e+00
-6.184843314073522613e-01 -7.691819657493267348e-01
-4.293578634840984898e-01 -6.673202430318910805e-01
8.746889971802287445e-01 3.743145456038714236e-02
3.065626290236319607e-01 -2.794643376166947135e+00
3.870332973208059357e-01 -8.429009037936808779e-01
-1.272611790677081967e+00 2.747309271272974085e-01
-7.320786045426460609e-01 -1.176567667038328935e+00
-3.432413564723826305e-01 1.240865701655441411e-01
8.883318527687785737e-01 -1.052330316759058526e+00
-9.774639419410391383e-01 1.139027308330852889e-01
2.660217013579679879e+00 -3.688266559863871419e-01
-1.305833729138584642e+00 -1.187576388062171695e+00
1.226001207407526605e+00 6.102259380781892562e-01
6.210300807918767152e-01 5.599597201923098844e-01
-1.135423482878597845e+00 -1.039595701991841287e-01
-5.266118769558283397e-01 7.697274416699629862e-01
8.714246830360139473e-01 -1.643805234928941428e-01
-2.074106145328973749e+00 2.604611162585329098e-01
8.807487701038188010e-01 8.903457163520704931e-01
3.135882079198741290e-01 -1.174192320206721291e-01
3.384856320260034579e-01 -9.614437130872890980e-02
5.137939553486179367e-01 6.277497614955482863e-01
-1.455148720787214356e-01 -7.552090388057633996e-01
5.298956412703161867e-01 1.300499176399958934e+00
1.295110075070326383e+00 -1.242629992958867557e+00
-7.998842147759065435e-01 -1.201748856405157939e+00
-2.115853878886740258e+00 9.227084459871790489e-01
-2.995579062618386468e-01 -1.167550246846593004e-01
-3.791146681915348315e-01 -1.559702182210517263e-01
-2.365648551362076191e+00 -3.717256695901857699e-01
-3.418598486230405298e-01 4.272380421911189941e-01
1.556644662414683189e-01 -2.398859976075879211e-02
-1.333476094251408339e+00 -6.797366075491783066e-01
2.553349951003207052e-01 -1.016251321325963408e+00
6.257478488808116968e-01 4.960527954171139453e-01
-7.090064765278143444e-01 1.081403452462690096e+00
1.454607749387701432e+00 5.274795172549762157e-01
5.126143484265206600e-03 -4.031433643232151809e-01
-2.003138105620240417e+00 -7.221561807172089953e-01
1.727854673279127229e-01 1.489381412360652135e+00
-7.862722146539562473e-01 6.996223409165890604e-03
-2.431862626332223776e-01 4.716439619647144199e-01
1.440471846651432131e+00 5.682234600224347343e-01
5.727020314564024162e-02 -7.201085244393036489e-02
-1.073520393858694577e+00 1.539199394143677235e+00
-7.165088485187655065e-01 -1.491781295518282702e-01
-7.469567407634720713e-01 -1.451576282074207080e+00
6.970322924506351381e-01 -5.097902857177939451e-01
1.357512490295668117e+00 -1.091961830520950194e+00
-6.878632059107701036e-01 2.249086192448339627e+00
4.328338313464258347e-01 1.271157992706032358e+00
8.917725754526573123e-01 1.164263708518839868e+00
-1.896563783359396904e+00 5.540671505091724486e-02
-5.198590614394326126e-01 4.392578066860566288e-01
