9.067211484567887503e-01 1.028805418911108660e+00
-7.668785555549779698e-01 -6.269773800215652226e-01
4.946531776663518620e-01 -2.767589423044523045e+00
1.332994532271803090e+00 9.149512617168651385e-01
-4.054347558702750542e-01 -7.353467528796810981e-01
1.738045309325974896e+00 1.655157674114199062e-01
-7.409941424326860204e-01 -1.107938223797765742e+00
-1.380836626105852893e+00 -1.279204855250682060e+00
2.264192106738174726e+00 -5.104633946063970029e-01
1.141006161729004598e-01 1.477520058267051795e+00
-7.734710762811712881e-01 3.593298584756071112e-01
-1.114205631199752355e+00 -9.867694915461054650e-02
-1.133339924116777558e-01 -1.965393733880644644e+00
3.507583393592150767e-01 1.950287937698403917e-01
1.337251638374357121e+00 -3.813472780150994335e-01
-2.981927478655779784e-01 -8.299427490255752507e-03
2.204397071486534909e-01 -1.592489447889825493e+00
-6.965876685528105128e-01 1.870997973435971407e+00
-6.091446902423223175e-01 -8.080723207192555546e-02
5.658670981930673943e-02 9.056742364117201238e-02
2.408547039873579487e-01 -7.382629997572048852e-02
4.057355736599522755e-01 -1.679706562474930109e+00
-1.273526955376181435e+00 7.609283977841855284e-01
1.108364570162145846e+00 1.008950602363991866e-01
-4.169582035171470746e-01 -1.148631922176453907e-01
-4.202621765078254912e-01 1.781539718087213231e+00
-3.303352376930083212e-01 2.575483065452246922e+00
-4.103534949088074035e-01 -1.290193079678561006e+00
2.026816654049754529e+00 5.209029645659419838e-01
-1.321965881170848456e-01 -3.961030222931676836e-01
-5.422728229386004628e-01 -1.006506617528976910e-01
-8.546610621220869231e-01 -3.503575018702790866e-01
1.947932823247624068e+00 8.450898245836401257e-01
6.142602451712225742e-01 -3.558158896971315155e-01
-4.295102416846026117e-01 -1.002052297563553962e+00
-1.580063220093430587e-01 2.145269385168815823e+00
-8.564566740563311908e-01 -7.609935927005395673e-02
-8.756193546568165065e-01 -8.413140385971559776e-02
1.267765200151076653e-02 8.552052877152299670e-01
-4.024703123885960965e-01 -6.914502974212050068e-01
-3.282253828397473927e-01 -1.700925581938768305e+00
-6.939160422603212197e-01 -6.375061031714664983e-01
1.983175997241721999e+00 -1.943990895772262251e+00
-1.528428541184885248e+00 -5.802193231413181884e-01
-3.046215582217279283e-01 9.769095796578526336e-01
-4.262102596647956987e-01 -1.753732828009130884e+00
-2.633517053663247398e-01 -8.629322421739136217e-01
2.189176216367339389e+00 -6.550947470003993800e-01
1.944556285001884710e+00 4.223220827755341245e-01
1.099578692574880279e+00 -5.010998082904448703e-01
8.452074971900411793e-01 -1.293108782381558131e+00
-2.944707227791677706e+00 3.510702577357021625e-01
4.862306088543473237e-01 3.600968058158042218e-01
-1.880698203433984306e+00 -4.944689773572116809e-01
-1.142476571266033192e+00 6.699354501675676074e-03
-6.023886776010670685e-01 1.126330970462292580e+00
