6.163547203904845562e-01 -4.269307131713157011e-01
-1.291864726144213327e+00 8.351045732669321042e-01
-1.842334111471886082e+00 -5.387543163940881064e-01
-6.198717405186177087e-01 7.388742718982650448e-01
-7.639224705721394670e-01 -1.944253216251584371e-01
-4.646428391762899568e-01 9.328215921600914451e-02
-2.803410777130467046e+00 -1.992929278632110945e-01
2.035132412752397035e-01 1.358723579606319065e+00
-6.171514153728714369e-01 -9.330349721429003207e-01
2.541370649389959602e-01 -4.447122500679484558e-01
9.323653388807959796e-01 -6.839894193438387227e-01
-3.730616894189232036e-01 -7.156237361262607344e-01
6.096892218441719580e-01 1.522755043584659018e-01
1.840467095430052824e-01 -5.846453949755108237e-01
-1.838099026227175414e-01 3.982763572402867602e-01
5.265869577002245672e-01 6.131457939655622358e-01
1.494518536005531306e+00 1.717528542069103603e-01
1.125306712670333109e+00 -1.097531618224081074e+00
-9.453778528816020321e-01 -3.727039340141768964e-01
5.464387021908064801e-01 1.195840313744499062e+00
-1.011425030358166888e+00 1.000171037362917348e+00
8.103065908788668059e-01 1.142075262169188532e+00
5.554277452240399121e-02 2.594222374499917036e-02
-9.104053717296701764e-01 9.916676546355882582e-01
1.131023374910617108e+00 1.065244495212463338e+00
1.191259557928544988e+00 -2.216394351679342289e+00
1.415954415873419414e+00 -7.098050344464857941e-01
-1.609281978960771742e+00 -5.470227872576393091e-01
-1.701770061725141892e-01 -6.080609868983953836e-01
8.187117786695320421e-01 5.306473697379101573e-01
-5.547947944480132731e-01 -5.734336460337172703e-01
9.855897698244164840e-01 3.896806942374967386e-01
-3.401961311258861476e-01 6.448739385969418647e-01
-1.346860089191435739e+00 -1.071412206075553764e+00
-1.131795896318870565e+00 -1.756913346877590154e+00
1.249428010713686366e+00 -2.492388846616782339e-01
5.052987089931227915e-01 -1.071197257273495573e+00
2.232254347250841597e-01 -2.631342343275827833e+00
-1.188983389755720266e+00 2.202952090402445329e+00
-5.064707875820341210e-01 1.643932629947788548e+00
-3.057750920455572174e+00 -2.948127172799169804e-01
1.215458390690451695e+00 3.666641365332239944e-01
8.780699803672957771e-01 8.582904548614970208e-01
6.998898259414362277e-01 9.830082104490573958e-01
1.024373500686484029e+00 -3.334146296100019002e-01
1.100434449924945213e+00 8.135642557591920010e-01
1.053476059828706513e+00 -7.669510210714307330e-02
6.946830388581120008e-01 -2.689583758732578267e-01
3.257927063062671103e-01 1.339915347127891287e+00
-5.791537165919262709e-01 6.188991216217698543e-01
7.889574020436593838e-01 -4.683883726798796499e-01
-7.137436172263768308e-02 3.519736646197225705e-01
-7.395769178148664524e-01 9.493500776996763868e-01
4.333002014147258052e-01 2.331914833349231664e+00
1.146814011058957083e+00 -6.406912790248611156e-01
-2.214154365220649123e-01 6.550438789411273666e-01
