3.697902109139943883e-01 -1.339832677834404517e+00
-1.113994425333094895e+00 -8.305445693935832319e-01
6.397498930811575946e-01 1.201635216307100684e+00
2.198118243237679945e-02 8.620783230709532230e-01
-8.422519289464226455e-01 9.493294399367365743e-01
1.247965585444409609e+00 2.418080894256110280e+00
4.295472937278944914e-02 -2.201816121899806966e-01
2.012271914070807632e+00 6.792920205655408883e-02
8.828360699012902102e-02 -1.471298830976987437e+00
6.828937087454381438e-02 1.268470211550075666e+00
-1.553245539098780936e-01 -2.640196920054565854e+00
9.220763033558452282e-01 1.493866542285053889e-01
-2.198886449632544704e-01 1.195726442860191474e+00
-2.766506912526821571e-01 3.182139741152077983e-01
5.902165351298946927e-01 -1.941826653829446414e+00
6.867646805188281078e-01 -8.593868843596496054e-01
1.726899003834684587e-01 -8.267240782516880326e-01
7.879042381751539814e-01 1.791706376777832954e+00
1.200834991197276436e+00 1.892548060216276085e+00
-9.141103672836259353e-01 -4.256172878508491381e-02
-6.613729609448051328e-01 2.694087281653652632e-01
-7.809105211024705007e-01 7.209210097077725643e-02
1.610973239689444281e+00 5.655651077690180273e-01
-1.096100770337885111e+00 1.027886554148449205e+00
6.079738619219534623e-01 -1.592206149509823310e-01
-4.092942263706679795e-01 -1.672937789974952683e+00
-3.359724495314779791e-01 1.687307868738553429e+00
4.787523203038079878e-01 -4.879445626928193697e-02
-1.086908245992127819e-01 -1.171795852440884883e-01
-5.057345337733721857e-01 9.303776506958009174e-01
5.531760568329057159e-01 -2.578264282887554049e-01
-6.237880984850256993e-01 -9.909752120410629805e-01
1.116030954226217009e-01 6.461879478473753213e-01
-3.484625372653379904e-01 6.721490001721271978e-01
7.524316478815123999e-01 7.186562118743235195e-02
-5.712631948650714886e-01 2.057652759949571419e-01
7.019089268610393395e-01 -4.339757895433010715e-01
2.505944288593718317e-01 -7.770741415181370293e-01
-9.846262467850209754e-01 2.263878473524121304e-01
-1.026762184071336570e+00 1.311353443393945550e-01
8.642596276129582700e-01 -9.505553159007081865e-01
-3.673890155970365168e-01 -9.119615382727197517e-01
8.974603823971802896e-01 -1.047495897515425378e+00
1.233087588565743520e+00 5.006828090177458668e-01
1.712904231336225824e-01 -1.657719134784824355e+00
-2.739982520318557491e+00 -6.996108382527144176e-01
2.286877768197350225e+00 -1.255766259198948763e-02
1.044558888884409731e+00 -9.916991654046265481e-01
1.945817944852942905e+00 -5.085081443485869324e-01
-3.633585493934180510e-01 1.977028358455525048e+00
-6.032636539591690328e-01 -2.248330571262697683e-02
-5.544308825889754377e-01 8.710232680308684916e-01
-1.391701463014780871e-01 2.055414038519901343e+00
6.686597973798122374e-02 1.653683389066927356e+00
-1.098440358717019283e+00 -1.087643691527459211e+00
2.520892722560011956e-01 -1.624418627365187939e+00
