7.277034603544040303e-01 3.971522411265018260e-01
3.792808596070157412e-01 -1.357911213752722723e-01
-4.565286807525553714e-01 -1.566654227491696971e-02
-3.118996248833409354e-02 1.252038199159809517e-01
2.602811216147554174e-01 2.841954375500622132e-01
-1.400547113589545312e+00 -1.904060723775774788e-01
-1.913139955563495143e+00 2.824329347982389660e+00
1.718401934108557128e-01 -4.804096510799413799e-01
-4.901366453072960594e-01 -1.500587257093035920e-01
1.102020330583588725e+00 1.165106448885383783e-01
1.038032151256967628e-01 -7.472671403317319161e-01
7.217202880072234872e-02 -9.741106313102405878e-02
1.800644316234706999e+00 2.160273902884497776e-01
-1.915767734499783215e+00 6.931250987739460967e-02
3.437109605796143663e-01 1.569781446896564736e+00
-2.818310830861392446e-01 1.728731786549561611e-01
2.110465595013727658e+00 -3.485508872282310766e-01
-4.086082970182042251e-01 1.043400179790473885e-02
-3.639496055170808875e-01 9.812196235178876069e-01
-8.060033382770684929e-01 -1.887186263466630765e+00
-1.341347189844206422e+00 5.790876634529146250e-01
-1.601231446069898978e-01 -5.356025980553928978e-01
5.662354881725903955e-01 -3.935495611703876961e-01
-1.004300431964254559e+00 -2.830668867580614645e-01
6.986435276199741695e-01 1.592796598020600252e+00
-1.135922391401247733e+00 -6.851846181895996368e-01
9.016189924128330258e-02 1.714269257301859639e+00
8.404241081749144193e-01 8.722300406899834435e-01
-6.456885498611838470e-01 3.816878748676425515e-01
-6.874495254260082344e-01 -5.396209012716225439e-01
6.416528459118711059e-01 -9.471240910735706509e-01
-1.061027826261534912e+00 2.265269747139747880e-01
-3.328707567454662342e-01 1.007500755150322780e+00
-2.859298343860302571e-01 -6.858264134245507515e-01
-1.429786656034444325e+00 4.871907134120122967e-03
7.822331081161103539e-01 -1.371986469528029273e+00
5.960865091126839044e-01 6.196633903574695346e-01
1.090446698337037112e+00 2.506193650192739542e-01
8.269167254396407873e-01 1.063937822309938497e+00
-5.368980523048154652e-01 -5.699537719902756372e-01
-1.917245577737905604e+00 -9.283910308625066277e-01
1.289814514546677726e-01 4.179958983337178080e-01
-1.110191437188634903e-02 1.230217718631757551e+00
2.041847458067732823e+00 1.458479532164395076e-01
-5.020104329617002259e-01 9.327705110309729430e-02
1.091770155016818372e-01 -3.548958041826085208e-01
-1.399084158777427200e+00 2.150292636629726195e-01
8.822024424084795591e-01 2.746908020289799413e-01
-4.020519644118445562e-02 -1.003239406314269777e+00
-7.930894753415396181e-01 -1.105818826223995188e+00
1.545464145025531089e+00 -9.253081195952121973e-01
-2.649230203223995161e+00 1.867523696679809220e-01
1.260139947243219094e+00 1.549626743463504264e+00
-5.188067183914224501e-01 5.328362670424188069e-02
-7.418299062937513400e-01 -7.953845481078040125e-01
-5.601507923194433136e-01 -1.410409465310219046e+00
