2.281519665251056761e+00 2.726924209821781075e-01
-5.859919034105762758e-01 5.646260141468227856e-01
-2.667795399184568206e-01 -1.291228895775423435e+00
1.365095366741661209e+00 -5.181847105118486674e-01
-5.774735854156944764e-02 7.237092135880719423e-01
-8.381586460832787244e-01 4.762136883497582462e-01
1.349315009370224416e+00 -9.243276724833436875e-01
-1.240937538190981959e+00 -6.121506894140176236e-01
1.368126583212520009e+00 6.328735267830540856e-01
-1.801551711651647070e+00 -2.698544270599121941e-01
-5.521607858410078062e-01 5.537871353999926916e-01
-7.718467403202174948e-01 -8.461792624251250894e-01
-2.473358033311749693e-01 1.227687822570084908e+00
-8.311433044220298827e-01 2.048456821827124852e-01
9.110211194632218401e-01 -2.180561607387681455e+00
1.093988370951656658e-01 4.051370960448326120e-01
1.717896158720427113e+00 -3.271361176950705885e-02
-6.062240465642853016e-01 3.713169970332101943e-01
-5.573636248552185091e-01 -1.060075394620213496e+00
1.141762444359347928e+00 -1.814337192805703936e-01
-8.949393497806260589e-01 1.254500641890709645e+00
1.643935104398017988e-01 6.268821373525251817e-01
4.623832260128575289e-01 3.254847247680431876e-01
5.519972318169423520e-02 -1.979835222704747766e-01
-1.008919486085857187e-01 -2.138232865464696764e-01
-1.512235191766763409e-01 1.300281453453728808e-01
-9.053011956972180085e-01 1.438449532025610766e-01
4.213646853904731010e-02 2.479213818146251691e-01
-1.653699070100664581e-01 -9.193235633947026697e-01
2.103075612202960354e+00 7.207633429665438740e-01
5.606677578695538067e-01 6.034469438098933880e-01
-1.066994684539747995e+00 4.841959386655229070e-01
1.538529305457724261e-01 -4.636232526608005111e-01
1.598120677724014005e+00 -2.278316718592232171e+00
-1.091542063816953068e+00 -5.850162240163195859e-01
-9.883272465468737611e-01 -2.624625740797482121e-01
-5.558518564834362408e-02 8.269746228562010470e-01
7.561879762739021071e-01 6.805229417686826654e-01
-1.454628819116669636e+00 -5.064999122433320178e-01
-1.023989457514254520e+00 2.258617088348373603e-01
2.109174745471639856e+00 4.454552898789756465e-01
1.110978014711082151e+00 1.381245804803130639e-01
-7.649960927401188160e-01 -2.755955889713864737e-01
1.481414422665054409e-01 5.081869700632417608e-01
1.265588634575468996e+00 5.059108030985003390e-01
-1.189283267706862324e+00 -2.425442537803429222e+00
-7.444249547818621027e-01 2.178120977430385352e+00
-2.685239056599003638e-01 1.031682392999066167e+00
1.867381241833212968e+00 -3.457473252511383266e-01
1.315999229730830389e-01 -8.804705373309964500e-01
6.224574529615098939e-01 1.580519720340646694e+00
2.890717181078566456e-01 5.649405950521246833e-01
-9.943747246076731772e-01 -7.107589318117442378e-02
-2.556979963251302945e-01 1.222631167350179515e+00
6.899991044583768662e-01 -6.468895838024741884e-01
-1.103022689233387643e+00 6.199467217393368479e-01
