-1.031286700406483098e-01 -2.125992748038339486e-01
-3.296309593320358999e-01 -9.693926139097709394e-01
-1.211897635080264601e-01 -1.035095923561090814e+00
-6.278581171112467274e-01 -4.088522929339982181e-01
-1.210628072692364388e+00 -4.676938404242085845e-01
-1.110329194190049495e+00 2.644577868106396390e-01
-3.129891448985265279e-01 -6.614833552299906883e-01
-6.741484735171838771e-01 3.779680941854635101e-01
-6.651319542983711308e-01 -6.723429350859788656e-01
-4.080156350078902316e-01 5.381889585264755249e-01
-1.960520729537837736e+00 -3.095693939060068511e-01
8.639244795178547820e-01 1.435993160009168879e+00
3.478580417264996449e-01 4.765451120145965946e-01
8.647219197350273223e-01 -8.146577492972952861e-01
6.890008652212128437e-01 2.245437616242627055e+00
-1.742879396702165851e+00 2.564523993874226471e-01
-4.836756153353578558e-01 1.407147407310552101e+00
7.588618091990522174e-01 1.112759127751920651e+00
5.652366064484103808e-02 -2.891905114810920385e-01
-2.713327194241756390e-01 9.044748192898297012e-02
-3.710725899207272249e-01 8.985705401601913611e-02
-7.963819416255743522e-02 -1.379751160530956255e+00
4.296331452551063919e-03 7.526854311437821687e-01
8.462617203534450461e-01 -7.411871606374172972e-01
-2.527945654129303055e+00 -4.684696339456826952e-01
7.254452039448346934e-01 4.633986784216578836e-01
3.596025122594052603e-01 6.984027068393753312e-01
-7.918222946678139459e-03 3.047279986397591345e-01
-2.950161505662731720e-01 2.525928185403279791e+00
-1.434466911233182485e+00 -1.033473718619108084e+00
4.966062323590482719e-01 -1.145130824817195414e+00
7.248068112385068762e-01 -6.002670326488108721e-01
-2.060719769132037360e+00 -1.506729308100512199e+00
1.945256394339004158e-01 5.564662619307139124e-01
-3.195529189591903574e-01 2.152605112820138167e-01
-3.352506393077111981e-03 -1.607983652028928789e+00
7.005316192599966296e-01 6.824245770155419333e-01
5.238170913197008893e-01 -3.426681142593651086e-01
8.760709929540426710e-01 1.183443891477994780e+00
-1.077876101535004683e+00 -1.658345194067730066e+00
-7.355685968249985329e-01 6.354433351225319271e-01
1.294467360058544070e-01 -1.228706997444991789e+00
-5.205871272148433482e-01 -1.679197170705307718e+00
2.003199706194439322e+00 7.518763731749411594e-01
3.264896895094641649e-01 -2.166531371615629809e+00
-1.060082175277291094e+00 1.061048548788803059e+00
2.976013450409111805e-01 2.132150519890076978e-01
8.414404324588633521e-01 7.678005263651732637e-02
-1.312952092217527289e+00 -5.132854222995768545e-01
-4.691204822281972997e-01 -2.597097929277712769e+00
1.249829889354514112e+00 2.283461947141396386e-01
-1.046962981916298219e+00 1.508479193467314516e+00
-1.351472877417655649e+00 7.182408771978071593e-01
-2.346535798696220906e-02 1.169460187727506595e+00
4.222040062936226468e-01 2.126666766217027715e-01
-6.311881505692213956e-01 -3.937164184527096600e-01
