-5.618582350301946082e-01 -2.558301606502866310e-01
-9.354099179546512266e-01 1.457098711876233077e+00
1.061633371621318433e+00 -6.349263226551360439e-01
1.643417842768048587e+00 -9.852644123348817118e-01
2.881572740340805350e-01 1.359311110617827945e-01
6.089979851446666315e-01 1.234417153200948469e+00
9.108708710761788119e-01 3.230839203731372122e-01
-2.016440049215293406e+00 -1.157623400994704843e+00
1.972591243756213863e+00 4.187136185911020103e-01
-4.708320832525709210e-01 -4.626208845408430470e-01
-9.538858734130464256e-01 1.569289207742129433e+00
-2.353152895361196595e-01 1.041830524035190164e+00
3.640985368701549763e-01 6.001082569462593552e-01
-1.357974137592674380e+00 6.505624598240172807e-01
1.316567934215996383e+00 1.568177666228151690e+00
-2.323071796493183516e+00 -8.868046597555059307e-01
1.148132038076521200e+00 -5.095532749441101378e-02
1.666155991142384662e+00 -7.511551508023084356e-01
1.285355821333299398e+00 5.021036860269135760e-01
2.232837815258640335e-01 -1.476438231994665617e+00
5.669148141034321409e-01 -1.401136405841375554e+00
-6.235681734907773111e-01 6.288038343993852530e-01
-3.795889774655994420e-01 -5.669677648489800381e-01
1.957329811113683427e+00 1.099368663035717786e+00
-1.641376094764703808e+00 -4.382950280059673687e-01
-2.746118308051567411e-02 -8.437500461903553184e-01
4.199885114223723681e-01 9.212734408526535024e-01
3.060421842227528666e-01 1.342452308392363625e+00
1.170324017613127765e+00 9.835310108839753207e-01
-1.116701362518000978e-01 6.383606276725814488e-02
6.187128309266634041e-01 5.475637697469130094e-01
1.263265750349096793e-02 5.064169809094848373e-01
-2.150400220842851873e+00 3.226811974257337012e-01
-7.642574383848246278e-01 9.552779776641056042e-01
-2.626290982855700729e-01 1.404946300319628083e+00
-1.324210355599983346e+00 1.582476886181829745e-01
-7.357812706720200380e-01 -1.444681858043509903e+00
1.803318551581060580e+00 -1.286683092596487832e+00
-8.897351957474174400e-01 -1.052931246735054671e+00
-6.783074695351128947e-01 1.144051902785063524e+00
-4.250182392121023556e-01 -2.480614736873465731e-01
-2.196648439981240264e-01 -5.905936295440639139e-01
1.024978851687651682e+00 1.325160628426716558e+00
3.937367589318988559e-01 -1.390920039757058912e+00
-3.737983192519617193e-01 -7.798504560223514792e-01
-6.279044758235737822e-01 1.137832142311288264e+00
-3.982234867393741884e-01 -9.623549223802190244e-01
5.459130184433789168e-01 -1.349207101965893330e+00
-9.709023191558243671e-01 -5.778454969287927234e-01
1.231776985668854435e-01 1.180619368359819565e-01
-1.182716724134521280e-01 1.891357181779928620e+00
2.619774477245871425e-01 -1.729871600298716616e-01
-2.845468728034601380e-01 7.702188928764028830e-01
-7.997089910248336153e-01 -5.328830369290564750e-01
-1.873706569177476799e+00 6.352873959197909981e-01
-1.340854498350580348e+00 -3.976949346130560503e-01
