-5.161335702608376153e-01 3.770762136873777037e-01
1.173047572712914599e+00 -1.411292484409501613e+00
2.007245151386492399e+00 6.869356379932751722e-01
7.820046454422314719e-01 2.710752289111629798e-01
-5.586084739609400440e-01 -1.612639113166843552e-01
6.714496252432001766e-01 -6.046276947643917099e-01
-2.184732695133088098e-01 -9.368721801838331142e-02
2.212717678062583904e+00 -3.434811379545552046e-02
7.136356564746035858e-01 -3.294465192676012677e-01
-5.580821141132099594e-01 -1.121799731478382967e+00
3.238022836037238728e-01 -2.710449054921553191e-01
-1.926342887730795539e+00 1.006236805256364830e+00
6.059001293598172827e-02 9.202676173615569055e-02
1.018717804153554951e+00 3.001304360279026251e-01
1.042684797123488050e+00 -1.050169680245680137e+00
-2.709129652496557572e+00 1.021897767033565385e+00
-2.473960810379889907e-01 5.919459960382122965e-01
4.736813574400362548e-01 1.549360612977770613e+00
3.269119474563168537e-01 1.170417088561594765e+00
-1.049703018206195937e+00 -6.850472061185565176e-01
-6.992934333253801871e-01 1.194840919012776004e+00
-1.408683537391570928e+00 -2.274328964856927593e-01
2.923715083430785677e-01 -3.805596380769115106e-01
1.197547396725032520e+00 2.784923753447877681e-01
1.248941805806556421e-01 -2.130389593722009367e-01
2.346355848905315733e-01 -1.009514826663689746e+00
-2.772562849895619852e+00 -1.040100965757521312e+00
-1.112989747484570024e+00 3.447555295902662853e-01
5.045745736696313211e-01 -2.005690653852365557e-01
-6.736637163786380889e-01 -1.000569591527300961e+00
-9.837050141615083509e-01 9.655546907027181755e-03
1.038405182135463400e+00 -7.393925068043014637e-01
-4.315962988815746915e-01 -1.286512997315119311e-01
5.177006005114961340e-01 4.327427810323892787e-01
-5.194398810930173083e-01 -7.567442478944348405e-01
1.729563590782981164e+00 4.233201229340231575e-01
-7.171090521599028378e-01 -1.445266568600475310e+00
8.995905565079087562e-02 4.568029304357520415e-01
5.322198263386344053e-01 6.295469209842670111e-01
-1.264998637352963140e+00 7.146971292024875133e-01
3.447488860687415446e-01 2.557148692233212617e-01
-1.384994050479707306e-01 4.341952725255152634e-01
-2.309442623437161224e-01 -1.977208020235915464e+00
5.957978495457341706e-02 6.402713856460697794e-01
7.565633370492417242e-01 6.526205636596643656e-01
3.190748720444055442e-01 7.482122862980110645e-01
-2.355444371333189901e-01 1.730088550122083513e+00
3.179518602336652289e-01 -9.155776488690756665e-01
1.934570294493466180e-01 1.005107275203774853e+00
1.919279147227516691e-01 1.082118549872531199e+00
-6.787617966843906281e-01 -1.301539883196288327e+00
9.458770885232600234e-01 -8.649472344237422172e-01
-2.045721231676400631e-01 8.423302118184484710e-01
3.433174201952058358e-01 4.850258678151317948e-01
-5.722523454608887672e-01 9.579394302570679032e-02
5.513856525504052392e-02 6.632569562800795238e-01
