3.769542992692588856e-01 -6.868694804194777070e-01
-6.842572469768092303e-01 -1.028751482994342270e+00
6.764541794894617377e-01 5.830390329892335410e-01
-6.841102242072395756e-02 -1.328917321349531999e-01
1.291224989091097619e+00 1.697995335848913268e+00
1.979184206568908255e+00 1.017055342823217190e+00
-6.820893189574990523e-02 -2.645798165652560874e-01
-8.633010072257976120e-01 -1.236368122394260888e-01
2.090941067425355626e-01 6.789186848063517576e-01
-1.350232850891076808e+00 3.540739860378343262e-02
-1.155437313984671172e-01 -1.489119807185889321e+00
1.645726524150949555e+00 -2.855036163435718116e-02
9.574536456562269260e-01 -1.862098389563575374e-01
-3.389082807137295816e-01 -2.588834890823321078e-01
-9.226318269880559031e-01 5.860020981297652254e-01
-1.477676733054619440e+00 -9.812652249553274197e-01
-1.089546247311775629e+00 -5.049514522800051530e-01
8.595090183443440113e-01 -3.304094049454965876e-01
1.452256723759396684e-01 1.148130496079728502e+00
1.861511884865223898e+00 -6.517144330953746068e-03
-3.809265005295872641e-01 -1.426451985204357786e+00
1.042700216894367982e+00 -2.890967252601890636e-02
1.064405830039702794e+00 1.190525766506959737e+00
1.125922971223386748e-01 4.851254345814364766e-01
1.127172347309166156e+00 -6.711873291802136210e-01
-1.609982250907516788e-01 -2.156324533221068707e-01
4.097507184273945779e-01 -3.926840326313647822e-02
5.308683627501082913e-01 1.188962561705921850e+00
9.669438796585565488e-01 -8.530915694394657356e-01
-1.030507415747117933e-01 -3.660532181842995891e-01
-1.587344137187542303e+00 5.636659013569224053e-01
-1.229720666145410757e+00 -6.889673951653413342e-01
-2.154793540852518063e+00 4.109366069298636126e-01
3.154373554693905568e-01 -4.836666466833779432e-01
-4.271283807337851735e-01 -1.474902922238892744e+00
1.286178018738050266e+00 -2.136217955927478762e+00
2.148565315198229797e+00 -2.470597512394589745e-01
-7.432332397374121769e-01 -1.084793226882788897e+00
3.542425174885928674e-01 1.088680221698354655e+00
-5.028593626423678575e-01 -1.652438517881855473e+00
5.815482109528691268e-01 9.611743686243019447e-01
-1.419821860727112028e+00 1.040425733445172335e-01
4.110817317616067279e-01 -1.341718326545375373e+00
7.392649710177746636e-01 4.532053697788406832e-01
1.375303058238889875e+00 4.655251816865881298e-01
-7.066700781896684269e-01 -1.633193050644196065e+00
-5.630018229443227717e-01 1.157238866052947568e+00
-2.871441755052112077e-01 8.168601891730132847e-01
-3.086914974646793874e-01 1.898978574886698523e+00
2.194795021189807627e-01 2.461090133494069132e+00
1.917374322519997676e-01 2.609822352202146312e-01
3.747257024132933378e-01 -8.151934624613246250e-01
3.472616131201657352e-01 -5.136602073075470232e-01
-4.111115665096969907e-01 8.947417369087704575e-01
-1.159612168611985572e+00 7.070115487549586408e-01
-1.637381160744570963e+00 -6.042566361491548133e-01
