-7.646296744503185971e-01 6.726137083804574202e-01
-8.703112812211316607e-01 -1.525429094358974558e+00
9.992516619896535390e-02 4.313076083251612958e-02
1.288869281031051583e+00 -1.435294005219811986e+00
-4.945071162117243291e-01 4.603683023236903593e-01
-1.749514434649353412e+00 -7.101623254058976320e-01
1.229019268282965927e-01 -7.688315655413666683e-01
-1.140390051803750637e+00 1.662612299346114098e+00
-3.638117258273814159e-01 -1.506092900385860300e-01
1.405734527983375504e-01 9.434827763414491697e-01
-5.532152474920248864e-01 -5.387769365775771369e-02
2.397016079411644629e-01 1.059719747249439514e+00
2.138284489808324473e-01 -1.555943985216352299e-01
-2.072412309980470102e+00 -7.807370137551970790e-02
4.066879231907325476e-01 -1.325321371363326950e+00
-2.139207655773556760e-01 4.372999917134620107e-01
7.152567880247849841e-01 1.100490276702662751e+00
1.421410700056046084e-01 1.259740638578656646e-01
5.806384872185403889e-01 -1.163368826759745067e+00
-1.121044954387563131e+00 -1.166624627490088439e+00
6.312743209403188782e-01 -3.090571084568984328e-01
-4.803167132645523307e-01 2.264097959433257756e-01
-4.681329590289719511e-01 1.856289635043256947e+00
-3.094288077533273729e-01 -3.861701812819866020e-01
-9.439845727119667851e-01 9.520857989932344223e-01
-1.498717277034143258e+00 -2.059629386724638689e+00
2.990566111088383341e-02 1.420008205336153739e-01
-1.593223906579970262e-01 -4.621000675169268934e-01
-1.770656497246624994e+00 2.131275124616955063e-01
-6.161399036913689509e-01 -1.515310457584791548e+00
-2.151351989193206471e+00 -2.249153768856221314e-01
6.705816819718450617e-02 5.239144520127783089e-01
-1.975312093016768147e-02 1.224021763648242223e+00
-4.034655943577395432e-01 -1.254226747783093510e+00
-1.412619597182193765e+00 1.086545414250791319e+00
-1.581980404699257825e+00 -5.820550205165418017e-02
-8.300604574592793661e-01 -1.275940409863105529e+00
-1.588290315112727669e+00 5.139851052097834661e-01
-3.283137123420885595e-01 -2.560527335106791202e+00
-2.291806440479521867e-01 7.608140828791675192e-01
-4.728299771583645006e-01 9.191991681344262588e-01
1.830412417004065206e+00 -1.150943773305405760e+00
2.380532527735573556e+00 -4.589646440280186201e-01
3.522549690499134356e-01 -3.493322201720728826e-01
1.789577981884672153e-01 -3.795238003821633788e-01
-8.963294624618038942e-01 -1.914276018505226828e-01
-5.915909608861507074e-01 1.482667096286015458e-02
-1.268700291250860479e-01 5.620252470700599634e-01
1.643025137434170446e+00 -2.215987254647733273e+00
-4.669977441957694486e-01 -1.371400750479732533e+00
-6.468945343979357609e-01 -4.992528547369522174e-02
2.317959805964577014e-01 1.292900416801091135e+00
-7.134165355158809119e-01 -1.100272735035364935e+00
-4.958912528465876934e-01 4.558699552819254208e-01
-2.928470203852040044e+00 -1.772218043685786504e-01
-8.849804794869450264e-01 1.290561820914565505e+00
