1.007424488825862552e+00 3.669288454799783938e-01
9.007177289172557666e-01 -4.225689038838201794e-01
3.865928554329484679e-01 -5.456614943763623410e-02
1.220709736670601453e+00 -2.163681660574836130e+00
2.268503625075002639e-01 -1.257229129024010905e-01
6.057304615408085624e-01 1.834298358473859691e+00
-8.768868959992551781e-01 -1.579620766294424772e-01
-7.932908219446055398e-01 -1.370964214919379920e+00
9.729446766341274255e-01 1.823386459907584689e-01
3.202951514657229604e-01 -1.030903162188172573e+00
1.932143694173712456e+00 -1.260941903433774769e+00
-2.088631263525998261e+00 3.576682021387568300e-01
-3.789567827850406356e-01 -4.434799674602489250e-01
-1.151347219739365935e+00 -3.937455777440566074e-01
7.129772836067738151e-01 1.573755670533454776e+00
1.461292941521387945e-01 -9.494554831260793026e-01
5.036568623782237131e-01 1.232332837843131301e+00
-4.574616995200362912e-01 -2.308385244712759299e+00
-1.029149080344786915e+00 9.813157727853248913e-01
9.223752403048319781e-01 -5.687960803794103182e-01
1.702179792002304737e+00 1.156919920016802467e-01
-8.786528698703401918e-01 -7.925006572420859596e-01
-6.480325907023625209e-01 6.151918522672281675e-01
6.129603319871316236e-01 -8.090089563410864937e-01
-2.632850507972098741e-01 -1.344748192375867291e+00
-3.261934436730590248e-01 -1.848818069707189427e+00
6.691324648724484847e-01 -7.293207839872740267e-03
4.697246600395932892e-01 6.141675376277320186e-01
-7.953647531781590785e-02 -2.337774429942102161e-01
8.455400971100497376e-01 7.795937363723824953e-01
7.713209158843346014e-01 -1.011988290527161993e+00
4.982569508189602092e-01 -9.609412756787140131e-01
-2.530383744507823440e+00 -4.500572782212814982e-01
3.631059407175512010e-01 -1.212420231103218837e+00
-3.680785703365184180e-01 1.539654780292351033e+00
-6.360104931684846807e-01 1.713189227716037377e-02
-3.496668051380360520e-01 -3.532945882437906193e-01
-3.258521371679668488e-01 -1.047465881584661584e+00
-7.865272128227057680e-01 1.165901911993334927e+00
1.824159941082875047e+00 4.355863812100869148e-01
-6.066091601563892155e-01 -9.219053746532995808e-02
5.023467827140044167e-02 -1.054623321734069252e+00
-4.047925464807712592e-02 1.395244177181581779e+00
-5.767881924869769916e-01 -5.749916371985578367e-01
1.195631356514737398e+00 -6.446807454335022440e-03
5.272214340276496491e-01 -4.307801343681625685e-03
-2.740597741618818750e-01 -9.576457613440300110e-01
5.041299628576523251e-01 1.173625049281999733e+00
-1.256931183533111174e+00 3.796385512211929159e-02
5.825013227363721180e-01 4.798440153867147284e-01
1.108759770701331249e+00 6.219447629934418686e-02
2.102947980491423063e+00 1.791267066374523376e+00
-7.056946297215248576e-01 2.866077298101796789e-01
1.950943594836167305e+00 1.199389630632370807e+00
2.286274347463683299e+00 -1.432858428109343718e+00
7.502841363151656617e-01 -8.033022230399677888e-02
