-1.821522331376798975e+00 -5.144359161035102490e-01
1.129440585231710870e+00 3.520962393941526880e-01
6.165886397313774525e-01 4.589094296581775791e-03
-4.582906773075692830e-01 -8.390181885009752316e-02
8.058846307626056638e-02 -5.826272028551408022e-01
-1.307984405306566345e+00 8.209161311836202790e-01
-3.867083182099784189e-01 4.051753717621135453e-01
6.269773908816126395e-01 1.110957997384229179e+00
1.412038894850325965e+00 3.711716203295824523e-01
4.028107179340362221e-02 -9.844371087778983620e-01
3.515556775310608728e-01 4.016247959906910081e-01
9.209556729927348417e-01 -9.403654522787536774e-01
-3.017368802578607734e-01 4.661838300550049108e-01
9.696766600181202511e-01 -1.082575957991223747e+00
5.902210558087966907e-01 -1.415797114408930690e-01
-1.992843589903349200e-01 -2.202877864718291168e+00
-9.997019811616104645e-01 -2.644585728295136828e+00
2.691479079269647023e+00 1.020809663272583379e+00
1.069691096580098089e+00 5.740963242285819224e-01
1.230356351868208797e+00 7.334129405951502756e-01
3.270718672543880823e-01 -2.642698668174166959e-02
-1.232700775897023426e+00 -8.390980415042493812e-01
-3.229170417799290260e-01 2.577943098088911533e+00
-1.082707236310746612e+00 -1.210056430769818503e+00
-4.091279637421153109e-02 1.032473668553117507e+00
-1.484379736253875093e+00 2.510442500971312718e-01
-1.620380938805072724e-01 5.455320923304458891e-02
-1.269491686605059011e-01 -9.334408197321697465e-01
8.050788701711060202e-01 1.021573688814927383e+00
1.969905248300201916e-01 -5.318071457838730032e-01
1.166605275907885542e+00 1.831088787961214992e+00
4.958549453445657562e-01 -6.626703967622633584e-01
-2.921202983171998224e-01 -1.644581563379803102e+00
1.246614693614695346e+00 -1.898659802420791243e-01
-3.376902044456221441e-01 7.727948033586296006e-01
-1.009345587266004207e+00 -4.010630768740373053e-01
-1.261129537607271534e+00 2.410462314964992997e-02
-5.125906022876963730e-01 -3.710200316907308338e-01
6.182172269761763150e-01 -1.297351006867041523e+00
1.930239540754859484e-01 -1.938096400419692111e-01
6.366973404476158338e-01 8.765016288809164557e-02
1.911518612599884648e+00 -1.919307350019536507e-01
-4.971113226487661740e-01 1.026644458038967311e+00
1.255878240387007017e+00 2.280710260721112270e+00
1.337115916497326751e+00 3.509086227649581557e-01
1.255696142044023356e+00 7.290443922313347702e-01
-7.024665415048330086e-01 5.770444755044907836e-01
-1.568162954482813953e+00 -4.753542113457190355e-01
7.130121707552714572e-01 7.032898460145673436e-01
-8.826936507606268634e-02 2.150599960138413813e+00
2.457386628539520501e+00 -7.932454705563654063e-01
2.658382243183587401e-01 5.416409356388699470e-01
-2.280294010268946181e-01 -2.895766339951291735e-01
5.459028073518245039e-01 3.560270526830010551e-01
-6.526662045570413850e-01 -1.610777629039873204e+00
-1.843657797093008546e-02 -8.558080555450272575e-01
