-1.290269024921766539e+00 -1.829337325281575957e-02
1.076165454371984298e+00 5.751330625683968023e-01
1.339109684532722444e-01 -1.280788190061030507e+00
-1.280910569330190873e-01 6.683840619937704286e-01
-6.688869487750735976e-01 1.241334994547844683e+00
-4.852449801000704444e-01 -9.423642761730416373e-02
-7.964808034053802999e-01 3.686862562490176853e-01
1.316419658097259360e+00 6.263392639353423386e-01
-1.007473422011880393e+00 -1.215756990253937575e+00
-1.345647924328816414e+00 5.309445656835144467e-01
-8.404810668906906868e-01 1.245700600613938613e+00
8.779835218822620302e-01 1.459127009277113585e+00
-1.905308036143336589e-02 4.470361035979290021e-01
-1.706380475516843243e+00 -1.815638653204096897e+00
8.434549733126793514e-02 -4.309868549618790512e-01
-2.964584932415126328e-01 2.591259042575912108e+00
-1.368170509983054117e+00 3.657513238854501747e-01
-4.398827593989635409e-01 1.197787677809753343e-01
-2.905372741260761615e-01 9.816760428504043290e-01
1.089950997782743597e-01 -1.020507901077098989e+00
-1.316057534032899490e+00 6.959171594722061149e-01
-4.416194630232331830e-01 -1.701069564298957060e-02
-2.240685360828451600e+00 2.527725596907718586e+00
-1.060709834145890929e+00 7.833572035367998287e-01
1.242229403800418686e+00 -4.066005194016993063e-02
-6.192433650153661429e-01 2.793522697534722710e-01
6.534632989703127448e-01 1.383323300586299709e+00
-1.034232512140051297e+00 -4.279911538717823954e-02
6.527535623411661048e-01 1.232612537698942079e+00
-6.232084187066406350e-02 -1.492529742605865017e+00
5.196591598406434531e-02 7.444180883888010802e-01
5.215579858070231722e-01 9.166205750038215472e-01
5.088967287152540431e-01 5.902137365954065462e-01
8.031545342361624540e-01 -9.304335668295379835e-02
-1.993411103847040622e-01 -7.097971794856390293e-01
8.535309907304917676e-01 9.157093847225787897e-01
9.900366121867633096e-01 1.239465687602617106e+00
3.214971989997613133e-01 -8.513669655192614982e-01
8.049413701682912869e-02 1.813472567848303685e+00
1.997807476497631685e+00 -1.161973350254870141e-01
-1.081713123597606296e+00 7.200911625126465987e-01
-3.881167759791109284e-01 -1.646217327518148185e-02
-2.337848440108690085e+00 -7.966670121916930025e-01
3.199133068338992913e-01 -2.032432575880173342e+00
-5.809543730330813949e-01 -5.978201688321926888e-01
4.879029724227948450e-01 -6.591259801614664238e-02
-1.849305045150839433e-01 8.726857476316288720e-01
-1.190301681471358064e+00 1.252902585240613043e+00
-7.421579079568934034e-01 -8.516844091608406497e-01
-1.740528277066846652e+00 -4.527974170342289328e-01
3.723510658619781366e-01 -1.882410749055279275e+00
1.783207078006575075e-01 -1.655160641419509249e+00
-1.627019272024185614e+00 1.901530944595380135e-01
1.065942345215418419e+00 7.103769444434182567e-01
-4.908497730372401446e-01 1.010312258442252142e+00
1.224204842120991676e+00 1.366998946884270927e+00
