-8.846157142811407192e-01 2.062372909914913510e+00
-9.077218944294356273e-01 -2.145598641769838610e-01
1.423699936539076116e+00 -7.922718426079750076e-01
4.632188408508622901e-01 -9.923084038689287123e-01
-4.122400492698662378e-01 1.203356206566092990e+00
-4.389719902337197999e-01 1.832100367208324698e+00
1.146510277067836814e+00 -5.369324115844404943e-01
-3.841619972961100582e-01 -1.008002365752869611e+00
9.016353298874398847e-01 -5.479363229761031739e-01
-1.701132777528355122e+00 -2.361055177914060388e-01
1.219308714981793162e+00 -7.610855002746833575e-01
-2.052634541666913948e-01 2.037867482942174568e+00
-1.842472894255235527e+00 -9.921868302257523808e-01
-8.706989236995081871e-01 1.884533417993197624e+00
1.426586641004731648e+00 7.118104999852711279e-01
6.976665415065853582e-01 1.124759972623658344e+00
-7.231725128011640136e-01 -1.183075042666750898e+00
-1.170069392559838217e+00 -1.499691749786080663e+00
-9.394585629076096511e-01 9.810593252249147911e-01
-3.024468691334022963e-01 5.754370384507533423e-03
5.255095787234443511e-02 8.789028059868418952e-01
2.990178356880776045e-01 1.357776309263950543e+00
-9.570935703437619679e-01 -1.647921094807566211e-01
-9.952370607461259455e-01 1.342261848169405081e+00
4.143303629558652834e-01 -5.723522259735434048e-01
1.676352874310276020e+00 7.932774146534929405e-02
-8.607115995597830471e-01 -1.115025303042318283e+00
-1.008405009716669021e+00 -1.037509963335488505e+00
1.251102911591219335e+00 -1.007627501710572082e-01
-2.041323015161331966e+00 -3.508287074107258596e-01
4.567805303602788247e-01 9.911021209513453112e-01
-2.242252126366777454e-01 1.050171708191772302e+00
-1.505471284556011979e-01 -9.248708207533137271e-01
8.259881963912865110e-01 -1.437230831931828989e+00
-1.096398992615014722e-01 6.676644236956490452e-01
2.188123606373111318e+00 1.113031262311998448e+00
2.406188605095934963e-01 1.972591317930899812e+00
-4.712950667497047830e-01 3.704031137420832898e-01
-1.793904067831173954e+00 -1.038811276614787005e+00
1.995600305665068408e-02 -4.481270731625534576e-01
-5.615202031003468930e-01 9.172612663203106864e-01
-1.185169664384214006e+00 5.043286500295436348e-01
-2.248209336736301189e+00 6.406186457816194224e-01
-2.312423797886963284e-01 -6.508199877663695121e-01
7.042634478330573877e-01 3.864173234799905265e-01
-5.462855291962531723e-01 -1.019142557319967279e+00
8.220837245526081694e-02 3.299219950559745262e-01
9.057959323291415732e-01 -1.094172093807250334e+00
-1.105469516869809210e+00 -4.313284511363636442e-01
6.483646559049844882e-01 7.887429389934218493e-01
-1.229383288874929051e-02 -2.063032875070242855e-01
1.028725147254510253e+00 -4.257076008532554301e-01
-6.378088004046740256e-01 2.583592409871328099e-01
2.013413548131416597e+00 1.167807196712028484e+00
8.737567955108105355e-01 -1.634901603372092227e+00
6.086682788780164444e-01 -1.335205650391844578e+00
