1.223714157313516848e+00 3.951573495943750403e-01
3.316857393711925561e-01 -4.091144611501861816e-01
1.100001746044777073e+00 -8.390854136570239374e-01
3.977704815673688832e-01 -2.549130346704954420e+00
1.664221561566874730e+00 6.643488842835723052e-01
-5.079581073915048761e-02 5.957891444498146782e-01
-4.140392063114661236e-01 -1.605233848875698976e+00
1.036124480086991539e+00 1.797954045218197683e+00
-7.750984509408840317e-01 8.081140693761764693e-01
4.928246775467904350e-01 -1.287683447165992812e+00
-1.237248749095971823e+00 8.849034879079173965e-01
3.854547881773731643e-01 2.688331648260094964e-01
1.504599112130555971e+00 6.719355510192054348e-01
-1.857898043231250407e+00 -4.125328627008159610e-01
-2.431585744721394438e+00 2.615005451477371956e+00
8.988007618862393633e-01 -3.333475227694059906e-01
-2.595212301763964446e-01 1.375709228438156406e-01
1.272623097133499526e-01 7.445957887414123011e-01
2.770736812134060312e+00 1.372072107538329921e-01
-1.270644246180289705e-01 2.581772378976122662e-01
7.912675871097418767e-01 1.113030677871830409e+00
-1.261903424472370583e+00 2.301045961208504909e-01
-1.060024038836814508e+00 -1.347094157969216388e+00
-5.488517055079818879e-02 -2.424657726417480674e-01
1.349915806723318845e-01 8.605923642708478150e-02
4.876265685394102767e-01 -6.132582951270164617e-01
1.610525462033933541e+00 7.261427314519797171e-01
-5.527523229370606694e-01 -6.613440541461753641e-01
-1.095071403064550308e+00 9.644471726016506929e-01
-5.762000987839081129e-03 3.263470358249676573e-01
3.119567373286942780e-01 1.135170132794999898e+00
-4.437530957069954485e-01 1.078625273829359327e-01
2.878730657197792753e-01 -5.239640805229073273e-01
-2.120013446245771760e-01 1.735039486456526614e+00
-1.331572457770083373e+00 1.592499697837770123e+00
-5.071351892046704890e-02 -7.820267171627910407e-01
3.414641898214607618e-01 -9.622081527548509428e-01
9.206136207671232752e-01 2.463373713352330352e-01
-4.711127519362597327e-01 5.482583561000049510e-01
8.933770574590645941e-01 -7.714692326554442037e-01
-8.005570056245943367e-02 9.999362115907277637e-01
-4.281393060950574592e-01 1.700140449140962740e-01
1.198126468565957392e+00 9.065249665939624224e-01
3.033734694594925063e-01 6.872664961818965301e-02
8.451071844427292257e-02 2.999006762066763532e+00
9.371492221262975875e-01 -1.158358061887063695e+00
7.429590427033697098e-02 -6.477801401305492979e-01
-5.677773179595788644e-01 -3.080739731927243930e-01
-1.242505814356600763e-01 7.902431347900893410e-01
-9.952242274120547127e-02 1.712982295306343605e+00
-5.408904586584070695e-02 2.597052346601319561e-01
8.147066958366936396e-01 -2.436815298285275322e-01
2.708087122768724209e-01 2.102069811033633051e-01
9.485176834819031289e-02 7.093971761312007906e-01
-2.297152598812935764e+00 -1.243447917240071199e+00
4.258724526119186948e-01 1.210859656173116500e-01
