2.867176621455143071e-01 -1.041628962507459288e+00
8.108308669059717255e-01 -1.498066992022383248e+00
-2.201324245635137178e+00 9.037348132190713423e-01
1.568343885861369413e+00 1.474023959461240318e-02
-1.568379839860378544e+00 -4.287164823002904690e-01
-1.452572296855596523e+00 -4.100432865414931072e-02
3.041644425348820624e-01 -4.496242568836412157e-01
-1.603471997408018046e+00 -2.296755595890563217e+00
-7.237053847907175264e-02 4.083099928405744539e-01
5.282899581033008163e-01 -3.220842295023532698e-01
1.605764536101338402e+00 -8.417694772281298921e-01
-4.407205304989743333e-02 9.698089927029012181e-01
-1.206943060769311238e+00 6.138347506438774498e-02
2.377040668260741452e-01 -1.132413190128557900e+00
3.024646234354261970e-02 -9.247582089662192972e-01
5.509567512426283287e-01 -1.622663319067887966e-01
3.599910416538607549e-01 5.558845469268745010e-01
1.303018189537324956e+00 1.687601833387062822e+00
-5.846321689808430672e-02 -1.812550366180386785e+00
1.207002707004812825e+00 1.083887349742748363e+00
-1.179750582892441502e+00 1.263143337629694420e-02
1.014902882133696671e-01 6.051814919513084368e-01
-1.192415451816339900e-01 -5.891546157670172340e-02
-2.443641855586227596e+00 2.627900649781563236e-01
-4.689138992762430513e-01 9.464384493928298947e-02
1.499305090474369329e-01 -7.091795460289663788e-01
9.892860395341552815e-01 -1.435674651582881989e+00
-2.335469109842423840e+00 3.074019041725855939e+00
-1.467612314807661411e+00 -6.324067933860894053e-01
-1.531088424339827725e+00 -6.050412565660582276e-01
-1.890435011504598140e-01 5.985281329517478932e-01
-2.812196023834674374e-01 8.127036869668041730e-01
-1.184094920912464183e-01 -1.521690183788007911e+00
-1.848680743343151800e+00 5.013349687435255664e-01
-6.417591108411143663e-01 -3.102438092512291301e-01
-4.834163491115435751e-01 7.193711735296796084e-01
-1.089169031327988701e+00 -5.004319088841465701e-01
-1.511356647340577952e+00 -3.377851698657841073e-02
-2.527534013700350260e-02 -1.111075519650721322e-03
2.361433250896248559e+00 8.116228594955410269e-01
-7.916691262020508768e-01 9.128399773088443636e-01
-1.863580033942963343e+00 8.863917257854642129e-02
8.009932284710780115e-01 -2.414150671001681625e-01
4.689166215662489701e-01 9.946328407455591325e-01
1.101887897986677967e+00 5.674322158151232642e-01
-6.890669340256081465e-01 -2.189436812020732759e-01
-1.376003308172642603e+00 4.825568691574180780e-01
9.432983828885990740e-02 -1.853041537409504114e-01
1.114674455973601486e+00 7.531807117688625874e-01
-9.102422091451350949e-01 2.278919209364846932e-01
-1.981816570524353172e-01 -6.736472863128877275e-01
-3.453422326937446440e-01 7.695676382579030340e-03
-1.811993187872147359e-01 1.557639537536708918e+00
6.903577843492922916e-01 7.389579145941095606e-02
-2.558391758329116583e-01 8.701476629729946177e-01
4.263595726699867527e-01 -1.644281847632672877e-01
