2.960752029768648708e+00 8.948774124109003525e-01
1.137687836023596244e+00 -3.983708753311758777e-01
5.067836331344728329e-01 5.439093665047146642e-01
-2.553653297944110112e-01 -6.758646607112813731e-01
-2.068653041150523730e+00 1.355831779822684435e+00
1.317423065165913343e+00 -3.115958762153222761e+00
2.043385525749470966e-01 -2.817294437072123792e+00
1.692811243262408727e+00 3.096278839960582910e-02
6.158679528472452702e-01 -2.238860255629920859e-01
1.128121184870829685e+00 -7.388384992547225583e-02
7.909345402173703077e-01 3.118794199160931369e-01
1.423119304536297536e+00 -5.381672294559354253e-01
-6.194250713280767817e-01 1.318564073546741114e-03
8.375232971231231227e-01 8.451302151413796482e-01
-6.015468389036917607e-01 -1.503919915974515353e+00
6.659901637720109235e-01 5.212572514274574909e-01
1.951767528125387258e-02 -2.294525935802111394e-01
1.261945464373554204e-01 -2.395918765454580157e+00
-8.387432025061153373e-01 -1.374294930271739323e+00
6.546267827820829721e-01 -3.641667291003728574e-02
1.308881785459246716e+00 -3.159692136396939355e-01
1.151031737614733430e+00 -4.622601346702314151e-01
-6.953791628409766723e-01 -9.982069448549308888e-01
-1.926579078823778213e+00 7.076463341916440219e-01
2.064955562628140395e+00 -1.396655173747244127e+00
7.920836904933311606e-01 4.931877376784841727e-01
1.354609018030918488e+00 1.098422305138832877e+00
1.039407951336216662e+00 -9.535576667896031866e-01
-1.742614338625069648e+00 -6.486600921233078854e-01
-1.243866849327679658e+00 -3.185257359263214960e-01
8.496348527082234758e-01 -1.008356923865129318e+00
-2.326996066278304909e+00 7.394054707375939950e-01
-4.450053160760364390e-01 -3.318111397990450295e-02
-9.692318891265458980e-01 5.671359565332171337e-01
-3.252636512266710023e-01 3.904409382643044824e-01
1.365312527932978359e-01 8.541763233156830781e-02
-2.056806308352030932e+00 -1.332275882979055970e+00
-1.870503521480763265e+00 3.606229649644948076e-01
5.969462304327153301e-01 -1.356795282401946690e+00
-5.037030325013007737e-01 3.253307009559056606e-01
8.869069954876311890e-01 -6.395665592993757809e-01
5.180855384174750666e-01 -1.707408427266283724e+00
7.039508693170244413e-01 -7.019429614361395453e-01
3.289922343010402983e-01 1.883480658984347356e+00
-8.880013707060318007e-01 -2.421731736824060954e-01
-7.575050112371972677e-01 -2.270720355083559294e+00
7.956290510282715278e-01 1.728264675962763564e+00
1.030250917512317566e+00 5.461471713073096090e-01
-1.045624768783961711e+00 -5.258177708413203089e-01
1.746817546635746732e+00 2.714473374695273167e-01
2.159780846850614111e+00 -3.760814980534041840e+00
3.303552256551222088e-01 -5.546837702953240079e-01
-1.209386899829386630e+00 -5.234952079773043110e-01
-6.489006540580382065e-01 6.798646673290619225e-01
7.239050336565769905e-01 5.886032866911170697e-02
-4.560213596782898282e-01 1.270400430403449077e+00
