-8.544525949544271581e-01 6.772102874384999804e-02
-1.529003530943915612e+00 8.115167083859941011e-01
1.147479832620135198e+00 -6.534541185582977141e-01
-3.459761740339201697e-01 2.145172899243070752e+00
-6.291366111709639775e-02 -2.881760001209054067e+00
5.421824546127964606e-01 7.463946798109967196e-01
-3.227695264562834065e+00 1.693263204498835606e+00
-1.509583539770917415e+00 1.239483508908666654e+00
-5.651057362950258067e-01 -3.832426061730997979e-01
-6.644881175244397864e-02 -2.557494071567646410e-01
-6.495282651711780098e-01 1.615104538572039949e+00
1.233369836591074575e+00 -1.081888765282640552e+00
4.400403110414315422e-01 -2.322461465107336642e-01
-9.162131667506758781e-01 -6.482615334275343422e-01
1.327095888952573688e+00 1.493363510420653517e+00
1.010991544764817673e+00 -9.158614982888673151e-01
-3.421572677663291540e-01 -5.203861838318554756e-02
2.086379525212485320e-01 5.016867030364608598e-02
4.802702458279620168e-01 1.828637183425471102e+00
-1.963673702632194595e-01 8.305894452066941991e-01
-2.401606392191744654e-01 -8.717963171739092632e-01
-1.099477537997176346e-01 -8.531668302759292111e-01
-6.346650454075422609e-02 1.255855630801860565e-02
8.234250171546635411e-01 -6.071566944158484080e-01
1.010223238195992135e+00 -1.196299098704977637e-01
1.427288154943324061e+00 -2.569445715875194325e-01
4.462477223357455558e-01 -1.601444767510374678e+00
-1.822937784433743102e+00 7.744203578738456661e-02
-1.752749506768135346e+00 -2.065732247781654429e+00
1.028888881332825855e+00 -3.574140522735670400e-01
2.205074844256134092e+00 2.290771981761591802e-01
-2.529280867161246560e-01 8.535757914100516874e-01
-2.233784248234043979e+00 -1.694671946381111516e+00
-1.346089346922057173e+00 -9.657378001043191995e-01
-5.502872321302381547e-02 5.824362327070152778e-01
5.023606092017753877e-01 9.930182323610315942e-01
-1.673148139461353212e+00 -1.664932580451742306e-01
-8.527133120490834051e-01 -1.828761604999594281e+00
-1.821517738182607316e+00 3.593319565571675978e-01
8.058810435396418503e-02 5.625816111620969284e-01
-1.134101582637456307e+00 1.025827225195120596e+00
1.811816796901259741e+00 4.229755892790938027e-02
-7.820923700949860002e-01 1.197007430087043911e+00
-1.082744573675890942e+00 -9.352505190087406772e-01
-1.054533115040880098e+00 -4.278937832952348086e-01
-8.424574995667534205e-01 -5.616043249731055703e-02
-3.920601203599554663e-01 1.332114737882423572e-01
-1.101429461520762265e+00 2.328162311581965849e+00
-1.047572368140526011e+00 -2.073163324605225011e+00
4.264962644621602128e-01 7.108348374577881934e-01
1.689430767886964446e+00 6.711903081017255301e-01
-6.031366134258036443e-02 -1.780815682088196794e-01
-1.000823203622463131e+00 -3.969709394785501111e-01
-7.353039997667283334e-01 2.309471510514605086e+00
1.481712796497595130e-01 1.609068927846556862e+00
-9.901480724919454746e-01 -1.032456606663471721e+00
