-7.139720251850527610e-01 -2.653346452627930674e+00
-5.580492051002636789e-01 9.283562555687027151e-01
1.070332496899147667e+00 -8.317539235881079573e-01
4.305588106135452842e-01 -2.175247854126609592e+00
2.729971447373325533e-01 -1.925150566946562669e-01
2.188122233104062619e+00 -1.880810746091719832e+00
-6.049362698659992432e-01 2.836771939281080845e-01
7.569774833813558423e-02 2.966872836216747911e-01
4.795174431837914003e-02 -9.225218325699091268e-03
1.113949902409386183e+00 -2.237290283763786192e-01
3.084041334139572266e-01 1.252775820525019679e+00
-8.441179810385854299e-02 -5.924513753483113820e-01
-1.602049988684795256e-01 -8.427273063897714467e-01
-2.583693573475771554e+00 6.111138780076247334e-01
-2.586264359609930508e-01 2.419733765393959901e-01
2.494228217540965242e-01 -1.309925686742579032e-01
9.825069624179563199e-01 -2.138318941996847355e-01
1.220750404476307338e+00 -1.460684351648953383e+00
5.957961347835909471e-01 -7.425311146843810439e-01
-1.364475043509647767e+00 2.328173354547058704e-01
7.370329407820253032e-01 1.052799409189911106e+00
-8.768914952424159415e-01 4.470495554841133479e-01
-1.149721101316107719e+00 -1.541934152013394677e+00
-5.216915688401770890e-01 -3.747413800923905525e-01
-1.458272071475351372e-01 2.425618094238888578e-01
7.862071525940680372e-01 1.092940181299553615e+00
6.573834765684331005e-01 -5.096446483180430143e-01
6.253717678288351900e-01 8.604057639191809992e-01
-6.267735440863992924e-01 -2.431952298444065279e-03
3.173980591953499131e-01 -9.187348379069376625e-01
2.133537555727233748e-01 -2.050081103078383649e+00
-2.319991434403626818e-01 -2.708866057349286760e-01
1.024190546609497154e+00 -4.091728024974894962e-01
8.763952982392647639e-02 3.224804992588477526e-01
3.749894457505015266e-01 -1.204357093593824007e-01
1.554087556748858123e+00 -3.481438064626889428e-01
-1.611019759912582838e+00 -6.031198133997639488e-01
-1.813385565594241022e-01 -4.981151648001624355e-01
7.342425795817260348e-02 -1.400220955191650241e+00
-2.135630013845729036e-01 -2.597269295036526704e-01
1.424398280112080695e+00 3.388972646686449486e-01
3.259911569834197831e+00 1.243228826235980161e-01
6.821798219479728864e-01 6.788941411158985195e-01
-4.652718194033342303e-01 2.668024931185615234e-01
-6.697017055960431398e-01 -6.954081934216804761e-01
-4.644628246835026397e-01 2.403228746965700435e-01
-1.696228650167850738e+00 6.046552359580529279e-01
1.455908605237424380e+00 6.139071769862054495e-01
5.547102204086338251e-01 -8.061723989065687768e-01
1.376827430381853290e+00 6.035283729472130654e-01
1.532632396903781169e+00 -1.483114255770369982e-01
-1.160007448762964133e-01 -1.530703561038896154e+00
3.191948859592402266e-01 5.476037956961585934e-02
1.316409475723101796e-01 -1.783018508427671511e+00
1.258636371243389895e+00 8.889978235704223963e-02
-5.014464373363135968e-02 -1.283952041482806228e-01
