3.023367597319903677e-01 -4.733541438383939148e-01
4.615981898642131376e-01 -9.787192481812672096e-01
2.104829133902833771e+00 4.210235719515096897e-01
4.103349934854183534e-01 5.702764978841526888e-01
2.405445668189216402e-01 1.676791790301134455e+00
-1.554799989491649326e+00 2.609772242687047883e-01
4.289129259916152348e-02 -9.083549353652687897e-01
-8.711074104501588256e-01 3.905050143489351977e-01
6.619093707227360346e-01 1.364801678766985216e+00
1.075416081708149507e+00 3.019290338910949889e-01
1.323186938899787446e+00 1.307077525272289653e-01
-1.807932031476004731e-01 9.148234089060711671e-01
-2.965573069017234109e-02 1.113835061015798322e+00
-7.365215461752210313e-01 -2.185203478279596212e-01
7.115099023964494007e-01 -8.614659740451308112e-01
-2.094411974892293124e-02 1.133780742853482515e+00
-1.566543635851406491e-01 -6.799282181148219584e-01
-1.124625112871185939e-01 -5.884204368681719144e-01
6.499152194231765378e-01 -1.988869063098544152e-02
2.346847279274463016e+00 2.542479541379954799e+00
-1.542331211117903722e+00 3.669768614118987249e-01
-8.671832940351925645e-01 -1.507099681777976652e-01
1.550149245866792591e-01 4.521326686501748737e-01
6.591126091280768984e-01 2.067678918545688971e-01
3.119443673218350033e-01 -6.434536518159285068e-01
-7.003983172527417089e-02 1.136454999438022639e+00
-2.036237324903027446e+00 1.323111593435577493e-01
-5.316528013231818228e-01 -3.223079798707180754e-01
1.279048415960875595e-01 9.121569608571679089e-01
-6.763111320464998411e-01 -2.092365042116156371e+00
1.654106055253065366e-01 -5.012809000199713871e-01
-7.703831628725863467e-01 3.128932917292467919e-01
1.977838727534091401e+00 1.254645037172645416e+00
1.247133941007774416e+00 -8.012743364260827006e-01
-8.590064227446438938e-01 -5.440730894756835578e-01
9.705161690574725109e-01 -1.987090254307358472e-01
-2.778054070071055842e-02 4.243586920841777577e-01
2.810540830070711871e-01 -4.082950972527719657e-01
1.053218345932409150e+00 -5.793543113175880777e-01
3.515046258209589269e-01 1.735627203403627083e+00
6.111742113241715874e-02 2.278658698952107098e-01
-4.964188789055042350e-01 8.818348709731220758e-01
-3.930808191007594821e-01 -1.557455670639396050e+00
9.096031237246041679e-01 6.607206529193287992e-01
5.029581416907365904e-02 3.888809061077114215e-01
3.513295789448383499e-01 1.353785316485751553e-02
4.232279938639889050e-01 -5.501221858248975805e-01
9.109820982630212338e-01 -7.075371867430217954e-01
3.871831964044731844e-01 -8.292282726654801595e-01
-9.603329137632134194e-02 8.449126953959957831e-01
-1.201978789290580218e+00 -9.386792121623974694e-01
1.745560601066090456e+00 -6.522960997638314051e-01
4.272138092806027770e-02 7.821299587875700787e-01
-1.818056064681997208e+00 -1.485598580715949968e+00
-2.558886033328693799e+00 7.285982059680591316e-01
-6.337081748382561441e-01 -2.714977795821992279e-01
