9.573178058001150514e-01 -4.366051112961719105e-01
6.938857001079141718e-01 -4.943254542574213595e-01
2.476096367591329894e+00 -4.956796280620835438e-01
4.219431753857949552e-02 4.901789439802766157e-01
-2.439083109331105614e+00 4.268423986818548066e-01
5.961946581745307394e-02 1.568901660886163230e+00
-8.641715461397487807e-01 7.387132371355762395e-01
-6.161700315147135010e-01 -1.422159801521667655e+00
-1.026675450363097486e+00 -1.064230196906722714e+00
1.971384292232550850e-01 -2.864816579784637440e+00
-7.790126673142947489e-01 3.289734443453934398e-01
8.950141378337345133e-02 -8.394588630873796031e-01
1.008545652737393272e+00 4.182206331368083507e-01
-1.075599957843922594e+00 2.252637256552769696e+00
-2.841964217478199495e-01 7.755374317297596409e-01
-1.856815300363893473e-01 8.346121498733963251e-02
-8.293843028839952281e-01 -4.116985056265309306e-01
-2.675428026860177666e-01 1.410085102760796572e+00
1.130070209851866903e+00 -6.961254386216602086e-01
-1.035760523213719031e+00 -7.581223332266193715e-01
7.369538292483812647e-02 1.349292549649897754e+00
1.164575660648794253e+00 -1.074995820445443506e+00
7.297287971928827499e-01 2.643869144652576386e-01
-1.262946164770166968e+00 -7.648880897730773176e-01
9.662216138663536763e-03 3.325077310721701873e-01
1.161073981361562257e+00 -8.906312055117363569e-01
-5.900393667528209818e-01 1.096826918203285040e+00
3.798546266743093591e-01 -1.669116102834768689e-01
8.116842835705089243e-01 -2.611840878674646926e-02
8.841521352161618719e-01 4.400133049556066434e-01
-1.459591271030609816e+00 4.921834411639450790e-01
-1.199767670572472689e+00 -2.090881021765882419e+00
-4.739741579581658315e-01 5.725983795572715529e-01
-5.102945730365516797e-01 -5.828002975235703209e-01
4.544056931722185722e-01 9.379527353067105278e-01
8.437120763872993923e-01 1.450770472756401919e+00
-9.301575929457799319e-01 -3.176735596187696409e-01
-2.978403017276132769e-01 -8.221990257898625920e-01
9.255301502799050395e-01 -1.149097271734123460e+00
9.010434667905583561e-01 2.224564490555493546e+00
1.604003228024516170e-01 3.939433153851667480e-01
-3.599679462323534529e-01 -1.459110475170680932e+00
1.035189350288329146e+00 -1.066397222335782713e+00
6.959133077469852047e-02 2.719056814953618173e-01
-4.449347982380256195e-01 2.106218402350203078e+00
-3.899618418542927789e-01 -1.176224660732307914e+00
2.596978592468965896e-01 1.045253068514952588e+00
-1.912793222461474762e+00 -4.673917074886134726e-01
-6.831383567743759544e-01 3.941770851070682258e-01
-9.644822796294864053e-01 1.958998255945371414e-01
6.470840809885072265e-01 3.178466918630254989e-01
7.918321172120716955e-01 2.023829787789740209e+00
-1.614518160167265792e+00 1.864668429600018440e+00
1.380220985052164284e+00 1.105109142098326336e+00
2.896272448635434649e-01 -8.946656363890866936e-01
1.508120283331715994e+00 -2.088459936165242503e+00
