-6.886117612779237840e-01 -9.666896311957950960e-01
2.920365401128879185e-02 -3.909509719473656109e-01
-5.605736024215542956e-01 -8.541007262875636163e-01
-4.171713468498597366e-01 -1.301479969303080297e+00
-3.684245184826465125e-02 -1.658895309713669455e-02
8.464728886543528841e-01 -1.209312079154362118e+00
-1.549247894075220344e+00 1.744265375941544682e-01
6.485889699868025993e-01 5.581596352577993247e-01
-5.027387736635626769e-01 1.180647336750352716e+00
6.457268392011217273e-01 3.932379087563048214e-01
-3.601490826089213115e-01 -8.580578475982933995e-01
5.133662260834257474e-01 3.700663179812829773e-01
5.480200419499535736e-01 4.703802939728431998e-01
-2.710020968120557261e-01 2.476235506990106749e+00
4.509041703470567652e-01 2.789055083101726340e-01
-8.787652688725943184e-01 1.692746021015404390e-01
-2.640796001238710500e-01 6.469007332247250774e-02
-1.969279699252417803e-01 -3.178708543932294295e-01
1.861680344762337569e-01 -1.744201746398849895e-01
3.452581832189456357e-01 -1.027916860774572116e+00
8.302036682101372467e-01 1.522778113250967680e+00
2.375534931370880010e+00 -8.349171541974003130e-01
-1.811631326265479958e+00 -1.105803659537932360e+00
4.682314428231145187e-01 -5.737877586331167068e-01
-5.471641439349046454e-01 -8.114787589690980463e-01
-9.668013334394165437e-01 7.073919221668188984e-01
1.041746567628830222e+00 1.704989695432704400e+00
-6.308689569969070376e-01 -8.704885188340375501e-01
3.122287625281770507e-01 1.345548565214464087e+00
-7.458868943712338995e-01 8.595357109290756581e-01
-7.575012084664191070e-01 2.722597120986782193e-01
-1.917042339220808023e+00 -7.051336318386766111e-01
4.322118525141095402e-01 -5.727192474254517718e-01
-1.402907444250702129e+00 -5.461633146430832086e-01
8.105299352075006070e-01 -3.559839303707524882e-01
2.693830052971339373e-01 -1.235223438449428279e+00
-6.457706973194050626e-01 -2.015124704503563069e-01
1.470951483103047241e+00 -3.135380631153403957e-02
8.306449387384332028e-02 -1.406461345740452895e-01
2.937184435228638257e+00 1.238503201814885823e+00
-6.246617405499218512e-01 -9.273336132631208040e-01
1.065422377481506144e+00 -6.147794827004922080e-01
-1.417324979064203294e+00 -2.898565952919495703e-01
-4.579992170038095778e-01 -1.918905836071304050e-01
-4.481911499510890518e-01 3.193729412685782365e-01
1.697076548898172499e+00 6.874260288424739462e-01
-1.078401707372902862e+00 9.289055538508641519e-01
2.552951652714807729e-01 -1.926312214742947615e-01
8.307235484059726227e-01 1.479796584890235467e+00
-2.213848648708123812e-01 -3.965555251907293410e-01
-7.798040745659303719e-01 -1.568364646903776194e+00
-4.188135976173337216e-01 -2.388410529383788727e-01
-1.821430964564737798e-01 -1.672600214459748047e+00
1.456954485876009064e+00 -8.555573779706513449e-01
-5.192674704788157181e-01 -1.486185349186262217e+00
-9.500258154638560604e-02 -3.066553897773044990e-01
