-9.369113527151893273e-01 -1.436502615605080857e-01
1.873381494487268428e+00 3.378285311740395480e-01
9.799543281673387396e-01 6.607245322398054288e-01
-4.428307577760926539e-01 9.219443491015736347e-01
-4.407986894043962045e-01 6.292237561586648820e-01
-9.799063657786072357e-01 1.713699696217727275e-01
6.206530828992731091e-02 4.957161661821981036e-01
4.726357662664916748e-01 1.484201242370922103e+00
1.145222688134031719e+00 4.543264130593809291e-01
2.150056782370957098e-01 -1.098142116805082003e+00
-1.538536541828291249e+00 6.949221058343628687e-01
-2.317666716833659546e-01 7.511338561330659358e-01
-5.431360109325124030e-01 -5.197680889305537066e-01
-2.226743725377382521e+00 1.430995491841132949e+00
-9.953487864210136538e-01 3.409510249678678745e-02
3.092511483847036335e-01 -1.824617195100568745e+00
-1.728772551397613627e-02 -3.316508661216057141e-01
-1.344946036518780197e+00 -9.903684722078195390e-01
-8.872602953529277192e-01 -1.037795551994955101e+00
-1.818093446881700326e-01 1.060635691222501897e+00
-9.684017870603834899e-01 -1.587106585180296792e+00
-4.522077103912143237e-01 3.002574054510785961e-01
3.340034995412726748e-01 -7.347351309877507841e-01
-1.546808915011242735e+00 7.429995043147952227e-01
1.160076759479761188e+00 -9.526727696188387329e-01
5.326814356683280405e-01 1.679256432875432248e+00
2.600872806333591747e-01 1.007512122875100280e+00
1.598716034876216163e+00 4.772036686390370222e-03
1.147060626522919922e-02 7.300433837462233511e-01
1.134862123145471857e+00 -7.001667473363427652e-01
8.375467843784043520e-01 7.173952884038448108e-01
1.523360024353676845e-01 1.099093829275115342e+00
8.946117436847903504e-01 -2.328212043181226432e-01
1.795461322189247255e+00 -2.226065431975836617e+00
-1.080817781357132024e+00 7.056753591852006346e-01
-2.496528475925783794e-02 9.755983484704582320e-01
-6.403202531369058814e-01 7.448826318022080950e-02
1.444426439356990999e+00 -1.344891443277404508e-01
6.762141760830076009e-01 -1.146258471890122976e+00
-1.674235493192118396e+00 1.091593292003150362e+00
7.046383162743045103e-01 -1.894819331567298093e+00
3.244821056795300085e-01 -4.637363764545650580e-01
1.367308846190856464e+00 -1.205757845364658243e+00
-8.719156370534251188e-01 -1.269616235750881561e+00
5.639362583311663402e-01 -1.940745065488876486e+00
1.533639625800798101e-01 -1.031494025319846575e+00
-6.874081249553161133e-01 -7.191029337515951747e-01
-7.822740973118341712e-02 1.602730972047166913e-01
-2.646685531878045228e-01 9.885144618660048899e-01
-4.707943294368445164e-01 -6.216590733830119619e-01
4.975781864902151241e-01 -1.670440357828462119e-02
8.530936653473120135e-01 -1.320320206956317743e-01
1.894305736433104181e+00 -5.017092204344529849e-01
-2.815544840147036210e-01 3.348832691754849433e-01
-1.139638205513602731e+00 -2.008029904641177033e-01
1.855562637615096877e+00 5.733393403792889087e-01
