-1.519813599053718156e-01 -5.104797395043476627e-01
-5.643817760588260013e-01 7.712249322156667919e-01
9.604282848127528860e-01 -2.586718223862173982e+00
-1.338662950109926753e-01 4.864554396083902166e-01
-1.098525543645122171e-01 6.298746240768763327e-01
-1.310165015641254538e+00 -7.660509406782714525e-03
-1.760513402313472087e+00 -6.368187211014944005e-01
1.093714215629979947e+00 -7.264291499439338162e-01
2.183625846514914759e+00 1.715434884129508897e-01
1.506090256729214039e+00 -9.240949654894619059e-01
2.665858461463961326e+00 7.587021737058541326e-01
5.002160901022648654e-01 -9.610148172888371976e-01
-9.271871282405336201e-01 -1.422049339312007055e+00
1.887243262975197400e+00 -4.287406244292526480e-01
2.510146402790747883e-02 5.369566828062912744e-01
-2.873289206529680007e-01 7.187954134966112463e-01
4.583427572930879879e-01 1.293932164447264999e+00
4.755276480968820829e-01 -1.820189005902308199e-01
-5.709981666337515804e-01 -4.942986755033112467e-01
-1.012142636825766218e+00 -8.583309288367488854e-01
4.719440095916429545e-01 -1.662010807213603503e+00
-2.493531501576632392e-01 -1.310602222946095852e+00
2.068893390152978240e-01 -1.609355056679520279e+00
6.751554883517846273e-01 2.247549083529148284e+00
1.849014982394589779e-01 4.396526527178078458e-01
2.199340258103291035e+00 3.641480010724491012e-01
1.018695963951130046e-01 1.128272001051091322e-01
6.536676832341223320e-02 3.954718912118550256e-02
-1.205498443364413141e+00 -1.577177094731119666e+00
-5.018885037233677959e-01 2.054177749664968466e+00
-6.043216487184866620e-02 1.201431088781228507e+00
-4.890036718346703615e-01 -5.423345629699137804e-01
1.341558729786786808e+00 -1.164454333062905356e+00
-1.101775673604908690e+00 1.941380430544891178e+00
6.426137076958595706e-01 1.607094470886718085e+00
1.507242266205587100e+00 -1.027602561429811767e-01
7.923221699059554979e-01 -9.453599043703551086e-01
-8.052970525178916317e-01 5.896768141499798555e-01
-1.163333741087657192e+00 -5.302145893656732278e-01
-1.001605458529308962e-01 -9.224664666409274627e-01
-2.609311712237246117e-01 -3.525323951982018977e-01
1.220495008137570253e-01 1.426772470313703245e+00
4.283488845774715004e-01 -1.420626342466583036e+00
-9.748030312310578260e-01 -1.264151821727963476e+00
1.145322617627151596e+00 3.405962473787236267e-01
6.707546205242400639e-01 -8.019815923733094598e-01
4.120717514273412041e-01 1.169135173101294667e+00
-2.641384917532693111e-01 2.368529055482602175e-01
1.336829170160025892e+00 -3.665539180255214524e-01
2.408136479359513082e-01 1.374216627566164362e-01
3.482224636377418414e-01 1.459756527380813074e+00
-1.443688776218677416e+00 4.319669271257113308e-01
-4.935336343957678618e-01 -6.551949292600073305e-01
-5.203033716697058608e-01 -1.390570933099790629e+00
-1.177692984163961398e+00 -2.203716952041549604e+00
2.915036940491975148e-01 -2.202886755454402934e+00
