-9.547988669966059883e-01 -2.317611692795049638e-01
1.556396308681729179e+00 -5.217213796815284299e-01
-7.429278727483957789e-01 3.586822447717573359e-02
8.811547808528448211e-01 9.939826933186582947e-01
-2.988021233567435542e-01 -7.667254671924113030e-01
3.981002251747338683e-01 -4.878625411584483484e-01
3.751741260812868628e-01 -5.300444006190346835e-01
4.372050188248285396e-01 -1.012895627906760021e+00
1.677172080064038284e-01 -4.914607969743340354e-01
3.758282612268608602e-01 -6.946727108926663563e-01
-1.009828542611797664e+00 -1.191589155839236858e+00
-1.501505847373686697e-01 -1.217414157456850221e+00
4.501184272260422281e-01 6.541248252226431470e-01
1.568795371700741681e+00 2.244193738134177829e-01
-2.249599503584781335e+00 -1.300224705378684398e+00
9.303721608281481092e-01 -1.714345208179351765e+00
5.247818841310668558e-01 3.871737128191962141e-01
-1.080315072532396226e-01 -4.007311240056444235e-01
2.262060059645463472e-01 3.356308208306861829e-01
-5.327431381631091423e-01 -3.939237021380885273e-01
-7.996150990686420323e-01 -2.338655675659544741e-01
-7.569356232216356561e-01 -1.698836345047060936e+00
1.163105213708820695e+00 1.293488551065999692e+00
-9.124778567094500581e-02 1.903459692672293979e+00
8.209185150253288654e-01 -6.012810623223318052e-01
4.019996953222724212e-01 1.838481137874324212e+00
-9.955600525563003400e-02 5.912582553521736894e-01
6.210034397142588647e-01 -6.347389045383123873e-01
2.750059770124426151e-01 3.420191874816430055e-01
-7.509078278896430016e-03 2.879810677740957461e-02
1.390795596977753013e+00 -4.925792486540754300e-01
2.060307674968460123e+00 -1.068137416651263827e+00
-3.153047940742362831e-01 -5.336766758461877758e-02
-9.262216410854039461e-01 -1.295771026444162421e-01
6.499899993063770198e-01 -2.096847342947070203e+00
1.361503050979620211e+00 2.841854442993366758e-01
-8.856748105227927326e-01 2.903788668359542635e-01
-1.400834855866246009e+00 -6.853196801119779691e-01
9.826953853907023362e-01 -1.129257767588791150e+00
-1.046312733080369400e-01 6.522746402101161634e-01
1.764671366341291625e-01 -7.042230013645834896e-01
1.652428010409785930e+00 -1.073737300297927577e+00
4.790085656978810280e-01 5.411055856212733106e-01
5.740520048854619306e-01 4.204067724925487637e-01
-3.543675829135192745e-02 1.406248558523773007e-01
-8.821754669523230730e-01 -7.803716302332515120e-01
7.535722476892496857e-01 -5.582927485229746134e-01
-1.233999660000558940e+00 1.561738390612683824e+00
-2.889666063931802253e-01 1.321568088140798458e-01
6.484089937633876755e-01 -1.741352357940332066e-02
-3.084425735425735393e-01 -2.152478606275266271e-01
1.267086939168727611e+00 -2.411774287234231817e+00
1.410452191001212718e-01 -7.572148025217904088e-01
-2.126178775304893520e+00 -3.547150087344060898e-01
2.631339240851194861e-01 2.133685594793049145e-01
1.335824610221157061e+00 -1.256068206204922488e-01
