-1.267937831390654191e+00 1.090702490726400908e+00
1.231136848569597819e-01 -6.400692522960164110e-01
1.455230429275301773e+00 -1.628983196962736565e-02
1.822847691193320296e-01 -9.096915530129697780e-01
8.113838404809181615e-01 1.570490148044802137e+00
-6.134641966932215251e-02 -3.806451313048116458e-01
3.286177324577269077e-01 8.789276045115241853e-01
-1.140454669004024479e+00 -1.568646595782637876e-01
1.267768333885359588e+00 -4.740034124689675998e-01
-5.002952535501877795e-01 -3.199972220782862364e-01
3.326608645688144267e-02 -2.336674097878463086e-01
7.675700873320534523e-01 -2.326299765912784867e+00
2.364336704959613567e+00 5.942526684088927924e-01
1.987996435567131182e-01 2.143652758725742569e+00
-5.912234210033354143e-02 -1.208404945151667909e-01
5.747555375022346258e-01 1.056866950091261970e+00
-3.087093737411099673e-02 -1.878394844414316145e+00
-1.586266331269273300e+00 -1.428063917739468058e+00
5.199406013069336474e-01 2.213112401190009404e+00
-7.555306872236741134e-01 -4.847124255394970049e-01
1.120349754963380517e+00 -2.056429375981447816e+00
-6.596411996323524596e-01 1.238140542264150712e+00
-8.886351905288817354e-01 -6.674910064241404983e-01
1.747385252458779348e-01 -6.316098824802024447e-01
-1.029083401898898797e+00 2.254664098885641454e-01
1.270076048465192398e-01 6.253561137460369457e-01
1.181284907689132302e+00 9.102977395715309283e-01
-1.674633509140454890e-01 -2.042924651708176054e+00
-8.005282963952664588e-01 1.200515824703091289e-01
-1.487597183322879824e+00 1.904277115356119987e-01
1.867088231532402665e+00 -8.508721315942461283e-01
-1.745932203096258073e+00 -2.999598407577125370e-01
9.187935693970765705e-01 -1.245287285306937441e+00
-7.814676944303354800e-01 -3.997240348695212941e-01
1.952551012944468090e+00 -1.128266743743165268e+00
4.795809502354138609e-01 -9.529610999617956768e-01
2.187545992800622036e-02 1.436547286648292232e+00
8.846800731781682969e-02 -1.505737781678365472e+00
2.468447047368350633e-01 -1.476185661858986364e+00
2.056162331307812341e+00 -6.629273052094284413e-01
4.104661403178975765e-01 1.142332385793020988e+00
7.886638295694859968e-01 2.597357641171529723e-03
4.269042916432829182e-01 3.841212733959233350e-01
-4.970656065965983195e-01 3.180600951332139270e-01
6.716767756915850152e-01 1.114773262264578069e+00
-4.034406794835376231e-01 -8.117940946099914123e-01
-1.311553790027860378e-01 -1.063567987177297391e+00
-2.162292595991173183e+00 1.204266012789862117e+00
1.354218194770334227e+00 1.244170754452531336e+00
-2.995859177202324641e-01 5.147327584201338846e-01
-4.481333454208797362e-01 -4.843279314459895679e-01
-1.181788607520596196e-01 8.023416499777669131e-01
3.237136616568943581e-01 2.787634858007330130e-01
-1.543910148258200499e+00 1.224745681705522893e+00
1.145582182657422843e+00 2.728072909457653905e-01
-2.187725374555202912e-02 -9.660852548028570075e-01
