1.080750286761792855e+00 -1.188606465462686446e+00
-1.366516336926857367e+00 -5.794960855845711079e-01
-4.928749572385630051e-01 -5.951333189583295491e-01
-1.010617468396179497e+00 5.958113653939691723e-01
-5.931365866608472315e-01 1.443965761942880510e+00
1.533999123741907722e+00 1.729710598829231394e+00
4.318536604852504235e-01 -7.341220952966619473e-01
-4.728873695726411031e-01 -1.507211289332352155e+00
-2.040201900929613732e+00 8.399434608281757253e-01
4.054354638426224122e-01 8.293382665817771171e-01
-3.443820170857135876e-01 -4.575047102261443066e-01
7.752027112795215613e-01 7.436361121505727367e-02
-1.257398087450466884e+00 6.567622989036384640e-01
-5.412565719084186933e-01 1.693843979851970272e-01
5.579076761602562717e-01 1.344105662177784433e-01
-4.838060884944244133e-01 -1.578766491921845594e+00
-5.459955249996827353e-01 6.443891659986336062e-01
4.151106193036975811e-01 1.373211378780042402e+00
-5.375477004786818891e-02 -7.554502041643285093e-01
-2.287660135427108887e+00 -1.412672811632808556e-01
-6.930683533697443721e-01 -2.194772808957337507e+00
-9.166913342118956920e-02 6.780465246771008037e-01
3.663052735971277230e-01 5.089975487295970158e-01
-8.759074519199415709e-01 5.922390838873006214e-01
-2.055129277312330416e+00 4.166247691080826598e-01
-1.074278753682301746e+00 1.908273463128268732e+00
-3.935281197230693917e-01 1.901836906673746830e+00
-3.986562570881700407e-01 1.461091514257331969e+00
-5.995253991798598081e-01 -5.237197907933102137e-01
8.349973979864867557e-01 1.857127857371902335e+00
-1.790499367037700740e+00 -5.770020878854202895e-01
9.869299130571222711e-02 5.757014429008603384e-01
-2.461919623687018333e-01 1.726124907825541177e+00
1.462888791004242517e+00 2.148932863750939504e+00
1.821103446646507029e+00 1.777636307973568863e+00
4.887142641114538555e-01 1.445545023130855533e+00
-1.651332654964035029e+00 1.414924279743729196e-01
3.409361401593893892e-01 -3.587719362564168457e-01
6.120823558561194755e-01 5.249758603456977646e-01
-1.944971593149580624e-01 8.507460197565797078e-01
9.588388883313370137e-02 -8.512353843946259824e-01
3.908422169278472635e-01 -4.448987066787625233e-01
4.532598221072481337e-01 3.203987541053474608e-01
-6.442965622374061674e-01 2.691923972794631470e-01
-1.707485896271407622e-01 1.677529957816176476e-01
5.739775424164950124e-01 1.867028781595500675e+00
8.721707206434047288e-01 2.119591665122481650e-01
-2.000499564806638986e-01 4.248854253166077788e-01
1.744286369121395008e-01 1.431893934659279333e-01
8.632208061850685787e-01 6.474349939437309409e-01
1.010782673489766248e-01 -1.026342827275506853e+00
1.108567253229772565e+00 1.791207753906098876e-01
5.478343702800827497e-01 4.744490773930319649e-02
-5.086945887314735515e-01 -8.515145333284292184e-02
-1.781697892450468723e+00 -1.547179482489926261e-01
-1.009459424212591161e+00 1.732422439726031826e-01
