1.455848610940720933e-01 -1.529564805612377620e+00
-9.242632306824488664e-01 5.458544157367882788e-01
3.113595246108284975e-01 7.386950975735860903e-01
6.154524549715423287e-01 6.462674827823737811e-01
-7.409942650429448552e-01 4.763590350481838875e-01
1.090624719161450873e+00 4.472718192079708222e-01
-2.018519237915339826e+00 2.785091114258163580e-01
-1.731620535695370666e-01 -6.497889136469010563e-01
-1.937241823398170970e+00 3.765570174784306778e-01
1.013988012104988012e+00 -4.999206379194179317e-01
-3.649724279407619010e-01 1.079228632708740143e+00
-9.789409689710846241e-01 -4.271011275112698846e-01
5.228190208807527162e-01 -6.271862237998400147e-01
-7.735683690716804728e-01 -5.774638718659603764e-01
-4.068687810197150340e-02 8.296941251322111077e-02
-1.052242790467563971e+00 6.091732052660161489e-01
3.958021368287965580e-01 1.411017438259390078e+00
-1.187439172450451164e+00 -7.366682657039304027e-01
1.944146729606082979e-01 6.473539388293286789e-01
5.821431962245693370e-01 -2.426706639820983558e+00
8.484395104364217399e-02 -9.310667184473156444e-02
1.332381642689135726e+00 7.873836962758207214e-01
-1.605105890053056261e-01 -8.245207369640015216e-01
2.767469896164507781e-01 -1.601578119933779965e+00
1.170397818329398654e-01 -1.432991768834347424e+00
2.398439415366190319e-01 -9.780731399102337020e-01
4.177831572893453971e-01 8.075109582012236775e-02
-8.962609134434936786e-01 1.921565986294808681e-01
1.608610376577427115e+00 -6.291345476200864706e-01
1.987520037686179464e+00 1.881989132863429726e+00
1.983445021923157414e+00 7.362795695034954346e-02
-5.806601154596765513e-01 -1.147169519550079286e+00
9.306424778984430102e-01 -2.591389753183130362e-01
-1.099082081497173569e+00 -4.222541278031705092e-01
7.425704026153628901e-02 3.740030927056411936e-01
-4.810820747027214767e-02 -1.716290098680531007e-01
6.051123802594482459e-01 -1.468987478394545132e+00
6.577780373253624413e-01 -3.312517153970777062e-01
9.590571833624135234e-01 -2.493913126007636649e-02
1.466848326215680842e+00 2.065118261934706934e-01
-1.573231002239279475e+00 -1.229986736687641580e+00
2.212513581654146078e-01 1.279761468812380176e+00
-1.905945351577771271e-02 5.820807255126416724e-01
-1.684125709322049913e-01 9.479041194076441856e-01
1.230959268195086720e+00 4.186083597751970031e-01
-1.485445705077225176e+00 -6.867603940980476773e-01
-6.103420074612473378e-01 -5.636658642391094709e-01
-1.982302368370550405e-01 -1.980561697552206402e-01
3.314173373619960228e-01 1.632168877088679138e-01
2.390966697481778647e-01 7.339013733083578350e-02
-6.251415467129982639e-01 3.958837533580205625e-01
-1.798145897520212477e-01 -1.827355308866719819e+00
-6.674607104014003076e-03 -8.483867199357419953e-01
-2.724573026284514143e-01 -6.722296370655373998e-01
-8.536190602045685694e-01 7.028742287773450670e-01
-1.075023055329624944e+00 3.227912335328514959e-01
