9.487585806074980699e-01 -1.171812024318718892e+00
1.801754868080409855e+00 1.618242746051594239e+00
6.378079451955632750e-01 -2.053070991794881117e-01
9.621232617050869962e-01 -5.352497699613284476e-01
-5.701736061051171367e-01 2.784878363572029780e-01
8.679257889506984958e-01 3.524701369217221880e-01
-1.882124919210017011e-01 9.180965330753012577e-01
-3.107345508968158421e-01 1.384452079836002436e-01
1.041247399711073829e+00 -1.461030416472344440e+00
-2.462166235460163388e-01 -3.647195952893471649e-01
5.709420326977403537e-01 1.509710030141463433e+00
-4.073851507911384062e-01 -1.902579121703365850e+00
6.587734991349142311e-02 -4.112745971605957784e-01
-3.333424910724777646e-01 -6.376875912031492177e-01
1.108166818777994500e+00 -1.405508815221291119e+00
-4.571972098740322288e-01 -5.025242615143865610e-01
1.358000144336181658e-01 1.802250318173112875e+00
2.722758388109253747e-01 6.969263005473413930e-01
4.108456373133511086e-01 8.921443671719317958e-01
-9.746964606171819590e-01 -3.249379098331311999e-01
-6.232165755540399754e-01 -1.022064498560369072e+00
-8.055244134789369959e-01 -1.709157785301840704e+00
-1.566982961455720691e-02 3.188216172163144346e+00
-5.105076641455309483e-01 1.197684584806059993e+00
9.978054071534425695e-01 5.562449624122643987e-01
1.144580735277150596e-01 -3.196936495816187218e-01
1.372754237021610486e-02 1.314634680725161431e+00
-3.656978187761518728e-01 -8.122183678684957719e-01
4.626105896196360256e-01 -2.626733448296191820e-01
-1.196891271734818574e+00 -4.467939663837143804e-01
-1.614128498583331517e-01 1.065823150841013867e+00
-1.129138981391997421e+00 -9.623872975990422907e-01
-8.007431474415046546e-01 8.569018939047541306e-01
-2.961077854981938318e-01 4.924250178373945630e-01
-2.682468085552108139e+00 4.137811188961583730e-01
1.943806729412905776e+00 -1.767762117867413219e+00
-4.555810684139025013e-01 -3.703679976748729952e-01
6.270060821168819964e-02 -1.540794888440442101e-01
7.040529912766073373e-02 -4.746916889435714992e-01
5.612346502173671814e-01 4.236268157076079066e-01
-6.796110648850635094e-01 1.081038062954199130e+00
4.271359494954968250e-01 -6.476194821464685836e-01
-8.709668636782615936e-01 6.767155583119189854e-01
-1.657344200795468625e+00 -5.607969926507742064e-01
1.538634643347547071e+00 1.386507182387959558e+00
2.286548548124828217e-01 -5.644533993642985026e-01
-1.838469541860943135e-02 5.279091079645507056e-01
-1.655520026988943350e-01 -1.827528632306676615e+00
-2.335141378797759848e-01 -5.232055918260825056e-01
-1.162620966145357926e-01 -7.537696281019867772e-01
-8.847418826948821868e-01 -4.436614338071476205e-01
1.417408649577280633e+00 -1.113594801612477037e+00
3.523702935979227541e-02 -1.336599139281147819e+00
-1.565859420687550907e-01 2.036607641473064945e+00
-1.179568154626344123e+00 6.696782951750599455e-01
4.960938074004948017e-01 -4.990366617414360162e-01
