9.304020675610500390e-01 1.257310544649953954e+00
1.496664147399380917e+00 -1.464951486562796612e+00
-2.873778360696623846e-01 1.310558564680762150e-01
-1.026214963823309512e-01 6.667843782068546554e-01
-6.040746832957859525e-01 1.661111338413153171e-01
-9.876417617209356514e-01 -9.280166019483377937e-01
3.968738558995475452e-01 -1.879724910625921508e+00
1.347290012574921203e+00 7.644031865511512480e-01
1.339583944747045230e+00 -8.273714761262948025e-01
-3.831922107274029488e-01 4.194874961716745787e-01
-7.753228249020859275e-01 7.978630600207555768e-01
7.895335000412218029e-01 3.341614076050624660e-01
-1.350315795236918692e+00 9.190143927628923182e-01
-9.882506075754600161e-01 -1.275426225534573188e+00
6.088732850627660564e-01 7.818225433602932206e-01
-6.206027186384892591e-01 -1.168613009209901410e+00
1.352378826563596093e-01 4.819153358625852257e-01
1.860903550193312217e+00 -2.122270920048041631e-02
-7.536467367173236287e-01 5.949230503234602674e-01
1.511024738295868031e-01 1.288945883909260015e+00
-8.724282258210624974e-01 -7.117599841550242834e-01
-6.465371767521176372e-01 6.547946793226118167e-01
1.241693639314455977e+00 -1.926589056731246585e-01
-9.467632829479680767e-01 -1.156776112529530609e+00
3.516127073999775754e-01 -1.211708236407359918e+00
-4.444570471394533318e-01 9.593559079693807501e-01
-1.625390170691141112e-01 9.394083906296143427e-01
1.995568324492391354e-01 -6.290885723190202672e-01
3.486088413725271229e-01 1.922977342972148618e+00
-8.539969125679092166e-01 1.116062753932764107e+00
9.092067703581970806e-01 -1.389397392858154667e+00
1.507378651445326234e+00 -9.536059624728341344e-01
7.155457126332397388e-01 -2.316052919115602904e-01
-2.358499984919851244e-01 -1.110778015434881888e-01
-2.134519812509011238e+00 2.097670528732298034e-01
-4.965901629200707434e-01 -3.643525759499612882e-01
7.641598720984804638e-01 3.867273339353006767e-01
-7.945360241511612021e-01 3.890585583430267724e-01
-8.602322384677402178e-02 1.041992214472226008e+00
-4.304680891266715603e-01 5.847308545761316367e-02
-1.872804368705770939e+00 5.287606372408520938e-01
-9.975596497895472883e-03 -9.423548649205996108e-01
3.003612945754241190e-02 1.737233566778169536e+00
4.447233182052666156e-01 3.232310144812898245e-01
9.617589889264968050e-01 -2.099713774801894584e+00
9.922097853310275772e-02 -1.270197549453522035e+00
-4.065870594453083187e-01 -1.068516116400875376e-01
-4.089699133215715099e-01 -1.956288274800618565e-01
8.107266192466426880e-01 9.294205301730640301e-01
1.109554386999855202e+00 -1.459878882232168218e+00
4.833891144350015434e-01 -1.427012863320021863e+00
-5.292926209302432072e-01 -1.693279854203477708e-02
1.162043672499628366e+00 -1.579917216363049479e-02
-3.970333123807567310e-01 1.259847853001878848e+00
7.004707662820437442e-01 -1.946477244823102137e-01
-1.250874237954485713e+00 1.458397246484285370e+00
