-1.671765977657775792e+00 6.580786165699775703e-02
1.215393145995429247e-01 -6.670397688125746793e-02
-9.854336630476784320e-01 -7.418627547229459385e-01
-2.062153118313081901e+00 6.430677745382665789e-01
8.977503415050452906e-01 -1.089595066426884279e-01
4.605089498294658301e-01 -3.339734605222224872e-01
3.195105362935496962e-01 7.348746505856431632e-01
-3.367819140686138524e-01 9.927687424421773876e-01
1.942770310519265298e+00 1.319951703819208788e-01
-1.640672528261618579e+00 9.142760286338958986e-01
3.475018706084260778e-01 -1.241259159297056769e+00
-8.447313554516480139e-01 1.348766846064640479e+00
-6.276047763859078366e-01 -6.094702627768042724e-01
-1.302564836326362663e+00 -1.855970771877214931e+00
1.427446777170179315e+00 -2.496747749521002480e-01
-4.094550067574537766e-01 3.948655771599642317e-01
-1.159625422451600052e+00 8.246153131637150580e-01
-7.057510340888848432e-01 6.082619871994584537e-01
5.167727064940170756e-01 8.317680148538179052e-01
-4.283672601238683320e-01 -3.832541300305103427e-01
-7.592836087226750852e-01 6.954934942937656128e-01
3.569683616194178621e-01 -8.751415040494743280e-01
-1.076731443672753308e+00 1.816301962269408765e+00
1.206718185248392361e+00 1.206520812953126409e+00
7.785752057385830760e-01 8.182474604267928608e-01
1.057815137410562933e-02 -1.682788893561459886e+00
-1.117883327244909575e+00 -1.635099916633394157e+00
-3.919375159832561017e-01 -4.124958570174834804e-01
-1.638076258672971630e-01 -1.407550120823418405e-01
-6.887152709865027589e-01 -6.178648098760421981e-01
-3.102344941799454192e-01 5.897892454722886146e-01
-5.121518224175116707e-01 -1.087008419754742494e+00
9.775986031835113277e-01 -7.774579332262905318e-01
1.209950730184261580e-01 1.681814104000758370e+00
-3.931582574563919907e-01 1.533778815507734761e+00
-4.931217072964016457e-01 -2.410114184845283114e-01
-9.444017162769544615e-01 -7.162935116931133939e-01
1.862070707339040343e+00 4.063942777802544981e-01
1.685212942156937510e+00 -2.158290054752667608e-01
-1.286314499244268994e+00 -5.122503298438808583e-01
1.652787134346025699e-01 -9.486445058563074406e-01
6.131498337456958020e-02 -6.312837949357505973e-01
-4.217330568409543012e-01 1.036414169107237049e+00
-1.785627157855840919e+00 2.817637797825473522e-01
-6.223928361552426292e-02 5.345474590483712679e-02
-1.358051328678096858e+00 -2.223429325287419045e-01
4.269699487706025975e-02 -8.078818492131832896e-01
-1.740095023772593397e+00 4.024924098162735997e-01
-1.647757610682299312e+00 -2.172686899026694540e+00
-1.364933515039593814e+00 -5.241070386659745228e-01
1.200352128570168819e+00 -1.707102272907096707e-01
1.049323504567810234e-01 -5.452427074185900446e-01
8.679032910280017887e-01 1.811361366119420557e+00
-1.280993097151351234e+00 4.842746678602270483e-01
-1.856734788385923929e-01 -1.784016028265464016e+00
1.674248207505065533e+00 -1.919288130999348418e-02
