1.486727079896508874e+00 2.147765982410512475e-01
-3.960411058212739283e-02 -7.810818654495381708e-01
-1.140790280437118387e+00 -4.780812096323728833e-01
-7.829215757288728872e-01 -7.045113710609423041e-01
-1.375223279340042959e+00 6.462721134818545377e-01
-4.119935967108406816e-01 2.346901840858169330e-01
-6.734532009334473490e-02 -7.680161260978174420e-01
-4.465817910638750776e-01 2.578524017584923334e-01
-1.441839853938034155e+00 1.087375900760388509e-01
-1.184219506353800355e+00 1.936613824864545919e-01
3.386290689551211819e-01 1.355912123015256820e-01
-1.934800657303617166e+00 -7.620596052838020107e-01
-5.619247796393085359e-01 9.258896305089102385e-02
-2.625007157623636123e-01 -4.036477886021306860e-01
-1.258865604303267771e+00 1.278961219999832144e+00
-1.828804835030157228e-01 -6.511101574515254509e-01
-1.117444842093369139e+00 -3.919228184053262787e-01
-8.454530443227717962e-01 3.505614749392902407e-01
-1.029721089961940672e+00 1.981602047664396959e-01
-3.489498954642116790e-01 1.240208645021536382e+00
6.935815033138854613e-01 2.446257527441740576e-01
9.340973784501638288e-01 5.788814982999074266e-01
1.458494401910312765e+00 2.620736806847109968e+00
-2.036616484572001617e+00 1.147163697763494694e+00
4.721476746968710780e-01 -1.228579676557209205e-01
-2.049676383100785537e-01 1.017386047956856832e+00
-4.298403439246066826e-01 1.677880464283513673e+00
-1.138445168526947660e+00 2.040810756625462297e+00
7.110970193079552137e-01 1.069022036598104242e+00
-9.838867157134011387e-01 1.989451104507242940e+00
1.147125842115481964e+00 1.398181762823832164e-01
-8.230150796591236828e-01 -1.423636431326470664e+00
-9.043076998128721788e-01 -7.699304353069257312e-01
-4.021227063674970847e-01 -4.324112916074994151e-01
-1.549572632381294390e+00 -8.368009527208890574e-01
8.503486100275047255e-01 -1.406543575668763035e-01
2.266041328811708500e+00 1.231823185179821589e+00
2.300216469282446163e-01 1.573634566379847666e+00
-3.480008058736550614e-01 -1.812334342563800105e+00
-2.313406260867380826e-01 -1.876544478381375336e-01
-1.441484488974770883e+00 2.083728683201650167e+00
-3.809376363999379400e-01 -1.101109693694977271e-01
6.488240887626378628e-02 7.726722779031591770e-01
1.104869997176294527e+00 -1.088288522221366073e+00
-1.926906170853977862e+00 2.640013208168127679e-01
9.160538562331774770e-01 -6.046998019711162797e-01
4.903273064923320823e-01 -6.124223193562360334e-01
-6.266338351965526909e-01 1.372006052540430288e+00
-4.243504973951830461e-01 -8.830360020293231971e-01
1.327251019670084409e+00 -1.940795670586909161e+00
1.450651176070596904e+00 -1.167990309553273098e+00
-2.614500095333487928e-01 -4.121827203235162718e-01
8.832714637023334481e-01 -1.433978225329940903e+00
-6.384679689847895245e-01 -3.311939775046185419e-01
1.946129655984420864e-02 -7.742885768376971400e-01
7.172396509983268720e-01 -1.023367046406013170e+00
