-1.845593377351302522e-01 4.203801782453295971e-02
-1.265696153332798168e+00 -1.235156121748927305e+00
-1.780274075130867439e+00 -2.463604827660368646e-01
7.114098458330989604e-03 -1.152024367901281765e-01
1.252747962737907061e-01 7.304365764783506132e-02
4.383875484735769157e-01 -9.895250059771567575e-01
-5.702234640258945636e-02 -1.661246529318274323e+00
-8.956056107204920513e-01 -5.366215863885354098e-01
-1.208994532058144555e+00 -6.555600081882402286e-01
-6.191746819612515829e-01 3.228439939766314937e-01
1.038416894789482431e-01 9.914601324656837633e-01
-1.876531259511561300e-01 5.901879916663613779e-01
-1.168670606408298340e+00 -1.299862225268068494e+00
-4.110484632496718138e-01 -4.837495289840718637e-01
-6.631263257080329820e-01 -8.466399257489994890e-01
-9.141315757151334820e-01 -1.498978461072442592e+00
-2.314354513600720697e-01 -1.982361915216327874e+00
-1.012818217719435143e+00 -2.480470846298667154e-02
-7.192162414395045777e-01 -5.584547193685526212e-01
1.089022900076022760e+00 6.496687645852117221e-01
-1.282080132972495345e+00 6.722469611800813150e-01
-5.243444216314904205e-01 7.877941199196222266e-01
1.138859971684625272e+00 -5.849241357145347209e-01
5.690886615633687917e-01 -2.055268070322319451e-01
-2.347719515453309924e+00 1.077884580163140094e-01
8.500307818502310653e-01 9.753109022534696138e-01
-2.749013369769066628e-01 3.565642398042666028e-01
6.481670308059434005e-01 -1.045526781487900875e-01
1.011632677912329248e+00 7.019636108230851157e-01
-4.921261685789339868e-01 -1.621465232897137065e+00
-1.120280263744684035e+00 9.368791756359059475e-01
3.572181485929752376e-01 -2.671063850260219641e-01
1.304521934497081537e+00 -1.119959568333431132e+00
-2.268801895499995336e+00 -2.120549422608073442e-01
1.464379136368441081e+00 -1.022646642444825948e+00
1.061648615053699451e+00 6.223363355616183812e-01
-3.473205570898553196e-01 -2.743519212538539698e+00
1.338997539244754620e+00 2.031021641413489343e-01
3.337150626272735732e-01 7.120524099326454026e-01
2.506580228151234380e+00 3.579673654499426205e-01
2.712402791125994028e-01 1.872089427112677784e+00
-5.197341146768811315e-01 1.558645968735216547e+00
-1.149218533197826110e-02 1.175529146037896655e-01
-1.184397206604650643e+00 -1.566388512665781052e+00
1.561037426166379971e+00 1.620516859356982753e+00
-6.393464492410412259e-01 -1.542781776127769122e+00
-1.966570616514678460e-01 2.088763105508055218e-01
1.289938853242583949e+00 -6.863487400312177078e-01
-6.172345527213614069e-01 -1.833715724581440887e-01
3.948913976010041682e-01 8.268133935578091398e-01
-1.262724638174807623e+00 2.044433454084403134e+00
-7.653732346124633157e-01 4.963636211812677557e-01
-8.563628805325999849e-02 5.072652017077368125e-01
-2.332935662603424110e+00 -8.880584764582283297e-01
1.516480436948066890e+00 1.021446256504083605e+00
-4.804127627304664166e-02 5.035466709315919998e-01
