-4.392135664719973853e-01 1.343011025000434566e-01
-3.223294658408732971e-01 1.432566341358707529e+00
-1.142708860586354458e+00 -1.470499000889138541e+00
7.572204549579504285e-01 -1.019082669079942383e+00
2.248602009543021196e-01 -1.087490801405637253e+00
-1.715302379175788761e-01 -7.627396352678328384e-01
1.002583189613198561e-01 -8.678971904147712024e-01
6.311928839277417547e-01 -1.406404182347150388e-02
-6.096729491592702832e-01 1.173713909871371586e+00
-4.251286966059978911e-01 9.026842766117388894e-01
-1.170143674029299058e-01 8.798618184019646460e-01
8.642346373673031046e-01 1.809598898312450910e+00
8.769087868754885662e-01 -2.211787138103713968e+00
5.814991462254727184e-01 4.157500089665311371e-01
-9.656441464963782736e-03 -9.904763240294186533e-01
-4.416992309811446638e-01 -2.366419972797149385e-01
7.383689286703970511e-01 -8.742393446648846211e-01
1.040027974725876436e-01 2.248582203202396657e-01
-5.960108921886374533e-01 -8.688591394274883806e-01
-5.254692502686754141e-01 8.272739260488840563e-01
-1.247449433252812767e+00 -1.616677252814298915e-01
-1.205804093232254681e+00 -1.052708659404671288e+00
4.065206242720032503e-01 -6.536330884143427555e-01
1.683386768769515318e-01 -1.416783818805302575e+00
3.687383225460423575e-02 3.916785464556439278e-01
8.267874460031553463e-01 -3.688839630917247203e-01
1.751806642186318486e-01 -1.211909603426026383e+00
-9.383026871446957518e-02 -5.170925834705036861e-01
-1.054784570425022494e+00 -2.801671974316722880e-01
-3.911518824528258942e-01 -6.718190409820075093e-01
-1.897157057373485001e-01 -8.548786348546318914e-01
-8.375714343671877282e-01 -2.534949241980102297e-01
4.493079285990567717e-01 1.067176963612058049e+00
-1.298561436553839210e-01 9.276955979738171765e-01
-1.252955277163818160e+00 1.714872441782514967e+00
-4.352998737077463653e-01 1.092462947072972757e+00
-1.072286131182612623e+00 -2.883871451188627782e-02
1.241857563624028993e+00 -2.733817035035984722e-01
5.367020120987817666e-01 -3.310186848131873583e-01
-1.318805027724852641e+00 9.368735767176427087e-01
-1.083411374111723946e+00 -1.410827868943478780e+00
-7.010655199162315609e-01 -1.295914848987878676e+00
2.054870366805831294e-01 -1.058008586545389207e+00
-7.492902901397449078e-01 -6.824708905058319841e-01
-7.954611549410821603e-01 -1.368294597617583319e+00
-1.529768268929622810e+00 2.541851791175905317e-01
-7.566472535783846931e-02 3.014431962039182955e-01
6.966520978429594502e-01 -6.959817452239767110e-01
3.860034918809268079e-01 1.372155629484555162e+00
1.015012112050311277e+00 1.761572297678647425e+00
1.036575500419060436e+00 8.119441340002536700e-01
3.913159247841560551e-02 2.770454100681753573e+00
4.732902696017597388e-01 -3.725713159100436933e-02
-1.061348455250463507e+00 3.717176374830450936e-01
7.678147203646618069e-01 1.135807526673021872e+00
3.988651347200287273e-02 5.084075107392389548e-01
