1.452520447104065804e+00 -2.400144327421759385e-02
1.405903193200586321e+00 1.413007607233464524e+00
-1.594371299582608703e-01 7.971362546193700993e-01
-1.701998101005227915e-01 8.790406857910632032e-01
5.115288139368171505e-01 5.660261525267732408e-01
-1.745201952442525517e+00 -7.880829677494850527e-01
-8.796303625678283389e-01 7.645820581508228075e-01
3.130385474384817512e-01 -4.219645974686009104e+00
2.085818505611821694e-01 -1.179909434533900486e-01
-5.283446773055555656e-02 -1.373295614057244318e+00
-1.219059044908475387e-01 2.134004216456564684e+00
4.123157156585921523e-02 3.620588291208909348e-01
-9.088118412192214279e-01 6.866720212671397761e-01
1.429128154423767283e+00 -6.955872888866434511e-01
-4.394965726055373723e-01 -3.048411757825398305e-01
1.068947264065780523e-03 1.138059754681261859e+00
-9.969499100854629647e-01 -2.838593138292981433e+00
-1.602944067335646677e-02 -6.028192652994835976e-01
-1.904545269827673026e+00 -2.840019591630303375e-01
-6.576485033563138627e-01 2.012974161560199815e-01
9.351971578402855367e-02 3.829573351524031000e-01
5.652638001856262751e-01 -6.824229126437884041e-01
8.045998325749104119e-01 6.210846529974440450e-02
7.651469563256771966e-01 -2.369798059714905702e-01
-1.428946445760869155e+00 1.318688426119358548e+00
3.495929688991543660e-01 -1.636312210774103493e+00
2.636453263875825348e-01 2.995340624872406377e+00
5.207471846789224479e-01 3.495270031584217230e-01
-5.474744931233272993e-01 6.006210658873192276e-01
-5.278492426644670193e-02 -3.767883057574291650e-01
-4.197068695575176256e-01 -5.734919285461796967e-01
5.902067614294242981e-01 -1.040620268663602799e+00
-7.367594947040484454e-02 -3.770727326012494052e-01
2.397226516011389391e-02 2.404446517234644642e-01
1.841254920440483778e-01 8.084328994706204696e-01
6.095937039869304686e-01 1.354541009557733433e-01
-5.187775323097278957e-01 5.174376389540668031e-01
7.414665679380179064e-01 8.359593550602225642e-01
-5.389363576465823202e-01 9.936733652083756807e-01
4.834347415650160767e-02 -1.112917256249805531e+00
2.263682553945079445e-01 8.931435392104605797e-02
-2.658290199656460628e-01 7.628354026876643657e-01
-6.692070355617880661e-01 3.927099788932942870e-01
-1.282738398007512215e+00 5.974350172939100201e-01
-1.721859210599332168e-01 -3.492963242098304222e-01
7.806797072606522780e-01 -1.510197392397425176e-01
8.951648914909692278e-01 -6.332415752598584691e-01
1.148760334131517347e+00 6.294057747168949613e-01
-6.796232804124566762e-01 -1.751596357370696078e-01
1.969267408449027590e+00 1.325602685504595923e+00
-1.429435562525590786e+00 5.200936618538416489e-01
-3.137173688046309139e-01 -2.139368917835795247e-01
1.425596046829260777e+00 6.093685082328593738e-01
-5.195621115177364580e-01 -1.846099205191038983e+00
-7.830752590207306491e-03 6.230102593320288040e-01
7.150460902140105546e-01 8.200221360887701705e-01
