5.524671635800194602e-01 -6.012098100415969038e-01
1.530060668811815683e-01 -6.826286574320429290e-01
5.952258456754302429e-01 9.630737711589645311e-01
-1.221304979742333874e+00 1.392231535221006844e+00
-8.774070098902394532e-01 7.618148314930351939e-01
-1.536296563385712410e+00 3.804791429881274056e-01
-2.060778459835417742e+00 -3.534385407613812591e-01
-2.673398723712738234e-01 -6.217028650235264520e-01
7.648398890293541807e-01 1.453266172073931939e+00
-1.938120620958708185e-01 2.282025951602867364e-01
1.561926075550389148e-01 1.053433093833786138e+00
-1.245825664523088516e+00 6.156660907000593985e-01
-4.304871421619643063e-02 1.149553959589123403e-01
-9.707397175792334965e-01 5.492955125650688109e-01
4.349079284887806263e-01 1.118197093352582883e+00
4.295271414371834573e-01 8.105208281952478444e-01
-7.271699477988488036e-01 -3.953210127904583371e-01
9.955139869912086326e-01 2.121953404233010598e+00
-1.308322035187369503e-01 -4.022065804331257377e-01
-1.840315783283653917e-01 -9.968577673108117709e-01
-1.761455700743228547e-01 1.566995637660104190e+00
-1.639586902736656526e+00 6.262670453756950806e-02
-2.685822054190916686e-01 9.278776546335071318e-01
8.182143038022207104e-01 -4.163596151794003997e-01
-9.755623539269012712e-01 -9.218227727141711236e-01
-1.192363727733956269e+00 -7.262632453235701169e-01
7.069558722013732366e-01 -9.972207570116546627e-02
-9.272586014824898415e-01 1.343070448008164997e+00
2.743027092729529715e-01 -5.262363313459105241e-01
8.841182740474010648e-01 2.456811029954366621e+00
1.251128906318756062e+00 1.795773040444911262e-01
4.461084425911861495e-01 1.867717914555756253e-01
-2.265822000976379869e+00 -1.006965890161732435e+00
1.044408222165678080e+00 2.654139276364816391e-01
-6.049937973142570646e-01 -1.158967828595313554e+00
-5.957958583432388933e-01 9.037648985482644726e-01
1.386417514960177066e-01 9.290719920114958175e-01
-1.083702749260372578e+00 6.742547897458505135e-01
1.237508697731157348e+00 3.868318927726250300e-01
3.386725233094913246e-01 1.651062018656181296e+00
-8.108422298429724950e-01 -2.902901307484585802e-03
2.320191868975005622e+00 8.204105586277744555e-01
9.696969497702054852e-01 -8.640933467351235020e-01
-9.421932794716558757e-01 -1.666853936599019370e+00
-3.262702887499607241e-01 1.156538911451743673e-01
-1.263622044010617618e+00 1.271197759935452476e+00
-5.288653630915169934e-01 -1.522556155028207958e-01
6.314894538319055783e-01 1.263034670946321825e+00
-6.796327581297512133e-01 6.266943842937503506e-01
5.910087957520184787e-01 -3.164794077027134889e-01
-9.194024315631709188e-01 7.054196086194944870e-01
-2.094559310495743620e+00 1.100526894546492107e+00
3.713755457338198673e-01 -1.058021736090525522e+00
7.922411090663030730e-01 1.185304380207027747e-01
-1.807569155594441201e-01 -8.784062219140245098e-01
-9.556780255980033001e-01 1.000244602003424577e+00
