-7.795718907122097807e-01 -8.033730474993345805e-01
-7.403210083107194528e-01 -4.090548870592966013e-01
-9.677378338884968789e-01 1.091977983404802677e+00
-1.447548228378865154e-01 -1.749927584922122081e+00
1.159019077829888333e+00 -6.540347904246462951e-01
2.681289912321089819e-01 1.489963734834694353e+00
-6.436589668824658217e-01 -1.452629152694987213e-01
-1.658028772206145529e+00 -6.502483818142767991e-01
-3.146112256451569222e-01 -6.020350750267154938e-01
4.362997912191354799e-01 -3.441026380849728228e-01
7.575048643598287779e-01 9.087006747421245978e-02
-2.703655748190883501e-01 5.158702282254032934e-01
-3.726347428185729505e-01 2.478882982064864571e+00
1.201977818262740111e-01 1.893743012755820132e+00
-2.160005546003521681e-01 1.686185201904207620e+00
-6.525705470365290584e-01 -5.420404589562813902e-01
-4.594172358271044199e-01 2.924710593933964042e-01
-2.682599886040136772e-01 -2.329279522460701468e+00
3.978093137102770571e-01 -6.594409969080823331e-01
7.883616326029507793e-01 -1.230952167299210531e+00
1.677584564096848752e+00 7.711889313753567121e-01
-5.460384057874805297e-01 2.419419918322429364e-01
4.312910880285990012e-01 -3.397466519778611360e-01
-2.457191132335903583e-01 7.647483709071901670e-01
-7.205931809101168151e-01 -4.162704665384715091e-02
1.970844084405488417e+00 -4.549173111974519346e-01
-2.033716873351864851e-01 4.686163778038208716e-01
-1.019476575083856806e+00 7.610834793476494164e-01
-1.112484499863278131e+00 -1.086440620381704747e+00
-1.118571224332805647e+00 5.714052818129179007e-02
-5.189835995811916680e-01 -2.059634838398757051e+00
4.060037226763523188e-01 1.098687118276488572e+00
-1.549516353518196887e-01 -1.528712670789066808e+00
1.102600065168802823e+00 1.857973285166231614e+00
-3.083649739700171089e-01 -7.070155551335405297e-01
-2.606556774482369221e-01 -1.685591335528575097e-01
3.517430997726971320e-01 1.858001200592969138e+00
1.254465545056476561e+00 4.896832413662854377e-01
-7.972070667592426885e-01 4.590939147450109892e-01
-2.102403568648447241e+00 2.996770325732695528e-01
8.442148524777567387e-01 -7.469476471580672738e-01
1.084730380696740326e+00 -1.730625526748080789e+00
6.258345439933935550e-01 5.605414207325565973e-02
-8.915879547618491552e-01 1.382630886767143519e+00
1.108148251470750072e-02 6.608092646749024190e-01
-8.387846293776206608e-01 -3.863710171185782971e-01
-1.678292022150923879e+00 -2.610538317267905750e+00
4.546880001123017045e-01 1.761794472852969307e+00
-2.736341745182269136e-01 -1.794520486655744262e+00
-1.246743221220414366e+00 -1.320405423681252577e+00
6.137250084046089738e-01 -4.817474250069844754e-01
7.795621530040471037e-02 1.689104150814518812e+00
-1.267066896437830104e-01 -1.011924047410481808e+00
1.314430197143681367e+00 1.036340708314714920e+00
9.057173288563695746e-01 2.105738322915946537e+00
2.575408623678398179e+00 -1.253865011396911311e-01
