-1.602858590481244169e-02 -6.635626206240117231e-01
4.239965966161183264e-01 3.372561953929787415e-01
-1.635901608902937010e+00 8.158811203744749108e-01
-4.532455482835644478e-01 5.843127367424492125e-01
6.001347340023899246e-01 -3.022627151496727338e-01
9.483923447083454639e-02 -9.888890855730995133e-01
4.150840466518943006e-01 1.301866358053500372e+00
-8.272097694423256042e-01 1.737064878794957634e+00
1.412493425589076701e-01 -1.816662220871844979e-01
1.433573643215496185e+00 1.084975024509015729e+00
1.066334612941053361e-01 -1.324201763397413245e+00
5.796799120331553867e-01 3.123390692745975916e-01
-1.084546577956033264e+00 4.969927963785120140e-01
-3.695470604400612924e+00 1.257025197084826296e+00
1.017399965179370369e+00 3.692891449877397370e-01
1.229886054900456660e+00 1.819461399483969233e-01
-1.234290864812247257e+00 4.041695943469427732e-01
-9.529034246183339940e-01 3.263697541935350332e-01
-7.179300371979856488e-01 7.189414380565406493e-01
-3.998102069498599836e-02 -6.074818842095538463e-01
4.525667097923477544e-01 -5.296907446130291186e-01
-1.107150357045532774e+00 -4.352695100674346951e-01
2.445315032706284475e-01 -1.712774576295765794e+00
-1.382544050705302618e+00 5.777346901738704688e-01
-1.738435581392287765e-01 6.872626166250261903e-01
-3.372207865787808956e+00 -2.346500452690455152e+00
1.617637642741531101e+00 1.336959133598930594e-01
-1.602372577250051611e-01 -2.499422236785338480e+00
-1.598973498380970026e+00 9.587164974735983280e-01
4.516040598135883100e-01 -3.414176367254164735e-01
-1.336488745393732858e+00 9.358144889765125374e-01
2.318470168229822548e+00 -5.261794520513132234e-01
2.846540293777256592e-01 -6.209157726778661290e-01
-3.256480776227773655e-01 -1.721210990587246636e-01
3.418418704213064818e-01 8.975358893566586227e-01
1.403665192674235396e+00 4.487840775319035247e-01
-2.235065179410205549e-01 -5.851753019953614965e-01
-5.228108078117194024e-01 1.000315303430461267e+00
4.468017080652331163e-01 -1.023621294753110922e-01
-6.816642453874030005e-01 -9.181943268846616268e-01
2.379631695304526562e-02 -3.824534794983691088e-01
6.738581079222798476e-01 1.683731899800011700e+00
-5.443147195996108634e-01 -9.094880051799346665e-01
6.910095826567602684e-01 -3.734054086584757126e-01
7.256435540762041780e-01 -1.998354992735018598e+00
-1.254146807683460541e-01 -1.666089088271684560e+00
-7.909372214658049183e-01 1.590026064266488071e+00
2.209278702171523445e+00 -7.783453242805107308e-01
-3.609792640934969543e-01 1.165483009960450733e+00
-9.616396950161509860e-01 4.289923538107512924e-01
1.129710999252399484e+00 1.325009966760928082e+00
-2.969589673204672819e-02 1.190871862806768267e+00
-1.609765883071581305e+00 7.922823798145266494e-01
-2.028901716091445095e+00 1.439538794638706376e+00
-3.505715222372955686e-02 1.659134449422114299e+00
-2.133814991006110162e+00 -7.806247807995688737e-01
