-1.660506786784326227e-01 4.785697083482061132e-01
6.385857320288088612e-01 -1.451653052730835503e-01
1.645726214028764733e+00 -5.964846614633445565e-01
5.163843018913469862e-01 2.305228570734031701e-01
8.144507511580208192e-02 -4.584352624925054354e-01
5.056589905342028235e-01 2.055911696866890015e+00
1.473613474393373757e+00 -4.510223646699482170e-01
5.317144042458117337e-01 7.799150430198763528e-01
4.805332747175994901e-01 1.827801129789671242e+00
1.395579162107556837e+00 9.380268926275505681e-01
-3.836465922721284949e-01 6.597662127976955393e-01
-7.669920330483791515e-01 -5.831254002042545181e-01
9.743298327297462702e-01 5.935845269537262103e-01
-7.493254269950696544e-01 -2.490076547448961009e+00
9.972603858805353383e-01 4.931320117248593204e-01
6.205109566913717956e-01 1.163834361013481450e-01
-1.137430132793153081e+00 -1.117640831525358980e+00
3.025426846428989069e-01 -1.412214229830017098e+00
-5.415098383359392420e-01 1.388165811260621441e+00
8.080631286713672867e-02 1.925089110200832287e+00
-1.592146585291208893e+00 -2.287966587698928578e+00
4.821654075489031355e-01 -1.058975525888592450e+00
1.258979801185704295e+00 -2.233138770242670545e-01
1.352632039403890873e+00 2.801839781554925635e-01
1.472694532691435354e+00 1.248253410556793147e-01
7.329477508997156443e-01 -1.390483675809206954e+00
-1.126490609748376670e+00 -1.498883085426258699e+00
-1.918113409332671049e+00 8.102306325373666296e-02
1.200197836442235433e+00 2.352348361429009715e-01
7.271775463716736443e-01 1.584007784541104469e+00
2.179251988432585330e-01 3.320048309375912138e-02
-1.288712254404039470e+00 -9.172469344022058380e-01
6.959741263408708578e-01 6.627047845838047735e-01
-1.499213556202720010e+00 7.519258162653836841e-01
4.728181176086117543e-01 -7.414866252805952795e-01
-2.312777616419705584e+00 -9.404835677670609906e-01
2.101043376091924930e+00 -1.619683382608806677e-01
1.039393699541742988e+00 1.025255483628983555e+00
6.704725376303695139e-01 2.679520678442633308e+00
-1.238054493989042992e+00 9.655295648783724927e-01
2.269689606660782455e-01 -9.414832197366200806e-01
-3.223633142224935910e-01 -5.179915894864185466e-01
1.625483001367447500e+00 -1.546777738767690202e+00
-8.994418483119167584e-01 -1.572289127085140903e+00
1.076187169544799316e+00 1.970669984092404403e-01
6.196031201392153687e-01 4.811686360690268782e-01
-1.023651141238795637e+00 -1.736638017448786764e+00
4.054846371932564475e-01 4.748670354481752676e-01
1.343982609604538636e+00 -7.272595908935338693e-01
-2.927066417741292614e+00 7.437936739262243080e-01
1.261780836730524713e-01 1.101961241909299671e+00
1.131574035334425243e+00 3.925150737885446661e-01
-4.703176610601111918e-01 1.643713172332026184e+00
-3.793098921215203728e-02 -1.353701475904130147e+00
1.461854397368768377e-01 1.044493958951885126e+00
1.802947395821164145e+00 -1.282743371197285764e+00
