-5.379153471879933868e-01 2.185343080887690026e-01
-1.258420135073137658e+00 1.299516253578831604e+00
-1.849818261628879412e+00 3.598262750908548524e-02
-1.252222322902758922e+00 -1.461494098191402635e+00
6.081965185563485005e-02 7.660164994500311408e-01
-6.916626147718990536e-01 2.038253803582155133e+00
8.963344690739694087e-01 4.324018262196576701e-01
-1.898839225820774523e-01 -3.237512069109679258e-01
1.096598723987074891e-01 1.714475849326017598e-01
1.351175337531661969e+00 3.453935151802123293e-01
1.672502663082695129e+00 2.176993248571947870e-01
-1.443992856141298908e+00 2.673259369655737183e-01
-4.720302897769855510e-02 1.008043704628835968e+00
1.198402081688699772e+00 -1.139433418199421233e+00
1.230621829196651085e+00 1.328522479111002186e+00
-2.263361808395299768e+00 3.732131491205104568e-01
8.350979550328857526e-01 1.634384847872713431e+00
1.264401254561473342e+00 4.578177272762750105e-01
-1.683571163711206742e+00 -1.570714934469847002e+00
4.559655850447819625e-01 6.949222745390132294e-01
-1.157155094729132250e+00 1.405605730139159182e-01
5.525398506614494221e-02 -6.263467011895280656e-01
2.236212809046589367e+00 2.475270500170352772e+00
-7.927518604658713164e-01 -2.081770153085783226e-01
-6.811165548320782248e-01 -1.894027872614428620e+00
-1.088216274528274186e+00 6.021613929839883528e-02
-1.203508716600594219e-01 -1.070438304262375295e+00
2.562957054369203180e-01 1.885358392327768806e+00
6.953258607505073963e-01 -1.885744272625641704e+00
-2.366975076612554685e-01 1.576909713619075934e-02
9.956432757693958191e-01 1.036154529018543657e+00
1.913104900234074424e-01 -7.187158604210646118e-01
-1.934335145814155554e+00 1.875605655470920619e+00
1.056604665284143429e+00 5.967363926767824123e-02
-6.887644322615290582e-01 -4.848889854025223434e-01
-1.079666499988770623e+00 -5.749560877559852790e-01
-8.321394761691747188e-01 -6.144918906638537903e-01
1.656721237221716325e-01 -1.886772611785057174e+00
-8.502030284407231520e-01 -2.720948949946520035e-01
6.241030201676882605e-01 -1.179144432272340781e+00
-1.028315494174369960e+00 -1.120026565243463501e-01
4.753748334899668415e-01 -9.515196860038963034e-02
-1.016589002104256734e+00 9.441149003778828153e-01
5.020225626573752153e-01 1.696120107339967209e+00
-7.441650546259944710e-01 -2.795981124931586348e-01
-4.571411204729810551e-01 -1.085605483506989266e+00
1.022014461644218386e+00 -6.408882900124013293e-01
-5.476629512274493461e-01 2.938162610897883553e+00
4.393152690270781258e-01 5.016183641994305109e-01
3.888218558238237255e-01 9.279875619852462343e-01
3.362385008095615802e-01 -1.592777295762616563e-01
-1.216702094673585699e-02 -1.544751955753594919e+00
-1.551781382467423809e+00 1.168206160749195366e+00
4.584294861934954390e-01 -5.348467256248521373e-01
2.053695914895721231e+00 -1.955199484648790120e+00
-1.376946629264754307e+00 -3.438948530098517309e-01
