6.823340723314194056e-01 9.266324600586310911e-01
-1.795479493660182002e-01 -1.089380093247526160e+00
-4.595553888020380562e-01 1.247653538825987063e+00
-4.151732678767937057e-01 1.089000380727026984e+00
-8.310569299076187022e-01 -9.479373739996160841e-02
8.650858445508233796e-01 -1.850835730374458532e-01
-1.660083383593751627e+00 -6.478670987041079687e-01
3.285896368854787086e-01 -1.766286589267090701e+00
1.597551131452963069e-01 -2.922425397793284793e-02
6.542604788807849792e-01 -6.080830870054727555e-01
1.216078368991617920e+00 -4.085584636207629794e-01
1.516448267567490849e+00 -7.830994754065824237e-01
-1.348487366145544764e+00 -3.352754235443984876e-01
1.914871081435488565e+00 -6.326392621881598011e-01
-4.060893932260603578e-02 3.176720919139370825e-01
5.315390414203731151e-01 3.225819503425033097e-01
1.864255819961103233e+00 2.885033073620000721e+00
-6.680819071176654633e-01 -1.173197205803418131e+00
6.313805310194456899e-01 1.237415350873621173e-01
-1.777859877724037529e+00 1.141923207055658196e+00
-2.212052611036242067e-01 -4.957382592883717853e-01
6.770190002518923222e-01 -4.346766113169119872e-01
-3.456553266783085610e-01 -1.645274584547696817e-01
4.197896435298064111e-01 1.197162899291601468e+00
1.298499240674545474e+00 1.797652305447074772e+00
-3.033301988687663875e-01 7.380585900804392807e-01
3.085239714141224665e-02 4.408869298812606030e-01
1.499147500777762376e+00 1.082013403723936618e+00
-6.138879967264602167e-01 1.903051324526716936e-01
-4.402065808570444494e-01 1.241611001028122052e+00
-7.829713566151251802e-01 -6.920782597145235249e-01
-3.732439679205051819e-01 -1.376549323632819677e+00
1.092844524423856267e+00 6.974726638191431904e-01
9.131408474816059273e-02 -7.287048811190927067e-01
8.062477448732265906e-01 -2.480740401885634383e-01
-5.955035962301898911e-01 -2.057123770923769079e+00
5.833118604277327535e-01 1.321935281862786304e+00
1.502583401520115380e+00 -2.768941281345680960e-01
-7.813430705689772271e-01 8.266496695017461205e-01
-8.477157064757622207e-01 3.294238767079794017e-01
2.168700231576008886e+00 5.190199280551144323e-01
-1.579039106008798543e-01 9.171506162853544364e-01
-1.388687388855213700e-01 -1.000201396155192546e+00
-3.214519916735569249e-01 4.490809551540137501e-01
8.025390108421536217e-01 1.256150308352588507e-01
8.619117620217187081e-01 -2.360126427916714367e-03
-9.409604498025277985e-01 1.469486454073937853e+00
-1.742167722898056770e+00 -1.297428123580506298e+00
-3.980277053614405536e-01 -1.305404076957775716e+00
1.372265155593122843e-01 -7.037958482645810809e-01
-9.585191440278467701e-01 -1.594303636397350177e+00
1.913348317803214904e+00 -4.957782229852140121e-01
4.878373383767302118e-01 6.347184064215448673e-01
1.101578552081510258e-03 1.231664789499464341e+00
4.254313727079838681e-01 -6.766012839551319713e-01
-7.366200576180521598e-01 -1.822816012583809986e+00
