-5.924522279598357644e-01 -6.100184836007009745e-04
1.236682620704377511e+00 1.062638263086629342e+00
-1.277101616988312482e+00 -1.031830985603401807e+00
3.106084288714736075e-01 4.895531413717321700e-01
5.693437710981287259e-01 -5.550124542752606915e-01
-9.101194142906356144e-02 4.665018880662922252e-01
7.694724465630427279e-02 1.497179646484663451e-01
2.204300516231636919e+00 8.741093555471531884e-01
4.127463099406923352e-01 -2.204179688691795036e+00
-7.472687645582197780e-01 7.506506910747764438e-01
9.822226563618462469e-01 6.510571417525585769e-01
-7.069810986645714834e-01 2.381389311005611686e-01
5.539580258187880579e-01 2.365635268401241331e-01
-3.165860703970367895e-01 4.907712687960334441e-01
6.359723763633035043e-01 7.437664472716511987e-01
4.687270302772517105e-01 3.062836649862706317e-01
-3.299059907377731027e-01 -7.830925857639748910e-01
2.975467095776947346e+00 1.143153512121802162e+00
1.683684815642885191e-01 4.053716352142883173e-01
-9.802744122471160892e-01 -2.265542657476946886e-01
-9.709820532638258062e-01 -5.142434989496156295e-01
-2.347327953063758077e-01 4.908613123254015886e-01
-3.245480166556456436e-01 7.491684593827845351e-01
1.279867520305005169e+00 -4.568177480636281262e-01
1.559355862090271161e-01 -1.309037495335575174e-01
2.882051009143308251e-01 1.434930295804007216e-01
-7.797745557988464693e-01 -9.343074961497910280e-01
6.629813606281934613e-01 5.706660171096819001e-01
2.633499110985487168e-01 1.343655773839537604e+00
-5.433540664534638465e-01 7.819209537043977365e-01
-6.233556091164751400e-01 -1.301564622762738210e+00
5.012519339415616448e-01 -6.123270113629446509e-01
1.013732141507653450e+00 -5.022806912654479428e-01
1.812423303144841957e-01 1.095223083267854891e+00
-5.263364982879575882e-01 9.286498964927233368e-01
6.809536993818779971e-01 2.054837287866274842e+00
8.236155548603650844e-01 -4.444749809027262466e-01
1.101413857013893827e+00 -1.176413426878909485e+00
2.504052122019719828e-01 -1.146393982210069939e+00
-1.276320080794989265e+00 1.232103185677189128e+00
2.689574955600402828e-01 -1.180809606865140582e+00
-1.375631601288830774e+00 -1.085412675440074581e+00
4.138910006620066251e-01 9.295196027799037530e-01
-3.175869255040777439e+00 2.559854590980746636e+00
-1.610611347976746099e+00 -7.535179886328140508e-01
2.110311602166120848e-01 1.748875799707603207e-01
5.975791690102374432e-01 9.405571711361658815e-01
5.073520397853406028e-01 -2.722823246793101837e-01
1.075834718043826799e+00 6.303004582585585158e-01
4.094764244117568008e-01 1.671454882647068985e+00
-8.771730100000170172e-01 4.357207189436024253e-01
5.331765743049142747e-01 5.205349367307156305e-02
6.635033196685632406e-01 6.930551044164582342e-01
-8.451144085566242303e-01 -1.023616572002957748e-01
4.643018597263431912e-01 9.795397638101872584e-01
-4.714670790055813243e-01 -1.220039374538932186e+00
