-8.252338099436860031e-01 9.154968714502416116e-01
2.017159888862219752e+00 -1.319184734324441832e+00
-3.711748260540532196e-01 -5.068707177781832662e-01
4.171145845144387243e-01 2.135730622555010241e-02
-5.736664875808804576e-01 1.189970011416635609e+00
-7.035407430254581040e-02 8.159463880445236295e-02
-7.861250600849708503e-01 -1.123346775118110319e+00
3.027316977249545071e-01 2.756191218896712480e-01
-3.871383942196061079e-01 -1.278005201065413265e+00
-1.125298708545468429e+00 1.901268044055073880e-01
6.271589419749220573e-01 1.354981090573411859e-02
-1.613887094757691099e+00 -3.677062539049456569e-01
-1.292952926495819277e+00 -1.224820700280027763e+00
-3.104858541268136762e-01 -4.791290873813424112e-01
-9.572149907131826119e-01 -9.442193019740666715e-01
1.008952052149556966e+00 9.724431448496211328e-01
6.375165067027004362e-01 4.330943600739999844e-01
-1.747697290264234871e-01 1.750337381684812232e+00
1.342146697787885090e+00 -5.882784470320028269e-01
2.551572361597551075e-01 4.935697664600764423e-01
1.209302153683353476e+00 -2.102253259857940482e-01
-2.857936722566350340e+00 -8.185269022771984870e-02
2.757166889309089486e-01 -3.289346214301565596e-01
-1.678233669416080154e-01 -8.552316444053531530e-01
3.564517592698741577e-01 -5.002373598768574681e-01
-1.062728049700840893e+00 4.145747693439181258e-01
1.350939791025713432e-01 -8.691935070480837355e-01
-7.708354767674946428e-02 -3.179120864574375843e-02
-1.445780650182401761e+00 1.922725058200974724e-01
2.027630432094690072e+00 -1.274512399497257142e+00
-2.495884302602425497e-01 -2.930103088655046650e-01
-1.515564533515148787e-03 -1.328150391570716460e+00
-2.957435309360973430e-01 4.022090489210262965e-02
1.384374135669951544e-01 3.398426781727928447e-01
3.732557463093920669e-01 1.756308574311323367e+00
2.847023997754705854e-03 -4.224111872134466150e-01
6.556283722112327128e-02 -6.358847762685149174e-01
-9.524974250426605504e-01 -1.402289007945065391e+00
-1.644503921991035567e+00 -4.564732990490965592e-01
-9.743463510356347168e-01 -7.813148201245009306e-01
-7.816830316206899720e-01 1.124433427660887386e+00
2.645861287059100508e+00 1.418857761267935169e+00
-2.297512441187642834e-02 -5.828784923250228678e-01
1.030895537085735558e+00 -1.315590975098134052e+00
-2.645478596877019473e-01 -4.817250417927460004e-01
-5.081447601010153914e-01 1.918264857873955634e-02
-6.471952774194220104e-02 -6.502948147662795941e-01
-7.974275948881807963e-02 6.456263887947943925e-01
-4.639761855647204780e-01 -1.134699686581503775e+00
-1.199690267016869427e+00 -1.312432569986687891e-01
1.560950292509423853e+00 9.614532263069031082e-01
-2.787617572829389712e+00 -5.728222666916358424e-02
-7.172545280068318707e-01 -3.891308550195808902e-01
1.965190803610983750e+00 -8.689058829783331550e-01
-4.581221574904009164e-01 -6.831848990372706432e-01
-1.165396703105487930e+00 -2.111222375703322385e+00
