-3.769106908176622084e-01 -5.850580243869334396e-01
6.357606707458069994e-01 -7.989244320362204332e-01
-1.745747859897626597e+00 1.417253019623289312e+00
-4.839357922727860473e-01 8.269054592766810208e-01
-4.296011342476099837e-01 -1.213086240011294503e+00
-5.875216384671528430e-02 6.204097704735626051e-01
5.243164185480263528e-01 -3.933852259665928663e-01
2.491477917074076398e+00 -9.519624236401507122e-01
1.092869398017747518e+00 -5.779285788159459480e-01
1.021129073975466595e+00 -1.664922632638112798e+00
8.725108537096430972e-01 -1.268565924780765464e+00
1.749267038025940912e-01 -3.337426240480867445e-01
1.488189688981458536e+00 -9.614874323636640741e-02
-1.678588776503755486e+00 -4.627838763680865442e-01
1.075341200600294700e+00 -1.688232200600807420e-01
-2.724523916058094741e-01 6.281151766639374578e-01
-3.196827315143236925e-01 1.613161379978877319e+00
-1.585009721936516680e-01 8.274571351038333411e-01
9.407677596429761535e-02 -4.680967496021949947e-01
-9.560272842069992283e-01 -2.270154304696294645e-01
1.894737819895355169e-01 -7.804945962527740644e-01
-1.813870054068096593e-01 -1.932782626132042714e-01
-2.997432573750887230e-01 -3.555748094973282258e-01
1.843859030124642140e-01 8.853879699050533070e-01
2.780356697321101356e-01 -2.683378824755612069e+00
-2.021070334141219782e-01 -6.859917810054614318e-01
7.666623318334133685e-01 -1.174178525163196873e+00
-2.080107111133192355e+00 -7.323293503390961856e-01
1.435701521974729555e+00 3.527308007347089158e-01
3.720183115262477858e-02 -1.849586373403363737e+00
-1.717461896599304261e+00 4.076087357240394948e-01
-1.080192510572327791e+00 4.884254700877540545e-01
-1.456558058127580102e+00 1.838309641726119548e+00
6.143148480154493329e-01 1.038336581341045561e-01
7.897976594658600025e-01 2.527017383667816475e+00
6.706734420432414190e-01 2.925124697698754384e-01
-8.679223832977113195e-01 -2.090088687146341717e-01
5.581361475813284567e-01 -2.060356188159439661e+00
-4.076615581052286941e-01 3.041137315201599689e-01
1.275652608212406669e+00 3.836023336111463733e-01
5.249492625758402919e-01 9.411543511459335987e-01
9.663939980641847449e-02 1.751672078672916300e+00
4.284442995083053707e-01 -1.096478484746906901e+00
1.190121767825316645e+00 1.383787180250574567e+00
-9.408725231116031873e-01 -7.861298236981209553e-02
-1.548877770305358004e+00 4.851727330508229241e-01
4.449255422478867739e-01 1.936464848677318662e-01
8.721174475036975737e-01 -2.204844338024668227e-01
9.955997248303780633e-01 2.537333547787883892e-01
7.874707077218055795e-02 -1.204923502265216051e+00
9.442710214079276243e-01 1.772791507640660846e+00
7.174355555053915090e-01 7.329993734362963975e-01
3.419146384061558130e+00 4.481210896480904426e-01
2.576181481330670930e+00 -2.138514496669944975e+00
1.405703130612837581e+00 -1.266007254561817508e+00
-1.286109072878569126e+00 1.037274393493986535e+00
