-3.105649909574829670e-01 1.175751729215955554e-01
1.562631726682142341e+00 -7.772534259988942429e-01
-2.320811873012935234e+00 -2.513568131382647453e-01
-9.190716161686167673e-01 -1.248812882012149572e+00
-1.979168698016544464e-02 2.822044758026882524e-02
-2.788914340898541178e-01 -1.432520994103765599e-01
5.359473629383393334e-01 5.828987298058013744e-01
5.080565472500498947e-01 6.228361465873532010e-01
1.122609624652481486e+00 9.057020666672801479e-01
-8.279098183769157959e-01 1.355901793556585577e+00
6.318949426021589488e-01 -6.421358828666600127e-01
-2.906848970239794272e-01 9.736467901225049904e-01
4.903960320036047094e-01 -5.869592814017166038e-01
6.322870328690851638e-01 6.147885293316640576e-01
-1.488524363676649420e+00 -4.963524962841870392e-01
-1.593692664843922024e-01 2.449957075681494345e+00
-7.199839601947067846e-01 -6.444258817472718892e-01
5.599748009789254910e-01 1.472447374561904665e+00
7.202158662360371721e-01 8.444160834981928598e-01
-2.745264722845014438e-01 1.538593304864184441e+00
-6.401852463909667446e-01 -5.525147024031143994e-01
-6.558450515606677467e-01 1.491996617737363806e+00
3.997453047284503791e-01 1.507672817060512205e-01
-3.123790520676935842e-02 -1.717412640846333605e-01
-1.490865496068949581e+00 -8.629840752181785479e-01
8.754139232027782214e-01 -1.813697674780682334e+00
-5.167069659211267485e-01 8.444927876714103387e-01
-7.458535853179618647e-01 -7.077264014398131353e-01
1.195621963601931625e-01 2.649061741712376294e-01
6.354362930550480071e-01 1.651716511491841510e+00
-1.587770862238851111e+00 -1.212296135935221203e-01
-1.310507361942685467e-01 7.119875435881478642e-01
-9.833992023261747262e-01 1.075114412288774801e+00
-3.280917678180677033e-01 -7.670798324963947756e-01
-7.766386569803396256e-01 -5.113021996288581450e-01
2.183389542094430202e-01 1.575428250635850347e+00
-8.729996945335491976e-01 -2.582047491559952501e+00
-5.128732097860345673e-01 6.134594100785736304e-01
-1.241700479215168684e+00 1.560509538791966244e-01
4.928419403317358949e-01 -3.037536532582625626e-02
-1.051978507724211198e+00 -1.650758846144055436e+00
7.581492373773776050e-01 -9.471815099520795034e-01
1.026708650578554760e+00 1.016465412277295643e-01
-3.484543489675922534e-01 8.008221274340032725e-01
-1.162984036929917586e+00 2.644403443546201604e-01
8.826143132842239059e-01 -8.134493564149092304e-01
-1.067851604370865903e+00 4.723723506100337838e-02
5.431297172599679479e-01 -1.877307239099179625e-01
2.065714359108069276e-01 -1.474730152624764035e+00
9.566330116292133257e-01 -1.428128748008458349e+00
-1.764843982418292656e+00 1.041861988837950337e+00
9.352770621072301616e-01 -1.111676496820879878e+00
-6.857570946513901200e-01 -1.673802296756617403e-01
1.087715977003290257e+00 1.029812884394958550e+00
-1.119530393074782415e+00 -3.037072823856777903e-01
1.222403436845601599e+00 2.736208752878346750e+00
