1.300511028418203985e+00 -2.146770739546151052e-01
1.744105568188516697e+00 1.077934591527297536e+00
1.095545685876693653e+00 1.118407138963804837e+00
-2.725178764221705130e-01 1.642463333910618051e+00
1.775047952090600539e-02 -1.036301247146543814e+00
8.403995843451312897e-01 7.475397017379149522e-01
7.670904512535069164e-02 -1.006036476898070964e+00
-1.442237376260326664e+00 9.366544466743929043e-01
-5.844984282811549470e-01 -2.688356580692483067e-01
8.134708531703985779e-01 -3.501661244015657481e-01
-5.659519208585103711e-02 -6.225265374083998049e-01
-6.976896810392403392e-01 5.537419983957215797e-01
2.083474256770581623e-01 -1.032004043563728324e+00
7.367659689716798965e-01 -8.471231892391387630e-01
1.946919371665628007e-01 5.378707868130212510e-01
-9.583147391856567943e-01 -1.974074788507992340e-01
-2.065728945805040073e+00 3.996068552972776300e-01
-3.831820595259486373e-01 -1.572665736245485890e+00
-1.411467441152312929e+00 -7.493603596655136201e-01
7.141835237524435387e-01 -1.108696263847041008e+00
-4.310504902080822265e-01 -3.588635851789910847e-01
3.531093847502575489e-01 8.873609660370149754e-01
-5.022541654105068254e-01 -2.375526649222143294e-01
-1.185692784740061567e+00 1.114867764975485676e+00
-3.734913073851617304e-01 -3.857843664024920849e-01
-2.052212325892709133e-01 -8.073671111431299230e-03
7.845947753710084127e-01 4.484893655453868755e-01
-1.565875349773779179e+00 6.706338112817284980e-01
-5.379778182737129377e-01 -7.637379895169146282e-01
1.345737044366639656e+00 6.876103287694486088e-01
1.962933778764460596e-02 -1.182218018135526849e+00
-4.328152493656441807e-02 5.542959081138782995e-01
6.711160576958574708e-02 -8.394787741943535719e-01
-2.366909861963595041e-01 1.819137065101658512e+00
-9.627034887253305140e-01 -1.718490954714299246e+00
-1.017109515387398799e+00 -9.327905933445456155e-01
-9.128080724920545341e-01 5.121283346455840491e-01
5.634042168405651863e-01 -1.564857708309369544e+00
4.911521347022679840e-01 6.370366729150481744e-01
1.849123736674613827e-01 2.015663923283073533e+00
1.237263389738727737e+00 2.643711252136953238e-01
-8.255618270400195691e-01 6.679012715784143905e-01
8.826773222260093643e-01 6.727822490246430087e-01
3.548017440871752970e-01 3.708813761479994864e-01
-4.099934624981176889e-01 -1.123647133431729506e+00
-1.427793321694000639e+00 2.158970070616186732e+00
-2.880049723666468307e-03 -7.900993372109160751e-02
1.097379501427754089e+00 1.486387177399857151e-01
-2.607677579757284314e-01 -6.719099558522970139e-02
-2.217613478516096692e-01 6.341485631085561625e-01
-1.807516255684187945e+00 -1.356639332064121239e+00
4.089229888478946862e-01 -9.000192294842230822e-01
-7.265558691340876507e-01 2.916076931596889299e+00
-5.355985875691603448e-01 6.547748887772784077e-01
-2.078017672127596346e-02 7.933698601904023429e-01
-6.859548153018692196e-02 -1.618503065519366346e-01
