3.957017911905980623e-01 3.258096631539673660e-01
-4.269497593023320603e-02 8.279473870011099246e-01
2.707921657881160460e+00 1.040536278608461984e+00
-1.741513940379712036e-02 -2.087648783148956522e-01
4.361268603597286964e-01 4.188570938294960966e-01
-1.365111168720894774e+00 8.782171144079401470e-01
-1.430875557762495864e+00 -6.691990167331789419e-01
-4.591052143071672753e-01 -2.353601652039673198e+00
-1.738873554142952083e+00 -5.120802529391802471e-01
-5.707132396508977079e-01 -5.513194183135442517e-01
5.314797905100459019e-01 1.268693992072948140e-01
3.450715151321867014e-01 -4.343296878757489377e-01
-1.980771382346701581e-01 1.202589170292775123e+00
3.702181734883297493e-01 5.515881605824057843e-01
-5.404046600089924546e-01 2.416824222906699404e+00
2.147473964390744505e-01 -1.666680548000086803e-01
1.257290875216927395e+00 -1.356255367891231911e+00
6.569183348441330894e-01 7.327997811932407402e-01
-1.443754308380822970e-01 -1.059702576141278607e+00
-2.098643841835148738e+00 3.365665204557465734e-02
3.371630991036230762e-01 3.213402197596079701e-02
5.104764387292549666e-01 -3.115334472669396004e-01
9.309950143955852964e-01 1.462421555917893690e+00
-1.206948136373113128e-01 1.065740958637474867e+00
1.362705551682012350e+00 -5.459494670062574606e-01
2.517859890459205552e+00 -5.935579418468420743e-01
1.361783789243900644e+00 -5.911212996005355685e-02
4.722341682467520174e-01 1.466455389884882221e+00
1.833186244982006885e+00 -1.275673951725750044e+00
4.561380109264357996e-01 9.311393034483640696e-02
3.228759012088397995e-01 -1.736371511052371419e+00
-2.938983536981819022e-01 -6.546364670332753821e-01
-7.656307627799667781e-01 -6.296562378777923463e-01
7.642422294860850007e-01 2.925851884343342313e-01
8.117529143245659773e-01 -1.121770422264883438e+00
4.846230994822663951e-01 -2.436144186750733298e-01
-5.784927043875347924e-02 -9.918891153285891438e-01
-3.480091358636414056e-01 -1.839496651463474075e+00
-1.838675307845927254e-01 2.507612218957021577e-01
-3.022671604398377565e-01 1.272081245647799896e+00
1.724986491980545766e+00 7.446855539450694117e-01
-7.928821548074533876e-01 1.948586670989677638e-01
1.787178474388169791e+00 1.253366965203787375e-01
-7.602068996331914352e-01 1.538124310813940576e-01
8.062604217457274292e-01 -1.702019566879064749e+00
9.074316261505762649e-01 6.928185643575891783e-02
1.921891786053606443e+00 2.536849693842862519e-01
-1.799048795479812224e+00 -1.187495449191843910e+00
-4.596306926567185480e-03 8.187470989983147707e-01
-1.405187463989819863e-01 4.350127733630947957e-01
4.581054263286255535e-01 7.499765916290729306e-01
6.847342157337441559e-01 -6.374931609495042562e-01
-6.406407000015575948e-01 -1.239412562333573747e-01
-2.469589938739936985e-01 2.307838296326381489e+00
2.604691134118078288e+00 1.098734495850719917e+00
5.119398117616094090e-01 9.345592061182943500e-01
