-1.347549997447039516e+00 -2.270508667387329677e-02
-6.935197332975320261e-01 -4.466470836067708006e-01
-2.957480569976178586e-01 -2.250011639090223822e-02
1.199511193605490300e+00 -7.625851125512532747e-01
-1.011715563940673857e+00 6.976726682937022250e-01
3.513173161321482552e-02 -5.118223486138738787e-01
3.326949087983616105e-01 1.066592002718402155e+00
1.551828735752184496e+00 -1.294607568232958306e+00
-1.501927739417353580e+00 3.773792803386567529e-01
1.418983193137523413e+00 -1.419912412594654061e+00
1.667799615455185958e+00 -7.302726835290003216e-01
1.065716997939062827e+00 2.086217791858722415e-01
-9.829025449052172791e-02 3.975322989905004656e-01
8.259046097471419712e-01 8.035024113082785968e-01
-1.678765937831760424e-01 1.231004094050469899e-01
-1.859115282675869008e+00 -4.463925281036431464e-02
-9.259788965161230845e-01 -6.316061890810327206e-01
2.716270594311918640e-01 -8.859642077835502838e-02
-5.548990070685715370e-01 -1.328693486910172833e-02
6.996219827283622905e-02 -2.595875402802125365e+00
-8.532747156959887835e-01 1.138748201132750992e+00
1.861780344579494206e-01 -9.042029839701314353e-01
-4.735238272284615357e-01 7.137787909444286427e-01
4.276604649773162459e-01 5.261033507839638634e-01
-2.771336965643601824e-02 -4.790523574997081896e-02
5.566403783667996930e-01 -9.757170775579563360e-01
-1.147101915510537973e+00 -1.082697803203285236e-01
1.941028400926143815e+00 1.255566678324101793e-01
-3.864008404710377320e-01 -1.355430831432607119e+00
-5.178906453707420310e-01 3.689018478746209917e-01
7.938711233505782450e-02 -4.175229522249467862e-01
-1.226617076965585529e+00 9.645484662004155663e-01
8.350608553965460645e-01 1.105715973064806068e+00
3.661433871126228146e-02 2.938674851904939933e-01
2.302429921327530937e-01 -1.630542013735560181e+00
8.697322193172108973e-01 -1.501803840829017966e-01
2.151493729805306288e+00 8.248401716948248197e-01
1.438493143667473051e+00 1.872431176307921330e+00
4.360040460838928711e-01 -7.016469628846117024e-01
-8.339153016239701788e-02 9.248443446780589827e-01
-1.164430684098811675e+00 -4.899918355108503487e-01
-1.465413127762329237e+00 -6.299784263117266248e-01
-9.702351253674755815e-01 7.003475267137777571e-01
1.699153281104287316e+00 8.686740404720326714e-01
-8.385588224939852786e-01 -1.427890438018790453e+00
7.991764089002930671e-01 -1.222004705650065803e+00
2.141400658319696781e-01 -1.035205659564987002e+00
-1.696065482282707038e+00 -8.145717164035292113e-01
-2.409115157706893245e-02 2.890167230478907223e-01
8.286629501608572257e-01 3.021340808448502169e-01
-1.755381466523137368e-01 4.256789080343619247e-01
1.308217936505656764e+00 2.343631578879882271e-01
1.395342959800575100e+00 -5.998690031319339200e-01
-5.829122401446537038e-01 1.730241305491545978e+00
7.291776527001944119e-01 9.677236740267026738e-01
2.360353072023997634e-01 1.110254118382267841e+00
