2.907247224315866463e-01 4.602349712695427697e-01
1.804783570874800569e-01 1.811811936040234605e-01
-2.476497616694020576e-01 -9.785437765684149580e-01
2.439051801650793105e-01 -2.431577145852118482e-01
-4.475962445927182398e-01 -4.295565363849032647e-01
1.344939312417139821e+00 9.025568118153317609e-01
5.454759194715842474e-01 9.261635799269529734e-01
-1.238805185406086418e+00 6.293325464855009654e-02
2.423343413502463406e-01 -5.964504945855244600e-01
-6.555981250412751260e-01 -1.367720990957171923e+00
2.954976307118943879e-01 3.075909572588750862e-01
-2.886329332460776387e-01 7.556749111275472552e-01
-4.386902330765019564e-01 -4.631102249719727393e-01
-2.188321724615065189e-02 7.495255635166025998e-01
1.124232298578334566e-01 -1.499422082078844198e+00
7.755555609596437305e-01 5.815213062645417930e-01
7.597038792474926083e-01 -1.298068905323491729e+00
1.633938824356605812e-01 -7.018933003195030329e-01
-1.840681479971399748e+00 8.301046995732938028e-01
-1.625957649863463972e-01 1.162524194964358548e+00
3.387556429492629140e-01 -2.104122533024160191e+00
-2.479474206282436533e-01 -1.548878068134730501e+00
-9.890003397771561511e-02 4.453251047980891220e-01
-3.480888860172318133e-02 4.277699924409715804e-01
-9.743722109169229428e-01 1.811206582460958836e-01
3.811833714932255646e-01 9.017614055997427158e-01
-5.905910308272204201e-01 3.368934772601170913e-01
-4.892728743079989284e-01 -2.342544940715479029e+00
-1.487223652624565018e+00 2.172743903344596106e+00
3.406828733377685881e-01 -5.615202788058505368e-01
1.961669370100882492e+00 -1.386760236330847773e+00
5.042323241216419838e-01 -2.963112761586202959e-01
2.565164540654576303e-02 4.597339507472426590e-01
7.047496571926888942e-01 -1.395161214509401004e+00
-1.374263209348579151e+00 -1.097310422683743347e+00
1.362207818574198148e-01 6.119025867965321996e-01
1.963070749725767117e+00 1.549145680090404431e+00
1.483811623988720574e-01 -1.731805356108730987e-01
1.420565085116762161e+00 1.188822990866341245e+00
2.192601141316861124e-01 1.105888256887615828e+00
9.064954756379541845e-01 2.161496676325667943e-01
2.513418701974671765e-01 -7.608192385928301826e-01
-1.014413588591528859e+00 -1.831846820674666976e+00
6.273091475730591116e-01 -9.073378755153610475e-01
-9.482100708544821677e-01 1.211682988998139976e+00
-2.338036965358337049e+00 -8.002858452308755366e-01
1.974234471625671672e+00 2.312947335990041264e-01
3.525995879454411064e-01 1.335211823980486878e+00
-1.045693723929966623e+00 -1.215038732472929206e-01
3.181035771331395257e-01 3.682950969649307349e-01
9.412292084390829761e-01 -7.138002948800341585e-01
2.460891608218981064e-01 3.775446795513216491e-01
-7.625718631477005349e-01 1.537570479900902898e+00
4.174305384263823915e-01 5.320017895384120399e-01
1.673853165457417580e+00 2.022874347544849349e-01
1.873785918920102933e+00 5.347840450731742301e-01
