6.302443626338630200e-02 -7.441810618601627514e-01
3.707884985408817502e-01 1.802757038070164297e+00
2.250316661313455646e-01 -1.278781113689633209e-01
-1.606063664204578467e+00 -2.648007552851748270e-01
9.063762788841123186e-01 1.143654680648096944e+00
1.503592364309244811e+00 -5.325436261728251353e-01
-1.116231878653594745e+00 -1.631913830515324126e-01
-7.541378048920122090e-01 1.072638175637942615e+00
1.049097520481739043e-01 1.263923353797504312e+00
3.811275767114244983e-01 -2.232460801038224918e-01
1.408660114269763453e+00 9.127349334938243963e-01
-3.045790253051112173e-01 2.967140810910920745e+00
6.626827620174965960e-02 -8.443549267823213800e-02
2.444308882386476145e-01 6.866090236517901069e-01
1.172554285897407234e-01 -8.253565163443622454e-01
-2.618513351864387717e-01 -3.642090811347130364e-02
-1.991614912687349470e+00 -6.552404997236487283e-01
9.407435639402135230e-01 7.450811767007217146e-01
-8.897112074588723329e-01 7.733308492384368682e-01
-1.019633990636066079e+00 -7.015416281140302024e-01
4.641992622867610052e-01 -1.733163524924026533e-02
-3.910096690719210843e-01 -1.086000142142852232e+00
-1.022756378441446623e+00 -5.267603947678350940e-02
-1.359956907751270094e+00 -4.724930535359909978e-02
1.114483529921542315e+00 -2.265463013003897463e-01
1.285690889058061170e+00 -1.375070336446037933e+00
-1.404132540100969107e-01 1.815563199811329964e+00
-1.021008299091530569e+00 3.458884687477624120e-01
9.562218842908264405e-01 -1.694047560835527433e+00
-1.167816040058674981e-01 6.629902142980298452e-01
2.413488747384885114e-01 1.119730406367092229e-01
3.532077158267343808e-01 9.943706027342805731e-01
3.087797989488284545e-01 -4.274917316996235117e-02
1.044371187371583298e+00 -4.343535487523390581e-01
1.853294091003035771e+00 1.860852380580136495e-02
5.866185152855868390e-01 -4.145286870604468210e-01
-7.290775446309613606e-02 7.287352516586109719e-01
-2.184274153537584667e-02 2.293999624848239161e-01
7.786008542845028746e-01 -1.768147014801887407e+00
-2.192881663781984791e-01 -9.870077030644601734e-01
5.044917816750008610e-01 1.381122894402986523e+00
1.398195997607885488e+00 1.238485491081893347e-01
-6.855199707517043439e-01 1.581666646049326996e-01
-1.732945027240883435e-03 6.427622439051944303e-01
-1.506812319155949487e+00 -9.570549121355260702e-01
4.427863090006509128e-01 2.912294709019269678e-01
-3.438848487898619743e-01 -2.350019001575820443e-01
4.515455566620280581e-01 -6.076562148109767580e-01
1.779601027696616489e-01 4.561193425716099648e-01
7.293371721197040580e-01 2.641303127939438888e-01
-7.566259620746018655e-01 1.963775004364294308e-01
-5.334364083421248015e-01 -5.083984568012651639e-01
2.269895445577567283e+00 -1.258688195910199648e+00
1.084541199280195434e+00 1.027103370955773309e+00
1.232930910380715561e+00 1.240077892097079637e+00
5.430727031860744791e-01 -6.464070015985894369e-01
