6.262425463695904249e-01 -9.077168063745280069e-01
9.099198894130181570e-01 1.984266787037126445e+00
-9.220839034081804858e-03 -1.003469340204124816e+00
-1.245453419076685053e+00 -1.830854660942170087e+00
-1.425372152837540152e-01 -6.409944010351775745e-01
1.970321353419187016e+00 2.895739577197002923e+00
3.977510414411078443e-02 -6.706666802524646753e-01
-9.795134579592094104e-01 1.362200787140307900e+00
-9.161479689306051277e-01 -6.090181990062679129e-02
4.580681540578521171e-01 -1.053109212844571818e+00
4.502563013577440265e-01 2.492068520392804187e-01
-7.176985613180898449e-01 1.793643959695644829e+00
1.457588794290861189e+00 -4.662108948559489097e-01
4.591357409845053111e-02 -5.298721697151416166e-01
-6.070333002524105348e-01 -4.170318518650689144e-01
1.658993190448760702e+00 -1.160079018880147084e+00
1.301480547393639942e+00 -1.769757711811197787e+00
-4.358694294888965093e-01 8.999120482393764275e-01
4.486665295341849546e-01 -2.144114638144358320e+00
-4.364531207967572435e-01 1.014921093605773983e+00
2.171857256912590906e+00 2.016778528849716423e-01
-1.253722596085763641e+00 -1.007752789842430774e+00
2.630423462898081044e-01 1.025039471655460499e+00
5.829688265192914942e-01 -7.720276959326620725e-01
-8.051541471427354768e-01 6.272970101702433077e-01
4.200676788335954148e-01 -7.364737741047222563e-01
2.897489264289879185e-01 -5.643162635643047542e-01
-1.656212048790399460e-02 1.766441431220258540e+00
1.715491754027765214e+00 -5.435998374464785510e-01
9.945107507198537311e-01 -1.187235378933465535e-01
-4.336829777516479356e-01 1.420907719840121652e+00
-8.864180255891154214e-01 1.343520740292162952e+00
1.086923193699129486e+00 1.128810661192342968e+00
1.171810786381749070e+00 1.431743199322552451e+00
-6.246019249136184476e-02 -6.447969318142946493e-01
1.390471445840461007e+00 -1.025550908629518476e+00
2.035754167480073207e+00 1.789506927645977630e+00
-2.664781884092605191e-01 4.852317276135061919e-01
2.753465431258029228e-01 7.062458773257828115e-01
-7.889019026201369300e-01 4.616191622452466281e-01
6.887324810414375831e-01 -1.188211971977700010e+00
-1.878830431664282541e+00 -1.518732445815668651e-02
9.898380455921073073e-01 -5.276481829231470799e-01
-1.189761189290267085e+00 -8.843132650653238169e-01
7.039252758128898835e-01 -1.107299646383021807e+00
2.902363691843783955e-01 9.557197836993511775e-01
-1.822344338340317949e+00 -1.025934245666087152e+00
-4.666911159867371262e-01 -1.719671551665966636e+00
-1.871287134375724692e+00 -5.225354632578725900e-01
-3.569498423147904331e-01 -1.148606601206386690e+00
-2.320903574576530046e-03 -1.710263540456191320e-02
-1.014610212883674478e+00 -5.571419891602390484e-01
-1.793352050442366119e-01 -2.779687023021636810e-02
-1.294548588229567532e+00 -2.300369300181124010e-01
-2.878524013044282404e-01 3.875560036381518469e-01
-1.151381339048153984e+00 1.199791218162101991e+00
