4.699319854928492995e-02 -1.057834182008537294e+00
3.757845537900604271e-01 3.144455033014758039e-01
6.853165231743012509e-01 -2.672417998348283752e-01
1.415562470344500223e+00 -9.867301215805702741e-01
1.408648545832033583e-01 -1.097389069161592845e+00
-5.142663289596389742e-01 3.675023589790619993e-02
-1.611483433523810405e+00 -6.826662224967703363e-01
1.276087328831337686e+00 2.693717611830321323e-01
2.196271166632685290e+00 -1.200346689196901462e+00
-5.759328669766576869e-01 6.888863474423789768e-02
-1.002338526690120801e+00 -7.028170752959669310e-01
-2.275866126205839668e-01 -3.923905767402799394e-01
6.291675303128113628e-01 -4.480583704545743617e-01
1.240341253202063676e+00 -7.285854239281133182e-01
1.036071602215445697e+00 -3.943283419285460445e-01
1.221529159667762987e-01 1.233436035552066157e+00
-1.875229903794721542e+00 5.424623259828383892e-01
6.437489563835092632e-01 8.931380462201686521e-02
-1.891011662194622023e+00 1.847432369692256104e+00
-1.040663569564240110e+00 -2.061373033615542028e+00
-6.840033011828096088e-01 9.494718130968353709e-01
-1.457310122390322649e+00 7.197902241659995815e-01
9.808640849373344572e-01 1.115887695571510685e+00
-1.483999838235662283e+00 9.796554834276390844e-01
1.057687064394868814e+00 1.242840830738517921e+00
-9.300817962098542613e-02 7.034033152921125298e-01
-8.151037335045707710e-01 -1.481383353442940809e+00
-1.239113345090741225e+00 3.427176384415606680e-01
-1.145039194553107542e+00 -1.407019361717578798e+00
1.875408545909694469e-01 8.297378673964549423e-01
-4.358564494373876053e-01 -8.736287032486381721e-01
7.571387856135389782e-01 1.838754278671672182e+00
-7.515656956887235562e-01 -9.313162823911913524e-02
1.184588044519947758e-01 -7.689379634085368176e-01
-1.511814615604112066e-01 -6.904878274623315049e-01
-1.430879951045413545e+00 -1.570215447104378992e+00
-1.465068327573293194e+00 7.860830048291342909e-01
9.585525780267869500e-01 1.193077881103599358e+00
-7.061640657959642464e-01 7.019230642369975737e-01
-1.410627270346196838e+00 2.170266627354549893e+00
1.901883813342078566e+00 -4.514570388580430027e-01
-1.105905306068841076e+00 2.760057036042525697e-02
-1.935178504742027794e-01 -1.668811761983204356e-01
1.072453985373414298e+00 2.466199148554288900e-01
7.299165702972235659e-01 1.472841538479420009e+00
-5.719238354025522192e-02 9.325129562548889472e-01
-3.020245825904494530e-01 1.527990482033017239e+00
-1.085431088801737110e+00 -2.204550445196200859e-01
5.103008634778390951e-01 -7.663660090027100136e-01
1.575299860983257749e-01 2.282396046639906029e+00
-2.322302896553162466e+00 -2.318589624365443302e-01
1.720902834567991535e+00 -8.879638776706303416e-01
-9.056114681933278288e-01 -1.323848195748490220e+00
7.506356748989870820e-01 -1.308687115757454666e+00
-1.752059386103791860e+00 1.705980657500747011e+00
5.338344007147711734e-01 2.380264707783614320e+00
