1.647711251498338081e+00 2.831264696714669848e-01
6.191857778640645904e-01 -3.714716846405442530e-01
-3.459281202929928578e-01 1.933170248431947125e-01
-1.258027971998493033e+00 -1.128203778237929944e+00
-2.098204395460131266e+00 -3.605664839539511335e-01
-1.069195192938503070e+00 -5.332979629455872894e-01
8.790641647589210184e-01 -4.324366308604846165e-01
9.967410686108875151e-01 8.514240909303559812e-01
-1.556029766976368300e+00 -1.405021169034890383e+00
-1.006177599702541281e+00 7.274067714788539085e-01
1.153218341684159043e+00 1.437719705629597611e+00
-1.349576518882310339e+00 -1.712631138993326863e-01
1.588563927345830462e-01 1.367392070897235357e-01
1.232280093500543128e+00 1.915148564402223252e+00
-2.504051736174556009e+00 -2.753512161733767116e-01
-8.942581369994231921e-02 7.554250905636994418e-02
8.619824934105293490e-01 -4.322027779802543185e-02
-1.223920507227529653e+00 8.106401275767949333e-01
2.104905377931339805e-01 8.564502215399113355e-03
-3.616961246606861802e-01 -9.528829528009924443e-02
-1.296304423277838458e+00 6.813469429246058473e-01
-3.881969117216983456e-01 -7.614223324473495813e-01
4.925360221040486763e-01 8.427361345263716386e-01
-3.872237863368881983e-01 1.025928134772973399e+00
-1.525287002370905975e+00 1.402450753357019408e+00
1.002484207089921586e+00 -5.394860417445159761e-01
3.432329541011622243e-01 8.163573261815144644e-01
-1.687438493649100479e-01 -1.573893097068024272e-02
1.777360660453140895e+00 8.808327333976774254e-01
6.731966888365850110e-01 -5.550017900851687003e-01
-1.134377848246067300e-01 -2.340528992906969752e-01
1.414713899884715298e+00 6.489385327753335320e-01
5.112322637536008685e-01 7.421201867882170067e-01
-2.085250800546203376e+00 -1.577265960878563078e+00
2.992900766273658975e-01 -5.652453929212971628e-01
6.944346296177001943e-01 -9.374798862951908562e-01
1.002286964423305227e+00 9.043541596646667013e-01
1.694262470833421519e+00 1.518052068873880334e+00
1.346938092025424805e-01 -8.832218243095146804e-01
3.114178674409541214e-01 2.076585564769086456e-01
1.368921102676652624e-01 7.999325552614652834e-02
6.699097079644608654e-02 6.323266504807376620e-01
-1.279008522952405635e-01 -2.703342980216908997e-01
2.008842507070587313e-01 1.143353934173108460e-01
-1.277300864282027382e+00 -4.923668923031014888e-01
-3.641508149525933269e-01 9.696644190640074656e-01
-7.033533734795167636e-01 1.014285393496787258e+00
-1.918883298433172069e+00 -3.976153370883920291e-01
-1.457623610287129279e-01 -1.021786084132231931e+00
-1.503865485001389501e+00 2.485041263137514056e-01
-1.367792456403340129e+00 -2.648272333771243409e-02
-9.587761974274838783e-01 6.489296264573255479e-01
9.269285475411741526e-01 -3.262486534108090530e-01
4.978752414379759572e-01 1.337246800040249095e+00
-1.804484169876882094e+00 -1.531426928888006245e+00
4.872216403739149659e-01 1.647309530345592021e-01
