-7.241768391477989564e-01 5.861298549906197586e-01
5.335752116613357021e-01 -1.383531912932782104e+00
-1.211998102291924340e-01 6.771961223829944254e-01
1.495229266423215408e+00 1.736526497129613711e+00
1.916168726011585055e-01 -2.390105961616818819e-01
-4.074093267683441266e-01 1.470231088110422801e+00
7.632237135783689896e-02 -3.523977751017559057e-01
-1.707576020572157682e-01 -1.146965769687341291e-01
-1.030771759979970170e+00 -1.312491864227002258e+00
-8.477690754024542752e-01 9.429543729100118288e-01
-1.638913069160220948e+00 2.202522516848588907e+00
1.078324834060918835e+00 -1.096841584844492123e+00
-1.210546654819252055e+00 2.217083282551189694e+00
1.161012044310859803e+00 8.883524015849788569e-01
-1.520477390275763341e+00 4.917762940753644951e-01
-9.983673940146958747e-01 -1.027123640789136427e+00
-1.266860063024209948e+00 7.132218082664432135e-01
2.961617575956225767e+00 1.734232872431170636e-01
-1.257085582862295770e+00 -1.011558217345223776e+00
-7.167587014124930656e-02 1.863423577089208527e-01
9.140165014361943951e-01 1.372809930596435635e+00
-2.804971092150208012e-01 9.394952889161478637e-01
9.057931943755375137e-01 2.909873888199883130e-01
-3.889254411037440518e-01 1.478641076440665447e+00
-6.847757676692948214e-01 5.690745659415888946e-01
-2.587460305407462413e-01 -1.074860133717114641e+00
3.550328481206937448e-01 -1.668137903432048930e+00
7.663009972176246798e-01 4.906435043855163491e-01
1.348985755357287264e+00 -1.358633972677820934e+00
-2.744281527544647492e+00 9.377527611425505727e-01
7.268207354618169136e-01 3.773861470699048093e-01
-1.622541725131179779e+00 -4.321370294039647564e-01
3.402563949602283033e-01 -7.670751441962255779e-01
7.195086006549203939e-01 -4.597391532307332218e-01
-1.373349964097130005e-01 -1.790041934889124109e+00
1.048778971520521353e+00 -2.882690402909205751e+00
1.457485129022659531e-01 -1.097927264110529488e-01
-1.356666836935919607e+00 8.420022868599652544e-01
1.020598718178669373e-01 1.369698480268954466e+00
9.039314965861692253e-01 -1.547438381719584255e+00
-1.554143664292698013e+00 -2.440941864348630530e-01
1.551170500156239251e-01 7.321990549507748636e-01
3.758485299742624353e-01 1.180639449000846497e+00
-6.816847436281648909e-01 1.239980544166032539e+00
8.148190228323488604e-01 1.945334185543279748e+00
1.904679499754027061e+00 -1.966617820307248854e+00
-1.154986775223776796e+00 -5.428559221847720773e-01
3.288069453910227868e-01 -8.706811294116811872e-01
-2.363292689844260774e+00 -3.499111217235045812e-01
1.202303463530108724e-01 6.030544998413173152e-01
5.727412342829361902e-02 5.957793485923590371e-01
9.671529066090720494e-01 -5.006854404613677589e-01
-2.233510698810894576e-02 6.417174470427501332e-01
-1.053714141308195851e+00 6.529696452402941054e-01
1.764132793429513957e-01 1.139805337475509051e+00
8.279556148826767714e-01 1.170756714355105643e+00
