-1.631901466814092760e+00 1.123145820336780787e+00
7.817439434038244706e-01 -4.213978866899761311e-01
-8.413556756850669727e-01 2.372622276041576050e+00
5.242252640750167947e-01 7.801055471131400354e-02
5.239844990089359555e-01 -5.353826102695743439e-01
1.663831135240704528e-01 -1.028639453765358036e+00
2.598104231620790641e-02 9.009931351663779120e-01
-7.679153429550344967e-01 4.276382932259988334e-01
-1.182191268718492116e+00 2.731836718358482408e-01
5.056239241799791173e-02 1.860267792795256558e-01
1.654401143158418908e+00 5.004098509233588787e-01
-1.320545423019196640e+00 2.063799006571146177e-01
-9.965390999221586110e-01 -1.138106445011473067e+00
-1.311379235404655397e+00 1.758565456721629339e+00
3.195134394039231274e-01 4.446741962024680084e-01
-4.206827256548158200e-02 -2.547129248331199136e+00
6.780646630881271841e-01 -1.539454614243974007e+00
-6.346597746630071590e-01 -3.312848718324690189e-02
8.835924641567958204e-01 -8.091546086544550154e-02
8.181443955166890492e-01 -1.189863613995568947e+00
1.378697321392106989e+00 5.594730729927113178e-01
-8.532794476613145829e-01 1.543710249038762750e-01
-5.518379127773900272e-01 1.261357537707413323e+00
1.303638330876763840e+00 -6.823137780105010819e-01
-2.718715741253001639e-01 9.486631337376213446e-01
1.881955506452572147e+00 2.635502938898932057e-01
7.214702441389640730e-02 -4.730772476993655995e-01
2.918554462165068752e+00 -6.425396115291290844e-01
2.433864099713295981e-01 -7.696512327110117679e-01
-3.477256831100045686e-01 -1.340092218216627495e-01
9.457369468961871473e-01 -1.888997966543766449e-01
7.525459449833120651e-01 2.169906944454075004e-01
1.812261923174520728e+00 -7.514360879391978054e-01
6.543166878686341725e-01 -6.046909108117725085e-01
-1.508595275635542299e+00 -4.644766050420872094e-01
-2.259759488410496009e-01 1.853526230750879966e+00
-1.203397523185229412e+00 7.608150776162884155e-01
8.005438701595531947e-01 6.073780494091275406e-01
-8.083139138487607234e-01 -1.852680466433547890e+00
2.574622723192983020e+00 1.107934096939744650e+00
3.864434218476196503e-01 1.321855253057943713e+00
-6.572007525888419188e-01 3.628874838645321788e-01
1.558114458525574397e+00 4.968555041106140768e-01
-1.487113127343779428e+00 -6.958438572474190398e-01
-2.465869496016494244e-02 4.270734065372525645e-01
-5.757284860993470144e-01 -1.181485320835468977e+00
1.415984416351894426e+00 1.065292679967605460e+00
-3.414541013177386786e-01 -2.691276169260493845e+00
3.131315491128684458e-01 -2.536729619472605779e-01
1.305084941533555698e+00 7.174935237765285301e-01
5.473464657403706024e-01 1.445827793980474452e+00
2.517141543430673756e-01 4.957351850425041340e-01
1.714502064819669158e+00 -7.755313580628361292e-01
1.087954630740603612e+00 2.433166530405549144e-01
-2.597719532425087907e-01 1.000402516513469564e+00
5.656885738367666283e-01 7.328933581445805645e-01
