-4.220424241236466201e-01 6.873347516554406678e-01
-1.467805422533058901e-01 -3.470487237620216714e-01
1.535760209229317885e+00 6.649715762505588046e-01
-5.868472006645383265e-01 -3.383611345671577175e-01
1.532967446196746186e+00 1.318881512797204891e+00
5.396578227416950480e-01 -4.101263742616065855e-01
1.209264160179023495e+00 -1.028175953925030583e+00
-2.274610399277800621e+00 -1.988167746114981593e+00
2.751268708576083966e-01 7.995306417338422511e-01
-1.862099085089773953e-01 4.103360342448144626e-01
-1.191797769697516829e+00 1.608302541781857942e+00
1.026866998449275759e+00 -1.410877138207392356e+00
1.525843636010189019e+00 2.935404808122828779e+00
-1.398694817799673196e+00 -1.611546339832151009e+00
2.548275966181273056e+00 -3.629940368865756661e-01
9.045062846401968892e-01 4.393154482513667025e-01
6.957981381227382363e-03 -6.904720712973855257e-01
1.689563599321828535e+00 -1.241043550305608978e+00
1.290829762459629743e-02 6.554530834894864988e-01
4.149193658666960882e-02 -5.734435534992968764e-01
-2.212834539723719907e+00 1.140103424200542559e+00
6.845904597907152001e-01 -1.256058215693414415e-01
-2.030692997341585482e+00 9.119142996456272576e-02
-1.529217771666404158e+00 7.341673008067979289e-01
1.997194101761854967e-01 1.045385389055907971e-01
5.144142699339011582e-01 5.151027014855684705e-01
1.271833883208645766e+00 5.533575459776411964e-01
-5.530470309323718553e-02 -1.333667728521923168e+00
-8.185927621689840228e-01 3.983309822527599242e-01
-1.953558289698451800e+00 2.178229726238583464e+00
-1.908248610461407813e+00 8.846552275875451121e-01
1.277014205998961760e+00 2.639397896524370291e-01
-2.068368085287370484e+00 -1.232146173665395805e+00
3.479011958729841814e-01 3.835488745613637729e-01
9.724776474332376408e-03 -6.980442073343843257e-01
-2.297617334323113492e-01 -1.113752708408512593e+00
-1.501158022302649497e+00 -4.683750430333515902e-01
-1.778531547384912537e-01 2.349469556353320776e+00
7.158612266262667778e-02 3.387922702826116628e-01
-1.332385217895712071e+00 -1.030902976855286424e+00
5.013319546770043100e-01 -4.318423546803965563e-01
-5.454670122820666489e-02 -1.945327039343463793e-01
-1.186871590554247624e-01 9.393702926637909068e-01
1.255617908561728890e-01 -4.005319795273837857e-01
1.281111877132923738e+00 1.012771036138908620e+00
1.227712369507526491e+00 9.134325390871054218e-01
-1.369008744882413087e+00 -6.172716775516557952e-01
-9.063431069250610372e-01 -1.168641597786004072e+00
4.651606520207028361e-01 2.822500550408833520e-01
-2.600607388091271677e+00 -2.375142140469146679e-01
-2.158880783425807692e+00 -3.382330906737984200e-01
-1.686146217057230334e+00 4.572779216179447270e-01
-5.649478948812313162e-01 1.397199513018434758e-01
-1.290776399411480480e+00 -1.247353187746458730e-01
8.334051581959912580e-01 -8.988997275497699890e-01
1.663504718234182000e+00 1.308356285849276102e+00
