-9.831795485763524800e-01 -1.264199551985418557e+00
4.049592839721316562e-01 2.196705093428922062e+00
-1.083564672882990410e+00 -5.279001555959565994e-01
-1.264159688959026973e+00 6.947737001104576926e-01
1.109140506944374799e-01 8.605658841073795529e-01
-1.899152530619393264e+00 -2.410760558789105112e-01
5.145748687318150161e-01 1.874604867272260167e+00
-6.203930680640020734e-01 7.643264264234435057e-01
-3.878144217166691332e-01 1.437832996584580969e-01
9.621590648067304130e-01 -9.182523620224536387e-01
5.310680200312526411e-01 -9.200234820082878739e-01
-2.607173493723100144e+00 -4.255721659413626984e-02
3.295574718782554591e-01 -9.005127438470627785e-03
-1.324301785610344062e+00 3.787934878591202592e-01
7.865424136034917524e-01 6.737052282902764588e-01
-1.949264492437966512e+00 -2.853583411292508476e-01
1.625315967588209620e+00 3.237492514829797274e-01
-1.120220481502719467e+00 -2.821197134568760867e-01
1.790067518949531422e+00 1.177014638475202712e+00
-4.422683000679097365e-01 -1.311695612578472447e+00
-2.228658639024374832e-01 1.263818472987131125e+00
-1.024462101553315074e+00 -1.440661253863149138e+00
-2.998261584555413917e-01 6.029340465495427459e-01
-1.878467404583036737e+00 -7.393782574123853868e-01
-1.881642314568011676e+00 -7.351409063705056646e-01
2.434925328653226306e-01 5.073321524892174944e-02
6.586816151550370924e-01 -8.826789996064846600e-01
7.016678968465489552e-01 9.275361149026616348e-01
5.327012974517222332e-01 -1.267999028785480098e+00
-5.618686687021675619e-01 -4.652236052104005148e-01
1.862698186219146512e+00 1.717506037253864193e+00
8.984316540862359313e-01 -5.687681739919718538e-02
-4.457073486396525563e-01 1.958331592192202875e-01
2.522923911823035104e-01 -6.536857298101172997e-01
1.364622222524506379e+00 1.528206232671583120e-01
2.814988435991540250e+00 1.159498159367693626e+00
-1.276187672469761614e+00 -1.605986623382690826e-02
8.785874377092275367e-01 -5.587353547853697311e-01
-1.901569730169491157e-01 -1.250212725722676055e+00
-1.013537052140732087e+00 6.612778968719108530e-01
-8.663062352965551494e-01 1.249065814778399952e+00
3.171824343960809034e-01 2.738480624651829398e+00
5.509856632503583596e-01 -1.260409194687462930e+00
1.489752375067677992e+00 -2.084119799998942479e+00
2.350602638941687583e-01 1.994138429369125332e+00
7.889185624759197379e-01 9.502844250162412187e-02
-4.955462582973750307e-01 -7.707931471811609869e-01
-6.449745252931229356e-01 -6.727363675376576424e-01
-1.971767430434295254e-01 6.876568872502111240e-01
-1.417635039151074139e+00 8.006945176671159681e-01
1.009203139418555439e+00 -5.427423262523761727e-01
-1.536250814469073855e+00 3.770555533246346402e-01
-1.489858882904782300e+00 -1.732847896686820155e+00
-3.185590144614369734e-01 4.409629295907382396e-01
-4.889485136925693087e-01 -3.421235877523811642e-01
-2.209203380063576583e-01 -6.854888216941472656e-01
