8.525722530775808883e-01 1.232569045536456409e+00
2.066013900950456617e-01 -2.733535471525570457e-02
8.899838368008083922e-02 -2.353182004213837664e-01
-9.755105146120720550e-01 9.803968408876291285e-01
1.356334618024225835e-01 1.050981163846591349e+00
-7.956512296837300324e-01 -1.076413843295509709e+00
-1.807526489670391090e+00 7.726007542413227958e-01
2.214466596017609645e-01 -1.041471039235830620e+00
3.401975267544409820e-01 -1.279748359714382833e+00
-1.291842895818145154e+00 4.776993239097501176e-01
-5.757905602469819417e-01 -6.781712159510663307e-01
-4.775584059852380769e-01 -1.268198162511421812e+00
-1.490603369923820254e-01 5.442869065465805178e-01
1.523066661329548710e+00 1.133655800425751314e+00
-4.095815003157682321e-01 -6.571014268660154700e-01
-7.850481468981882482e-01 -2.641704437838127695e-01
1.052594647795939142e+00 -4.124001730804490590e-02
-7.312100736969198156e-01 -3.734663535352062413e-01
-2.631436382619851133e-01 2.305452945079573102e+00
-1.042373139635962120e+00 -1.693124499445956832e-01
-4.677879276403492659e-01 -4.096461210592400870e-01
5.056618214514222442e-01 1.545223566404721471e-02
4.571564575998700031e-01 6.082657951021944731e-01
-3.118466339940195731e-01 1.536923769785005334e+00
1.468760107747742572e+00 1.003339849629782815e-01
-1.513149871465718332e+00 4.793539599990784827e-01
-6.554044728153357591e-01 -4.586930483169641970e-02
7.521452961222721001e-01 -1.001471481297997013e+00
-1.800268231314819112e-01 2.154718745858585471e+00
4.437410203211607507e-01 6.561111470530388567e-01
-2.096748817406319354e+00 -1.146777081954093003e+00
1.012811501457440588e+00 -1.531007017548007720e+00
9.035341907056503308e-01 4.052592490386754398e-01
7.434396281816240126e-01 5.893247973876619694e-01
5.873454174983245846e-01 2.074036341819299967e+00
-6.013766093130734625e-01 1.540292907788401333e+00
3.166662996133668972e-01 -1.355530361958475094e+00
1.434731726541889296e+00 -4.262179960856565253e-01
-1.310784700719416662e+00 -6.483147074282308298e-01
-1.540460141429593754e-01 -1.994958194698448484e+00
7.031169209832172085e-01 -1.016857467310976260e+00
-6.817514337616329412e-01 -1.813520450113104809e+00
1.023822777675778228e+00 -6.785637836952055357e-01
4.888020032142880167e-01 -3.436981388626424994e-01
-1.787262750314657922e-01 2.418906159323936489e+00
3.006433353247028317e-01 2.615201391471229098e-01
4.587420602888485632e-01 3.853119429171913968e-01
-7.475401013519231697e-01 -9.202279177575037883e-01
3.531462715264815921e-01 1.623258212113468657e-01
-5.445881909060144022e-01 -2.583046375891235424e+00
-4.102817948665934966e-02 -5.026372643613451485e-01
-1.897437165561433881e-01 9.517858026488681400e-01
-2.789862792825431592e-01 -7.273459829007261623e-01
2.081918216114297115e-01 5.102069731545813003e-01
-1.039142856429986495e+00 1.289913978552542639e+00
-2.283395927463672148e+00 7.912712565948486487e-01
