-6.545886089551212761e-01 1.185353433593312883e-01
3.478909541322057208e-01 7.199224738801333068e-01
-1.355961484681005524e+00 2.348911378068580802e-01
-2.011655120077186165e+00 -6.465898969158693221e-01
2.400308519848244615e-01 -6.548751304623029457e-01
-1.982924822290412781e-01 -3.045696307821751936e-01
-1.076939670902851587e+00 9.510618609302651238e-02
1.845204610460509764e+00 1.160526117648703615e+00
9.603108901595570623e-01 1.409556664678908833e+00
-1.507900441040233908e+00 6.664801387021316303e-01
-5.085564119846892606e-01 9.627394326595635141e-03
-5.798972586457926681e-01 2.790615742533750221e-01
-9.658266625718391341e-01 4.523756534108455130e-01
4.029764972042499949e-01 4.056642345042190678e-01
-1.816642252543857916e+00 -5.166114170223398139e-01
1.008670387446697569e+00 6.454134811728303722e-01
5.083909766770384753e-01 1.375824411661963342e+00
8.185080304029036524e-01 3.771653282138297952e-02
-5.470027842619629155e-01 -2.811641510787590489e-02
-7.213567991469718721e-02 1.592943432767189860e+00
-1.256976999816138696e-01 -3.744873885268222846e-01
4.442593850892291307e-01 -3.163637033615527838e-01
9.895459184051300094e-02 2.032089007352694612e-02
2.743855480843285233e-01 9.022417353493454584e-02
1.915332073727223250e+00 5.817264150260714750e-01
-8.157729483537569104e-01 8.418210582847689416e-01
-1.567502855516391680e+00 1.196674020003810068e-01
-7.009014631140189078e-01 2.716937133545667682e-01
-1.400698608162529064e-02 1.821571562669362709e+00
-2.097107685434156654e-01 2.520385399382233937e-01
1.408168020867942127e+00 3.920092881043829580e-01
1.771848773101468433e-01 2.583302622101529833e-01
-2.157043891484915210e-01 9.682779463126462982e-01
5.709242943698686901e-01 -1.115887811580929201e+00
-5.309171944428785483e-01 4.712624045635868675e-01
-1.362476532404673035e+00 1.800301490324733855e+00
1.812928917594763378e+00 1.342689739620226419e+00
-1.343824310396213528e+00 4.659162961422950167e-01
-6.453376861619910532e-01 9.476801021018594895e-01
1.934964307396881411e+00 2.244208503858695636e+00
9.155508201047002359e-01 1.624067193042963431e-01
-7.491161173940261708e-01 -4.469408821247828900e-01
5.913699083906259757e-01 1.639833098926753330e+00
2.106045719322860776e+00 4.932416678409856647e-01
1.409597848597166081e-01 4.074871990525305576e-01
-7.078709844622294023e-01 -4.655757720011006184e-01
3.122004747555931492e-02 9.246395967179700526e-02
-1.984103824807254224e+00 -3.240306404415543184e+00
-1.025727411226484254e+00 2.579363872779764089e-01
1.802986064694827029e+00 -5.062654367573474756e-01
1.797381379944944513e+00 1.939797560263299414e-01
1.185717281660206401e+00 5.505334630843163879e-01
-1.528125644174126441e-01 -4.462911339901722840e-01
-1.270289442469749286e+00 5.275534852054306612e-01
-1.799686237132023248e+00 -1.890995013048017315e+00
3.742470555597819382e-01 2.634907667372688778e+00
