-1.777893066210642914e-01 -1.265646743288759979e-01
-1.509122160433668536e-01 1.275071507915007007e+00
-1.824943976256255540e-01 1.763692224541370646e+00
-1.008633165648642027e+00 -2.607148450134301187e-01
3.268941362732833422e-01 1.582990270272936373e+00
4.767928711545821874e-01 -5.911047017464049480e-01
-9.384051300997221512e-01 -8.911411654691631101e-02
7.464979408763019464e-01 -3.214294395439488139e-01
9.793000220035348313e-01 -5.362976275147009891e-02
-4.932085909110437427e-01 6.454582506904090744e-01
6.532265117846750568e-01 5.468439832955727942e-02
1.965696788357077951e+00 1.743683494677864820e-01
-9.591106567984636344e-01 9.985713399899266429e-01
-4.803319035198552744e-01 -1.116392928605829615e+00
6.415194397271939408e-01 3.748798642601934850e-01
1.229221374646925380e+00 6.698370472747415816e-01
1.975679814250527744e-01 1.618157951382640736e+00
-6.243351180449012716e-01 1.034334807483064528e-01
-8.708548351144504984e-01 2.530324401700769776e-01
-1.365053458792478525e+00 -1.151908581544927035e+00
1.127298823911211612e+00 -5.671477331981652492e-01
2.345886241797386362e-01 -1.933396587428122482e+00
1.524303417901690993e+00 9.207422164975079815e-01
-6.689722024925817134e-01 -2.006472903099420779e-01
-6.948157534698948812e-01 4.059418176923019761e-01
1.171997599296174641e+00 -3.266242164770764567e-01
9.913077452326368721e-01 -1.494472635765896174e+00
1.415100240504858942e+00 -8.996441955717826566e-02
-1.702941906816801340e-02 -9.887047340276602925e-02
1.984966139912964500e-01 -1.846374628472313928e+00
8.334426645737781358e-01 3.274237927629449763e-01
1.023439509705093231e+00 2.246987602855448074e-01
-4.383424580792744663e-01 2.672166297756191078e-01
5.906848654555199030e-01 -1.098933629685206803e+00
-5.111109475957831272e-01 2.901895324191581804e-01
1.811313261997602231e+00 1.568178474682019097e+00
-6.668589992948199818e-02 9.194907181322166390e-02
-1.041287343654798275e-01 -3.341861060646694748e-01
-1.297298837912799874e+00 2.425252445343924479e-01
-3.269287674543400191e-01 -4.883207232262596342e-01
-7.044775536096697932e-01 4.269499774571866024e-01
9.862139673662283501e-01 -9.652401878722379758e-01
-1.854638980818623661e-01 -4.826356894979484946e-01
2.411895012029623420e+00 2.158887960832898446e-03
-1.517895096491854723e+00 1.148642802599199264e+00
6.274352389891092729e-02 -1.604335894508636118e-01
5.197997696544668367e-01 3.140580577735557988e+00
4.299493453197294479e-01 -7.516699505005353110e-02
-2.012947394988176264e-01 1.409365041812971342e-01
3.043123066118144648e-01 -3.091342928048664840e-01
1.716079252052481907e+00 -9.925562980261604107e-01
-2.113220852773007585e-01 -8.828811877786042484e-01
-2.785208874967343151e-02 -7.140005508367484877e-02
2.562958588114528924e-01 9.916863696803729367e-01
-1.464718603775996053e+00 3.474009857578929661e-01
-7.768348405317825334e-01 -3.086203539924134431e-01
