-3.721274451165246799e-01 2.965208135487324537e+00
4.299578512244193185e-01 1.225037581130200781e+00
-1.569681590437149499e+00 -2.246681517378677773e-01
1.031802005916128806e+00 -1.378508880349043897e-01
-1.975573808899109940e+00 6.036106857947428628e-01
-1.895557142861761246e-01 9.929550010862480125e-01
-2.684192583154039191e-01 5.525347786612282430e-01
3.636522619717234561e-01 7.977805574639648123e-01
1.361289888192815045e+00 -7.495878747400094300e-01
4.920944683456574542e-01 -1.660898992520057627e-01
-9.856782527192625709e-01 -4.072062273509745658e-03
8.859811583985017780e-01 -1.019957314279201332e+00
-3.676149471306769945e-01 5.069538349654807430e-01
9.949400685272623557e-01 8.022659339731800232e-01
6.915379209249810089e-01 3.525121742774300904e-01
4.434224577679350410e-01 -1.743149817667778878e+00
-1.532151732365397256e+00 1.356544364507085709e-01
1.284413914260244427e+00 4.516780781115568855e-02
4.260357271210037378e-01 1.672739916596189813e+00
-2.014820087418495387e+00 -3.573132203087007741e-01
3.085474446685040339e-01 -7.062088787450782057e-01
-3.123104977691725237e-01 1.711905286347302102e+00
6.300324884239014711e-01 5.496205391420349029e-01
-1.793102138940197765e+00 -1.434626445185771884e-02
-1.370949260620285104e+00 1.671735884862833199e+00
5.719453878900981891e-01 -2.423766148253637953e-02
1.058865271769747762e+00 5.332549581276280204e-01
-2.217033095793399453e-02 3.082372863444924893e-01
-3.787647372714411653e-01 1.118259089873378520e-01
-1.339142757765653835e+00 1.536394742782833278e+00
6.282628476955063324e-01 1.350635088833308295e+00
-1.157499642584250976e+00 1.745513195473021195e+00
8.451214956937638245e-01 -1.530737508023096716e-01
-5.180332800022785511e-01 5.144981915466982914e-01
-1.736283961873694270e+00 7.758491041250693554e-01
1.312615288285333470e+00 1.867017674901011448e-01
-9.272456889864361118e-01 4.406520184777275306e-02
3.251563914294171020e-01 1.495048501921940831e+00
1.409298625327944920e+00 -1.318833960784149051e+00
2.138164159932582353e-01 -1.376451481247140451e+00
-4.776957138586186979e-01 9.228133553398698563e-01
-4.429849472457268456e-01 3.112885169040805478e-01
9.727154731282438016e-01 1.013642340998254010e+00
-1.340899386067764487e+00 -2.846858392528111570e-01
-9.831403872121931009e-01 -5.448013093292033426e-01
7.792728302466234158e-01 -4.957617888808879547e-01
-1.792974503390704910e-01 8.388242742835860799e-01
-1.057786719372014517e+00 -1.377066140270370331e+00
-1.534470796522098945e+00 -8.973389695690408008e-01
1.196295643113515217e+00 -8.226263633583184021e-01
1.465742791116621646e+00 6.293057611838706045e-01
-9.295002367780048624e-01 -6.569796426043719162e-01
-1.804045507120275449e-01 6.985010777311849717e-01
-4.001875817269993640e-01 -1.346065799495051118e+00
-6.121135417231482467e-02 -1.224886653863669350e+00
-7.910790240554586017e-01 -1.646794577251672331e-01
