5.944645048452419367e-01 -1.153465652895844018e+00
8.982815602638101193e-01 -3.529713186462558605e-01
-1.212611002528681814e+00 1.395054435516932534e+00
-1.578634676282657745e+00 1.569463573068424100e+00
4.045768381731261187e-01 -2.169440774163474028e+00
-7.619398765616341995e-01 1.719075991412272852e+00
1.270700942768142605e+00 -4.619333310287616068e-01
5.500381229320187026e-01 1.092853528531970042e+00
-5.933079522291870855e-01 -2.032147157496884682e-01
-2.020219096664953307e-02 -1.779808995405791849e+00
-2.436951348890863400e-01 -4.849956934482729798e-01
1.218619766714229113e+00 -2.266173057072072561e-01
5.185916669357891751e-01 1.770046015041738807e-01
8.607667014127691196e-01 2.906186051972305950e-01
6.963293791849635150e-01 1.381916420671722268e+00
-2.611580967329110714e-01 -7.132593829727007506e-01
2.552126495325989008e+00 4.935998277644667448e-02
-1.502783389349854060e-01 4.110105967266779459e-01
-5.190590248697822817e-01 2.319307101758927847e-01
5.313840486390711826e-01 1.369996844290634730e+00
-5.499878611517448057e-01 3.490667404615035996e-01
2.585194623410809189e-01 -1.010410253121773572e+00
-1.191580638043789664e+00 -2.608962612546104065e+00
9.291359145152543186e-02 -8.408041571841022854e-01
4.120598158882757822e-01 1.194654022922316372e+00
4.806751919263864692e-01 1.942972235971312633e+00
6.403128323743452477e-02 -6.923625752912607734e-01
5.677639376037827423e-01 1.527926358849552191e+00
-1.132953811295551033e-01 -1.046653596957541899e+00
-1.272656507677602522e-01 -5.460287150932553457e-01
-1.012003480551099566e+00 -6.872420300584870523e-01
7.349114827954904561e-01 -4.088892591050833358e-01
6.939885973655471885e-01 -5.445901066203865382e-01
-5.576601503991109876e-01 -4.492844819052151800e-02
-5.392721897252896746e-01 -1.017997555225041983e+00
7.804895502119910677e-01 -3.137029460401743464e-01
-7.939572125384489754e-01 9.506916076651016345e-01
-1.413673743473179700e-01 2.327740152717396871e+00
6.674445544271043196e-02 -8.900573815716518178e-01
1.426718557597593806e+00 3.310843088962059921e-01
-1.560395542276433289e+00 -5.736981057115648763e-01
8.224534434799349869e-01 2.001531538510972763e-01
-5.232229873773235340e-01 1.164949722335896887e+00
5.953152755635874316e-01 3.537162911788850339e-01
1.367659443258112173e+00 1.465771563658218035e-01
1.553318675073988908e+00 1.854688343371464487e+00
-8.871383583842012976e-02 -1.355026569332473951e-01
-9.550073288690493767e-01 -4.001017428722630775e-01
2.185017896156732087e-01 -2.384072253434045829e-01
-3.049146681753026611e-01 -1.641986623872597750e-01
1.760897231398984797e+00 -1.030794601757542006e+00
-1.289829241752363576e+00 2.407094332770018108e-01
-5.608354011247981274e-01 -6.100956692921492008e-01
1.138640150272901330e+00 -1.604810006285053436e+00
-1.705411517997011295e+00 7.051810759759804537e-01
5.374026875100528650e-02 6.099013407583978724e-02
