-3.452848833055106592e-01 5.083419049143535207e-02
-6.789868496368034467e-02 -5.932865862703998738e-01
-1.698907203030556534e+00 -1.054244110899924536e-01
7.301717698822184355e-01 -2.338360882771947757e+00
-1.078419909601804338e+00 -2.442851939854743526e-01
2.642185906260028361e-01 1.076895484228349298e-01
2.305570335535467585e-01 -2.650463400744931808e-02
2.410615079946548889e+00 5.490380331209684384e-01
2.068525509102192572e+00 1.104805293204599970e+00
-5.512855261881505209e-01 1.336879618465665720e+00
9.366655222847153350e-01 -4.064782854343110818e-01
2.290448883552480552e-01 -4.396913915641045140e-02
9.230230208204716069e-01 3.589312086398604995e-01
-1.952961723530741156e-01 -2.068037204488257341e+00
-5.497966294061621545e-02 1.468979777339270099e+00
6.731685218304328533e-02 -1.479584711658682439e+00
6.377869701340519448e-01 -2.509330833521743909e+00
4.018791258897033147e-01 -1.054031157232643956e+00
-6.889141885447898073e-01 -1.101271404365771867e+00
-1.368955465078716127e+00 3.700962872552976957e-01
4.498067090282445446e-01 3.548859414039570725e-01
-5.879519875440513133e-01 -3.037932276655622932e+00
1.178412205435419857e-01 -7.084441362568806300e-01
9.970133388667633545e-01 -5.682737994807268711e-01
-4.615055553905363928e-01 1.842753646397319034e-01
-6.453750850712235421e-01 1.684400039298506124e+00
-8.860915824253997597e-01 -1.702955116773633204e+00
-6.483106537840368500e-01 -4.280033675789559067e-01
-5.279902046475210692e-02 -2.251014810710816050e-01
2.197089227463098760e-01 1.152068559180446039e+00
-1.452541912737529417e+00 6.579841071822533083e-01
4.030473741679502786e-01 -7.800067958134869750e-01
7.244170020831341983e-01 -1.730071164450647514e-01
2.155064404464231698e-01 7.969390314226961758e-01
-2.680351677233369645e-01 -1.670232460228392168e-01
-5.755747327424896032e-01 5.208645583751340125e-01
2.798493340192301781e-01 -9.470423097145499458e-01
7.386892814785114281e-01 1.506980862568821244e+00
-1.270590100366534025e-01 -1.521916453924683665e+00
-3.758957492893447716e-01 5.125286776344903927e-01
-1.226787230510089755e+00 -1.550442139900682914e+00
-1.162148523484185736e+00 7.882201214632825748e-01
3.082252918404305153e-01 -1.659987360385252186e-01
4.327365239252698448e-01 -5.455949095331039667e-01
-1.939580326214552508e-01 1.254551708569480395e+00
1.304504352899482189e+00 -6.157010665663272819e-01
1.397424883821207220e-01 8.994279353335395133e-02
-1.490998479531668863e-01 -4.728679109126921465e-01
8.537399677085864003e-01 1.446265423639884196e-01
1.936806447508685469e-01 -6.681319293176677387e-01
3.791960425382882027e-01 -8.410486416735792059e-02
-7.718305244475408555e-01 3.490141307413123228e-01
6.111506998297657756e-01 -2.156869751519902012e-01
-1.496973399816928785e-01 1.703627537683100324e-01
-3.257629838188593752e-01 -6.180340100441550355e-01
-9.603359347561968296e-01 -5.621094616938456801e-01
