4.219162511418368400e-01 3.071491942543698728e-01
-3.677419713619392017e-01 -2.988181813122452901e+00
1.606959723459977951e+00 -4.801690437261311728e-01
-3.271814836146315630e-01 -1.348552506134072182e+00
-1.417337295273599640e-01 -1.373146410628867331e+00
3.898437003938914347e-01 3.839531433613301292e-01
8.522494832000151455e-01 -8.459766513697120072e-01
7.233710383495298712e-01 -1.440733018686705336e+00
-6.604056343459838718e-01 -1.607013337001435838e-01
-1.136413661761064064e+00 -3.779462605346954347e-03
9.647678756306692360e-01 -3.637048073373796431e-01
-1.029889920262559544e+00 -1.349513282887946142e+00
-1.093355355730642797e+00 5.994364150649901246e-01
1.469373119814542661e-01 -1.730406275252204251e-01
-1.169423600794236462e+00 6.146112163515299320e-01
8.226122924103513867e-01 -1.924297243024843396e-01
1.958239523647949676e-01 -5.618436938683150084e-01
-3.131872244856471338e-02 9.702909029777270766e-02
-1.592438051009343658e+00 1.479403352952070594e-01
-7.845191568997346154e-01 3.438598729758141070e-01
-2.147203719161886681e+00 3.202577926816829734e-01
-7.301167745321983649e-01 1.787161463859944788e-01
-3.375162221821789710e-02 -8.979271239028989715e-01
-2.253767863414780859e+00 -7.265512852557280965e-01
-3.578799511836822100e-01 1.319997864765270146e+00
-1.308565269966606381e+00 -1.305559610821184657e+00
1.975562101492989386e+00 8.521564329614411681e-01
5.669599450842797150e-01 8.539553320920856283e-02
1.382053065436709804e+00 -2.753311972073055891e-01
1.121832102485157634e+00 -5.026681693925436623e-01
-9.497958435677381628e-01 5.319242987337687856e-01
2.575700616244921623e-02 -7.391039389047936170e-02
2.210389734738035905e+00 1.091117663374230606e-01
-7.280833088796420660e-02 5.954455116323607022e-01
4.339861658934608957e-01 8.998824445961434160e-02
-1.175996030116500002e+00 1.934102773740341841e-01
5.903011306362146993e-01 -1.061210541503059934e+00
-1.061089874922706677e+00 8.308102596772533044e-01
2.161953887223361237e-01 1.840513396734604790e+00
-6.887596148949871599e-01 -1.074914360459846563e+00
-1.213779067056390271e-01 2.745854291845133965e-01
3.888996031123683750e-01 -3.308470470297679156e-01
2.411961933801312075e-01 4.849786876123558521e-01
2.171300183689122698e-01 5.481445425989237563e-01
3.588826246216738070e-01 1.219278627906291934e+00
-3.841677356645162855e-01 1.959238902407115235e-01
8.419937949069423722e-01 -4.728594955542683720e-02
-2.229635342567489076e+00 -1.115270342034633044e+00
1.615779719599357733e+00 -1.293455698961213152e+00
-1.778837255514706062e+00 -4.314545874567641826e-01
1.303279103017493945e+00 3.859768015590291368e-01
9.697500604670060698e-01 -1.182871002922335074e-01
-1.191494887839352756e+00 -1.686847204828682834e-01
1.841585384158752614e+00 -5.179474786607730225e-02
-1.264393027640779432e-01 -3.792903727913652934e-01
-4.487351021107232052e-01 -8.329344232564898087e-01
