5.509378292025759460e-01 -1.125183364160566635e+00
-3.236173755991974543e-01 -4.171481896941824363e-01
5.776750924358474704e-01 -3.099521405100216231e-01
-1.253238393243242932e+00 -6.906369788166544232e-01
5.042845862023642711e-01 1.495591021476885052e+00
-3.986496858644462127e-01 3.262946769114945411e+00
3.577473195689648278e-01 -2.446056368627553823e+00
-1.293644863826592051e+00 -1.251887524159746856e-01
4.323481053321283629e-01 1.128802987240850708e+00
1.977457785101323917e-01 6.117567161936510178e-01
7.920206133548733929e-01 -9.730260891249241650e-01
-1.447351410762832247e+00 -1.518072933949924097e-01
-1.871462363000308660e+00 9.992796330750847167e-01
8.163334626963434371e-01 6.752059248026304195e-01
9.895465433833384727e-01 -2.822279467011955534e-01
1.300351740299477532e+00 6.551434542971014130e-01
-1.129344902404714635e+00 -2.898264225101854774e-01
4.053486012740327715e-01 -4.436830348211351360e-01
1.080586854345936709e+00 1.652799392150596791e+00
1.933426710088886058e-01 -6.429843146697729050e-01
5.860945896101763530e-01 3.541107837224320432e-01
1.761647607741456956e-01 -3.626473434774082905e-01
-3.529470926023518113e-02 1.129033641833921076e+00
-1.646024921451059164e+00 -1.723333632611282695e+00
1.971045746398233101e-01 8.706070245644204064e-01
1.806251213658877752e+00 -8.900087403917985585e-01
1.287412604059422483e+00 1.622420350067160344e+00
-6.542410401354938898e-01 -6.078095904387123072e-04
-4.374476241607249682e-01 1.055021147517877650e-01
1.573137599839481704e-01 -8.072291654648042769e-01
1.996230924109330118e+00 5.266639533908694659e-01
3.133553235554289995e-01 -1.334183301290978507e+00
-2.687148127878664083e-01 -2.764458086150036742e-01
8.169799199268032996e-01 -6.550173725589353291e-01
-2.127590763661532769e+00 -6.083215664658747635e-01
-1.899335932797836801e-01 2.102502942558919785e-01
-1.456279477993378979e+00 6.860091726049098726e-02
1.850599069878040154e-02 -6.717591634677249068e-01
7.999702305610649766e-01 6.959127755066709664e-01
1.782024113320904435e-01 2.003941802055626997e+00
-1.006013052067322722e-01 8.348806497852097053e-01
6.653136901426137673e-02 -2.918511094021118968e+00
-3.204643671584843090e-01 6.004505729827848137e-01
1.728277653919565449e-01 -3.937092970047844087e-01
3.757876552309280527e-01 -7.437971611339354305e-02
7.949582734365981951e-01 -1.451367667772150982e-01
-1.139414962630382222e+00 1.007726708919732955e-01
-1.133355705028590288e+00 -1.103387914873068976e+00
8.588988887651676646e-03 3.311708291254902153e-02
1.489469781932896364e+00 9.815721241113691820e-01
1.845709261102511878e+00 5.575926336187639887e-01
-4.792547896134308205e-01 1.281142692874044919e-01
-3.588533274943100926e-01 3.040683045387598815e-01
1.589611414618120167e+00 1.007954380683681317e-01
4.446453152374769124e-01 1.691864943836064228e+00
-1.660859569090469501e+00 3.576419205392290523e-01
