1.884769630337801205e+00 -6.979361829955231522e-02
5.152738401093348575e-01 1.286940444110485027e+00
9.620268530264592943e-01 -1.245257178103365447e+00
1.064756807346248085e-01 -4.665111685053817403e-02
-7.502316439985741159e-01 3.384133366453516700e-01
1.108631602271226813e+00 -1.413339414136165262e+00
2.180218991967264319e-01 1.782563865513272505e-01
5.874040750420594925e-01 -7.099410877102758644e-01
6.276102800190394015e-01 -9.013430297072818620e-01
-8.140723220821560746e-01 4.690325280166748323e-01
-1.635441621295425696e+00 -1.704962631571829146e+00
-1.781730563876153528e-01 -3.268549483556555946e-01
1.157568012282379044e+00 -1.560508069322843916e+00
1.369434135539556507e+00 -3.987211897414541517e-02
-2.551731434496786188e-01 1.785930221921509409e+00
-6.764860640670498082e-01 -6.733816499071839656e-01
-1.411261504371433828e+00 -1.430696345849276074e-01
4.134593078967340185e-01 4.214021847915361829e-01
-1.585611271087329577e+00 4.639703505853737808e-01
1.395221521424833355e+00 1.963999497679504991e-01
3.971225343625199855e-01 -6.492357745916773615e-01
1.490531865776872023e+00 4.474636753630301667e-01
6.577970116380373877e-01 2.309995953455945994e+00
1.066982258848442111e+00 8.048801663616572677e-01
5.917101350683682259e-01 3.629603876000254137e-01
1.872713437976793571e+00 1.023412022996178228e-01
-1.459118307774255996e+00 1.130596552849260084e+00
6.101584517739060409e-01 1.330896972483408103e+00
-4.704912281342346070e-01 -2.216345747384726728e-01
-4.220991167749477135e-01 -1.301366090946202814e+00
1.602586698765150544e-02 8.862200396969300842e-01
-2.775829658056120142e+00 6.432515633784489095e-01
2.746331342922369578e-01 3.188441372049118372e-01
2.484872606953366370e-01 -5.047968223875907157e-01
9.199004426826948855e-01 -1.042799522702483772e+00
4.471492166064383600e-01 3.808322101635293055e-01
-2.858333620161381816e-01 -1.973866314697529489e+00
1.032109207975905552e+00 3.255257434195882316e-01
5.706582469552481385e-01 3.448953436718998899e-01
-4.356211140662564207e-01 1.026092051963213070e+00
-1.274040274327367328e+00 -1.386738557802752236e+00
5.037237924959017121e-01 1.988487472897814579e+00
1.651539940063192269e+00 1.226567708286310232e+00
-4.975680439706215985e-01 -1.598737758735125469e+00
-2.174689989668493695e+00 2.721694148887306985e-01
-3.537566256127486763e-01 1.467791419228538397e+00
-1.606434000405807749e+00 9.129405098484135728e-01
-2.570209614893882374e-02 -2.611103773343785295e-01
-2.320170220958113649e+00 4.788144964491839461e-01
-2.760352257719783098e-01 1.302436362896855160e+00
-2.061616274622686540e-01 -7.837901536511385769e-01
3.420984873725418374e-01 6.881782580046792441e-01
7.466626932893559720e-01 -1.555411898919779878e-01
5.879688060617695999e-01 -1.457591346097381613e-01
1.444715135623175772e+00 6.593232994591222695e-01
-1.808538640255532570e+00 2.415550292268249688e+00
