-3.034518879001167346e-01 3.859175896868577982e-01
9.188681893270723711e-01 3.882708988607305040e-02
1.521095684883420340e-01 -7.137262889020287715e-02
7.545613368124998166e-01 1.031138177711661941e+00
5.861955968738142841e-01 -1.693686938292753297e-01
-1.365769503043504196e+00 2.112575336617110722e+00
-4.010437107276297874e-01 -1.482779869602159684e+00
9.186072658126497037e-02 -1.940215093126876456e+00
3.710372683899544333e-01 -3.812922089450306862e-01
-7.814967515675895759e-01 2.132088542398673070e+00
1.336248457690680347e+00 -1.165797595297948686e+00
-1.599110758544081481e-02 3.201171673170526977e-01
1.402431672957572761e+00 -1.033850643589602769e-01
-1.232947150137144732e+00 -7.331716759126041261e-01
-1.394045693965505484e-01 7.851815708310937447e-01
-1.183805137627730097e+00 -7.957278680867521103e-01
-2.077975943484808852e+00 1.011419101063830706e+00
-3.006154347778455249e-01 1.111573343452113782e+00
6.680013478947445238e-01 -1.117136025619454687e+00
1.485475657331690735e+00 1.713833816284240086e-01
-1.829736388406278946e+00 6.398019705442966609e-01
-1.153112220620262862e+00 -5.161446515419988446e-01
-3.850209493379711523e-01 1.660070850130636044e-01
4.904689216688475906e-01 -5.075942240186780419e-01
1.224601167218653197e+00 -2.039108195675968016e+00
4.277324107847023660e-01 -4.334794769591878705e-01
9.346207936291848206e-01 -9.856702055633190795e-01
1.114299370653523580e+00 -5.066549098761928827e-01
2.594667007875692266e-01 -3.823116076229248761e-01
-1.777058344790316546e-01 6.599415632362490847e-01
-2.877138784971348673e-01 2.491623318809384813e+00
1.307793054118286391e-01 -8.944867500769400070e-01
7.400605084655657029e-01 -4.729995612560983220e-01
-5.412733078777439734e-03 2.407012398744466708e+00
1.342371030615382432e+00 1.801068516791998864e+00
-1.692196192795281384e-01 -4.617661110067031172e-01
-3.527949428384422742e-02 8.690562102760570617e-01
2.213596156817330129e-01 -4.754133711700430642e-01
7.829786689328284144e-01 -4.043708251084821570e-01
1.277992519050592968e+00 -1.579027443197602798e+00
6.739575526787365822e-01 -4.859602180401685345e-01
-4.720289544163789458e-02 6.209667712688310415e-01
5.939403370128695236e-01 4.531740645352209107e-01
-1.242738816369879151e+00 -4.199681563917304628e-01
-4.207217639896216888e-01 -1.445141391536414188e+00
1.455110522205042223e+00 -5.192751219613144231e-01
-1.969394087219275835e-01 -4.248073581034185198e-01
8.407574042479578624e-01 -1.340998367097073096e+00
-1.513287919723580011e+00 2.308986751957385231e+00
-5.864133914164679773e-01 6.204152915685210434e-01
8.135639096083245869e-01 -1.700462276806322948e-01
2.616740203184001468e-01 6.521910080182838909e-01
1.941798842840749828e-01 1.037304808117682497e-01
-2.401134300229186724e+00 -4.364306382738253332e-01
1.252832991409573049e+00 -5.786072435152078697e-01
-2.082002915446629632e-01 3.114778866328157814e-01
