1.208529626009941238e-01 1.841675011162408060e+00
-1.509570778107891809e-01 2.587338964885267600e+00
6.720671571310832260e-01 1.420450238718895308e+00
2.185005772003653923e-01 7.032168826487009139e-02
3.839317169125434082e-01 4.034307794061923746e-01
-1.528742132518551955e+00 5.935325979236193150e-02
7.469385941164932152e-01 -7.046118563884955222e-02
1.170467479885312079e+00 -1.555744143399696799e+00
-9.681558481033127883e-01 -6.813144970701480174e-01
-1.029068831861073674e+00 -1.472317851856375537e+00
-1.236535656644715875e+00 5.790370202356778240e-01
-1.259573059157874653e+00 1.503638807128570676e+00
-1.210789769337422994e+00 -7.633800279016039747e-01
1.854426872250112754e-02 -7.390887638999631415e-01
-9.429981586199183141e-01 -7.218033301128802259e-01
1.145249041680833635e+00 7.922128268415099539e-01
5.689062306267531456e-04 -1.439412236001859524e+00
2.507109153460021500e-01 -1.104389028394048511e+00
-1.737738552780920265e-01 4.507834938546623725e-03
3.550895718597272266e-01 6.212317546863330847e-03
-6.769588409282648600e-01 7.877839828592001492e-01
9.810665736419269534e-01 -1.833777447453029397e-01
-3.145552218049362247e-01 4.877824113977118348e-01
1.292480441001855995e+00 -1.086276038124961651e+00
-5.397747259123197860e-01 -2.489054053070938466e-01
-5.049769930262082429e-01 -8.307153612979918389e-01
2.837098319860802409e-01 -8.724197924632415280e-01
-9.625028906857575617e-01 -8.202001693369255220e-01
-1.092442088020998403e+00 4.162585590313037098e-01
1.255662496069478218e+00 -1.359389062330723652e+00
-5.020174301578768095e-01 4.972835942004232290e-01
9.976091785067157935e-02 8.566091108569029444e-01
-4.929972378920010612e-01 7.777850843092996014e-01
-2.168424393159199770e+00 1.528381484379077504e+00
6.355715736033732410e-01 2.975120998636375247e-01
-3.777319167445762904e-01 -2.361485151144898931e-01
-1.062807805791716742e+00 -3.221471849652188246e-02
2.316263281665050133e+00 -4.723338254596942676e-01
1.327277007968886036e+00 -9.842263674952982377e-01
-5.179515526201007303e-01 7.587769416250698118e-01
5.352839870044386883e-01 8.643308402719975803e-01
-1.484012135299263901e+00 -3.259068449216280250e-01
-6.758249992693577957e-01 3.058892339406417693e-01
1.880863080189345005e-01 -7.461449667826206555e-01
-1.515697466944819993e+00 1.891918637472064235e+00
1.463860408545782255e+00 5.752036311174870686e-01
-5.772504986680832006e-01 1.595049773528576909e+00
-6.156612108192794919e-01 9.239664352732620545e-01
-1.110904112488592804e-01 4.038040469640962749e-01
3.837704017634749665e+00 1.275157606627480567e+00
-8.210205158049016516e-02 -2.017941982974924553e+00
-1.078544262735859627e-01 -3.973757820870378321e-01
3.772972139302522288e-01 2.005105097777833745e+00
-2.959414314688728065e-01 1.038826223555117556e+00
1.293624976945904725e+00 -6.254011627010752639e-02
-1.239120746469448253e+00 3.827636346364647335e-01
