-1.112423745302544731e+00 -1.407970977510934196e-01
1.444630419438984736e+00 8.064339339961178466e-01
-9.207892938779251857e-01 -8.774121167589231662e-01
7.622033562419038288e-01 1.465173095438610629e+00
-5.605565294380755459e-01 -1.569497641600036131e+00
2.196264676962844220e+00 -1.729998117622774112e+00
-1.362860073662313765e+00 -6.049858422522507162e-01
-1.480267227556275045e-01 2.057608110410288127e+00
8.925040168895961301e-01 1.183178277279878454e+00
-2.657090053960688425e-01 -3.081701560003879403e-01
-1.628157792403914575e-02 5.498880328062542011e-01
-2.040544706758137927e+00 1.689575135458174504e-01
-7.491194492298730578e-02 -1.929970222816979053e-02
3.411551055233612573e-01 -9.012914890042718341e-02
-1.957155357186238565e+00 -1.304736624982978377e+00
-1.968110175349719215e+00 -7.396768226545293867e-01
6.248241724954776144e-01 -1.537068804009365408e+00
-1.143744401741191297e-01 1.229687567656588404e-01
-1.845731156160768327e+00 -1.515544873186068786e+00
7.089931199093787439e-01 -1.859457873213362644e-01
1.457454162357178264e-02 -6.102508155874362128e-01
3.983603538625228313e-01 5.549709640865250204e-01
1.109087899322072079e+00 -1.435946123796607299e-01
4.200686091593802685e-01 -1.086848033966705401e-01
1.814749236846515679e-01 6.718126200644939372e-01
7.573261822024042467e-02 6.564220191930414394e-01
1.169011578714065136e+00 -1.880507283514726957e+00
2.330743275456694241e-01 -1.585040181850568386e+00
8.342122444038176099e-02 6.113704893276915991e-02
-1.426243910486298394e-01 1.620867156715720458e+00
-1.685810777295324581e+00 -5.288168136216622184e-01
5.013441768587866276e-01 2.612869558067684728e-01
-2.516586875866764772e-01 -4.791289352083994424e-01
6.927338406091537726e-01 -1.690268881223504716e+00
4.310436013396765076e-01 -1.026616855335090173e-01
1.746083270233667606e-01 -1.218016817470850777e+00
1.117810859175609295e+00 -3.387348964979055022e-01
-4.754016072264904413e-01 4.234225172007727855e-01
-5.240145519170952282e-01 -5.834931025036340646e-01
-9.575183882627822385e-01 6.764835929820525173e-01
-1.147629094807628009e-01 9.087156119671963017e-01
6.788248745181783839e-02 -4.870360027315019935e-01
5.887332651613547130e-01 5.190165133641435613e-01
-2.239893579138533930e+00 -1.278248524858377699e+00
-1.193706829792517299e+00 7.071924892113132244e-02
3.539857985487464276e-02 -1.242408505810462249e-01
7.425952094119970814e-01 3.149615993356142951e-01
-2.983822901816978734e-01 -1.005063407193789837e+00
5.018244136930678084e-02 6.335693559020809662e-01
-9.608633657857420518e-01 -6.619653452695967166e-01
-1.605525647710206449e-01 -2.506990620785894741e+00
-2.726521548836086661e-01 9.482710682781327893e-01
2.332046484332791214e-01 2.635105558507223611e-01
-3.321767825593840290e-02 -7.302108732819853065e-01
1.598352324595417873e+00 -2.273737875375440518e-02
-3.353641206552831489e-01 -1.828616955993825233e+00
