6.113659174697211318e-01 1.296906830914770214e-01
2.026815115310866278e-01 3.990147634723273384e-02
-9.416944482432669794e-01 1.621387517310522108e+00
-3.251877234109161741e-01 -1.007224156456735686e+00
-1.087080253204513403e+00 9.101536337237147167e-01
-1.520005205086505107e-01 -5.741569407147841669e-02
-1.933849026246342140e+00 9.670507557929941544e-02
-8.037183796844095396e-02 2.330744166686531671e-01
1.679599285630989147e+00 3.715198854590002348e-02
3.657704148184372506e-01 -1.435009499257543064e+00
-4.654580265781025350e-01 1.610969478318245551e+00
1.884924371855976943e+00 7.534985934390313611e-01
2.665953354135949457e-02 4.071602936021745944e-01
6.267569256990376259e-01 -1.171216982899300207e+00
5.508563338831733436e-01 -1.652512633239507783e-02
-5.383630871147866426e-01 1.213770584076691028e+00
-1.765770704839918714e+00 -9.150369760248674433e-01
6.300827368407558859e-01 -1.468906521564941892e-01
-4.877818221214608729e-01 -4.498155775562052705e-01
-1.596463319702946526e-01 -1.273452292282282461e-01
-1.231859303359085445e+00 9.991487914930635705e-01
-1.224057009069442481e+00 9.619615977484845537e-01
2.021020816804167675e-01 -4.103493222351138892e-01
-6.334514711490588645e-01 -5.993301327082453112e-01
-6.451898099904381789e-01 2.823075354282910676e-01
-9.060591341720624081e-01 1.028200408861739579e+00
1.042903625616991459e+00 1.054672907801237791e+00
7.202251636207640528e-01 -3.479119714005178277e-01
4.104234824752179822e-01 -9.155607302073636156e-01
-1.850679869356112839e+00 4.017972628325570672e-01
-1.556612222597158368e+00 8.691407274873385047e-01
-3.862279287885354018e-01 4.213136081863029236e-01
1.686401048192312180e+00 6.360757638653661283e-01
-2.282018168008390635e+00 2.433304254505132658e+00
-1.168572358772896301e-02 -1.218435669810316035e+00
-6.262713317133240531e-01 -9.538642281615636875e-01
3.508032999035389787e-01 -2.058610600872887719e+00
2.000494391472271150e-02 -8.193056355284094039e-01
-1.408276268436042589e+00 -1.613531110204757368e+00
-1.828894880974230377e-02 1.080744807703173160e+00
-2.167658633571531102e+00 4.886464246581884163e-02
-1.184446723069768170e+00 1.354104770059451346e-01
-8.513872648966838153e-01 1.096232235923923826e+00
6.551262820329202263e-01 -1.430280071051931445e+00
1.164922563294967794e+00 -2.387165393510427280e-01
4.568469468198118610e-01 2.734235724442154458e-01
-5.931847405993109223e-01 -1.045911840004302984e-01
7.774507461092834415e-01 -2.352320616771551853e-01
-5.089245678431374431e-01 -1.621029887387651192e+00
2.907250130910051314e-02 -2.109065843058399281e+00
8.609589874707166413e-01 2.635811131735620871e-01
-5.415590375058285805e-02 -1.666566006349702311e+00
-4.664870177617925356e-02 -3.136212743640799383e-01
-5.379806754468234864e-01 -3.154236447031554258e-01
1.878614252057163037e-01 -7.081817423359607622e-01
-1.193198027270569117e+00 -1.663259131003186897e-01
