-8.321021959046890348e-01 -9.447459292739009973e-01
7.153695763281328057e-01 1.569314166748085215e+00
-1.772092229102600225e+00 -1.210204419798324382e+00
-4.224067821374677401e-01 -2.273172680046578353e+00
8.874936803001943764e-01 -2.165798037265542209e-01
1.787706915608727465e-01 -9.061289490720034756e-01
6.639444086008009505e-01 3.020920548382311499e-01
2.121437901164788253e-01 -7.794004188904938291e-01
5.514857454775540235e-01 4.606985159330672097e-01
1.932976796894576799e+00 1.466256425184154777e+00
-2.214814439899770893e+00 2.261466568835745483e-01
1.601878418205379129e-01 -1.525946955208255851e+00
-1.715299497053896643e-02 -8.741677929255280421e-01
-5.400073348630658465e-01 3.852797424735949772e-01
-2.998213589335230744e-01 1.081908833800332870e+00
9.479014934015226324e-01 2.686487319295811194e+00
9.280223940893996826e-01 -4.170457229041267255e-01
-2.256017261399571705e+00 1.655241875159138898e+00
1.036897928968788518e+00 -1.016573122485311398e+00
-1.014302622252152730e+00 3.642211846026041644e-01
-4.795299014571838825e-01 -5.800013160669806878e-01
-7.286616029269873396e-01 -1.030180221643101524e+00
1.150595735168472356e+00 2.917570610701511580e+00
-1.595590256185906330e+00 -1.148115007389183262e+00
1.829060503062239995e+00 8.490855095428937460e-01
2.417209981406858166e-01 -2.074901598517499224e+00
-1.128282472670989467e+00 8.995711264938890950e-02
-2.692969246063023903e-01 -4.153660737382847690e-01
-1.299014870120318577e+00 1.088376411191443183e-01
1.092424126071846802e+00 1.210940252210906065e+00
2.052425122066684482e-01 -3.259485714390064071e-01
-7.300087796452429945e-02 -2.554981087438425114e+00
-9.851240481669226723e-02 1.506925365673310591e+00
-7.570875605236132566e-01 9.046578348454881180e-01
-9.100023744782098634e-01 2.784548478602536514e-01
9.715543951094733899e-01 -2.261360309626968268e-01
-1.973536738784376743e+00 9.762138798948807317e-01
1.902519854988454551e+00 8.413390513365384127e-01
-5.286609298568516468e-01 -1.791574394349983779e+00
7.949239177599430883e-01 2.586345915094709902e-01
-1.773736489050611598e-01 6.076640191565757521e-03
-2.229716445410226733e+00 1.529590727783151305e+00
-2.039134291717066561e-01 1.247162629088343910e-01
-1.502951764641763166e+00 3.700273148182868233e-01
2.465840717161023321e-01 -1.903732020159056848e-01
1.016265881550398736e-01 -3.734315600275007196e-01
7.485901227925725321e-01 -1.239454277771838975e-01
-1.679510067199600831e+00 1.063566298301752006e-01
1.123242820846504619e+00 1.190885569165846425e+00
5.871157990261526710e-02 3.382485280150727136e-01
-2.980210276904431854e+00 7.800245893491084548e-01
-4.935811140280309262e-02 9.361122571004980575e-01
-4.374247550012347330e-01 -5.992596813494676100e-01
1.133777937222683274e+00 -5.224329389906982035e-01
-1.078566310563293440e+00 1.322600647425446196e-01
-1.156178005003794418e+00 1.312276541321711010e+00
