3.024230326967193849e-01 -1.036273010916856085e+00
4.524160364720293259e-01 1.697742206965610068e+00
-1.107043691665994478e+00 1.473754649026285835e+00
1.754259057820281908e+00 6.676725315089604429e-01
-9.390859423508171600e-02 9.607984888954989033e-01
1.846119875466582516e-01 1.473755847636907257e+00
7.868409635635030819e-01 1.267283552262417734e+00
-4.906596944471517396e-01 9.581118557908441247e-03
-6.533858423067047116e-01 -2.125847725086841944e+00
3.648615273235014667e-01 -3.441995586840425614e-01
5.518771020012726014e-01 -1.023930232120764616e+00
-1.349260447652346651e+00 -4.157289887599741607e-01
-1.148706628191164425e+00 -3.599063037965545275e-01
2.571648510745948579e-01 -5.763271254781900943e-01
-4.186689237948433839e-01 -1.529116826076166280e+00
3.900979344366330426e-01 -1.240558301835824384e+00
-1.713520957104656794e+00 1.921457426613609187e-01
5.217340020731067174e-01 5.392765737833918882e-01
-2.721566967822928729e-01 2.710321285251471313e-01
-2.072846845902551749e-01 -4.832364514935018618e-01
-1.446381830698313165e+00 1.219737242704444086e-01
-1.324336538057351853e-01 -1.409896631701285985e+00
1.208780794851589541e-01 -8.017160110879123502e-01
-1.844533878089951617e+00 -1.779299037773711456e+00
1.372691076173068403e+00 -5.686618015596935916e-01
6.864545910510860827e-01 -1.616365072677857118e+00
2.308611300692298973e-01 -1.160730832042240035e+00
-1.053250603587053691e+00 -9.655701593329031607e-02
1.265400916815693888e+00 8.112144651701278519e-01
-1.735681287297683673e+00 -1.067012950941701677e+00
7.038060998743589196e-03 -1.050587222582124891e+00
-1.536489985859027518e-01 -2.422669945865032481e-01
-7.044763743028850146e-03 3.412058984675164774e-01
-3.721580303658746924e-01 -3.661026119315092808e-01
7.414185913161209784e-01 1.439709128306446040e+00
-1.673439401363348289e-01 4.598391414930357857e-01
7.320646656755682713e-01 -1.317293171009832342e+00
7.780509831735482607e-02 3.657478274151748643e-01
-1.379740211111394055e-01 9.045952260264393530e-02
1.772836320302831892e+00 -1.139432108324854864e+00
7.809815842935462493e-01 5.934573721254213785e-01
4.196341895718088133e-01 -1.846255412010722630e+00
-5.580848715228454715e-01 -2.681746011293729026e+00
-1.139220222113766223e-01 6.219626179123156628e-01
-3.528106953099916510e-01 2.064417788645326546e+00
4.383446226463996731e-01 1.221114815368634421e+00
-1.327963914216568009e+00 2.529909349201919788e-01
3.225674887283547787e-01 5.380969710884726531e-01
-2.677407369907412737e-02 -2.674977857879239362e-01
7.315595389692650108e-02 -1.087315352255308759e-01
1.105801108103399988e-01 5.293498400337481868e-01
9.528304652426963228e-01 -9.950251529145877523e-04
1.586131379044570522e-01 4.285681790705407335e-01
-7.850856199470720442e-01 3.228716668572169657e-01
1.438865223009448691e-01 -1.684999367145371796e+00
-6.642074848132403231e-01 9.658308997966381648e-01
