3.928623582346256193e-01 1.592845241541748225e+00
-3.490118504253378884e-01 1.101178196709719614e+00
5.253152583819816757e-01 9.402960731912601844e-02
3.164441807449197563e-01 1.071323129576271960e+00
8.326532795947425569e-01 1.090200728719932677e+00
-9.904719946130280395e-01 -8.733433463232260774e-01
-8.030017114994559835e-01 -2.273380793936519595e+00
-1.894508896416714050e+00 -2.126536877303124573e+00
-8.760485858293819428e-01 7.412467969562475112e-01
4.888678176699756683e-01 9.725098317816048832e-01
-1.795841803205852960e+00 3.615030984482545673e-01
-7.423514449054624542e-01 1.172803752073846129e+00
1.714584231884801913e+00 9.676992232546699491e-02
-3.405114230563614175e+00 -9.315988680486469997e-02
3.858759185513708778e-01 -1.067428820260089450e+00
1.642902192331787914e+00 -6.419572967769883176e-01
-4.356903358285389993e-01 -1.274510045011813253e-01
4.627348481928841295e-01 -2.554645836038194062e+00
-2.305846986930876197e-01 -5.554482059898873114e-01
-4.955092233545315139e-01 -8.285884740270901827e-02
-1.553762316449621261e+00 6.224615140420974857e-02
-1.494466064363535018e+00 1.611863468515673192e+00
-1.303588145428234008e-02 3.944934772065448181e-01
9.973420274578289613e-01 -1.469578923171367402e+00
-1.487181594107712002e+00 1.669987923893115678e+00
-6.319423740923444388e-01 -2.590375948304839415e+00
8.568365421129758852e-01 6.601873822680203174e-01
-6.521096561856355445e-01 -1.270003935999275135e-01
-1.264605277531519745e+00 -6.479328538617938893e-01
4.058282107308047726e-01 1.022752594881340737e+00
1.997082535237675316e+00 1.641966329977907924e+00
-9.578114830133133140e-02 -1.103097280254255796e+00
-1.653121930972525133e+00 -1.738872930311177734e-02
-1.390395423782416096e+00 6.619331727930667375e-01
-1.537255553299817779e+00 -5.682883654803413398e-01
-4.006226822784342279e-01 -1.442634796295818145e+00
-7.405231196976868047e-01 -1.800088074463393750e-01
-8.949421895643078217e-01 1.010355640435947278e+00
-2.149210490679071661e+00 -5.938741111273317108e-02
-1.836920876342514053e-01 1.922823063300100888e+00
6.852902257203477565e-02 3.548679281098205962e-01
-2.998283578135687022e-01 1.852112023471395696e+00
4.018399808483121283e-01 1.192164333696821510e+00
-5.995210918993952864e-01 2.510278400150279254e-01
-6.854820305845898964e-01 -3.623428823911385988e-01
-6.794933378176958305e-01 -2.236387460310463315e-01
9.668261625693608252e-01 9.428213264882333577e-01
1.108892566843123095e+00 1.302096718277135246e+00
6.198631424797470535e-01 1.990412009514162528e-01
-7.248155004463893158e-01 1.213324852032404921e+00
1.986900406204294978e-01 5.614044223220272523e-01
-5.726567274438931765e-01 -9.424884630508458816e-01
1.305934175339140690e+00 -1.723388182589655537e+00
-6.699820133779530451e-01 -8.699049925914243975e-01
1.057423070552128808e+00 6.177998453767734599e-01
-1.424667836901837292e-01 -3.841772164064907735e-01
