1.225675339666185137e-01 3.108556285423169641e-01
-5.835428256603196751e-01 1.075863839318965010e+00
6.693379146841601512e-01 2.734762506898202328e-01
-3.204989757047424503e-01 -1.354311736159346635e+00
5.600208283740278903e-01 5.079465618728047360e-01
-1.598404295580749812e+00 -1.246037338932121541e+00
2.640781827911317103e-01 -5.898794986550671693e-01
7.040402196567954185e-01 -3.028968042503398794e-01
1.736100588852240501e+00 -1.311328422242975966e+00
4.972172305930843139e-01 4.693608178384017782e-01
-5.426358167057675486e-01 2.459013365715018384e+00
-1.034800709805233421e+00 4.920481691229154353e-01
-1.172490576732357015e+00 5.654423087739942622e-01
-1.340074559445089353e+00 7.942127318346817733e-01
1.928956352268116126e+00 -1.104204238609757027e+00
-3.803200480863531130e-01 -5.712983375094777827e-01
1.041046083321103044e+00 -2.333338402932473576e-01
1.425514774020731457e+00 -9.008380235445363482e-01
-5.741536787889358617e-01 -2.154878030166960390e-01
3.766395423131975173e-01 8.890248308644616015e-01
6.086837437043822741e-01 5.167377971715964025e-01
9.890404488914251724e-01 -2.606634084915422811e+00
-7.843457839936732734e-01 -5.252551902997807387e-01
7.931747656298488991e-01 -8.073704282876273952e-01
-7.404886926689431270e-01 -1.333634192563911136e-01
1.293796629161136913e+00 -1.056469185768355246e+00
9.871362654697302119e-01 -2.929676235485053071e-01
-1.089732237529258130e-01 -3.880437011416121296e-01
6.343147748485641335e-01 1.739587511487072247e+00
-1.896270287228911000e+00 -2.114981086874575311e+00
-6.742108439792076080e-01 9.868930522735688271e-01
-1.650532378205396444e+00 -6.186644660729635065e-02
-5.696551880466780293e-01 2.438096436742870909e-01
1.913505378148412817e+00 2.769722794650514852e-01
1.086320421036545136e+00 2.832243603405241172e-01
-4.727019198238986419e-01 8.570625256578814355e-01
3.893837129068700165e-01 3.445829403797097124e-01
6.272422137450593960e-01 4.402551111893672764e-01
7.172544826513583827e-01 -6.305179169851092835e-01
-1.990622045842490445e-02 -1.025527105988197407e+00
-3.544313419735105608e-01 -1.538264610287201739e+00
-9.413982764854552654e-01 1.807994924964021921e+00
3.102764050562835663e-01 2.166204562207896533e-01
4.321972982872390179e-01 9.857748015563589927e-01
-7.325542378463404392e-01 -6.705852377626745353e-01
1.147520064924998501e-01 2.832043767332635964e-01
1.875753089146818597e+00 7.227965537337786017e-01
-4.456338457903252226e-01 -1.002087088738927712e+00
-1.622464232782606652e+00 -3.221893548924492645e-01
7.584537100190262837e-01 4.394555977591266815e-01
-3.097012254660885117e-02 2.782374866630523136e-01
-4.860510001341877828e-01 3.314803571551814265e-01
-6.102627096837396348e-01 -9.655536743025423529e-01
-6.550848313618671259e-01 -8.157329507864141682e-01
-6.584843432217765136e-01 -9.937369124761814554e-01
-6.236833087059521219e-01 3.043329923966819894e-01
