6.519026357034873875e-01 -1.327594447559031332e+00
6.273843329545784053e-01 4.011688937115739373e-01
5.453666885265169295e-01 -2.177034336293905525e+00
-7.931192057108592541e-01 8.755527575333876822e-01
1.585597468659237563e+00 4.310032961519194017e-01
2.223029009385332877e+00 2.675818417003580363e-01
-4.460544837162748466e-02 -6.345934885041711881e-01
9.008419466513659657e-01 1.543741984120418353e-01
5.102227215945624728e-02 -1.008454381983613812e+00
1.510144845201595087e+00 1.440262040816969957e+00
1.482731400656606802e+00 1.379539096428890277e+00
1.618900491239935846e+00 -3.708614961014910505e-01
-8.228791658457509373e-01 8.517886828456814330e-01
3.239928865462464724e-01 -1.076555478497726259e+00
-1.323507128650135645e+00 1.985117278612788638e+00
2.085053673484071057e-01 3.149820193125033585e-01
1.059174362593354290e+00 -5.763932081155501708e-01
8.853501923701799781e-01 -2.990960935933896003e+00
-2.874840046772680902e-01 -1.650902971761038840e+00
-3.963985471358867918e-01 9.948122364551991170e-01
-2.504696304205247803e-01 2.167216109800880475e-01
4.554120434673267215e-01 -2.016743813292354304e+00
3.645323179554535442e-01 8.864977573905200581e-01
2.736274877000105521e-01 -6.687388629885486491e-02
1.229862324291674858e+00 2.974472875848717113e-01
1.328495737323260206e+00 -1.062011698843710716e+00
5.288292982020939004e-01 -2.112023221251358163e-01
9.346548215185461472e-02 1.366896263677877199e+00
1.649853229861711346e-01 -3.638967966606216353e-01
-1.734207352601874863e+00 -5.923947904993487334e-01
6.862627549073101463e-01 -3.746374835170364070e-01
-1.210353780329855633e+00 7.447664534798111857e-01
2.403490762130839828e-02 8.355868002016523244e-01
-9.862461562964766060e-01 -1.725435883743507537e+00
-1.266650668260411450e-01 5.174802053960970705e-01
1.346227432008298752e+00 1.175513210258384955e+00
6.323921536510961339e-01 -1.040210561368805742e+00
-1.707433441035794308e+00 -8.238545910053687304e-01
-9.320763807345773255e-01 8.309920918940789658e-01
7.113718706412325288e-01 -1.650790462019813970e-02
-3.214039788501971140e-01 2.474930652483209592e-01
-6.565137016425125482e-01 1.189599952679442740e+00
5.036507081102754579e-01 -1.217257005026771560e-01
4.982530830794875132e-01 3.185315972302548149e-01
7.352067559926397378e-01 2.892535295038070609e-01
4.887234867161126539e-01 -4.253689753518647976e-01
1.307132127047861414e-01 -6.151979014422654934e-01
1.906760997931580714e+00 1.412078188865145412e-01
-8.187983967355241255e-01 -7.464759329844552482e-01
1.465533380875933656e+00 -2.288886237491370323e+00
-4.120077968080112507e-01 3.142721844186582847e-01
-1.571730477378063123e-02 -3.131740753816689149e-01
-7.352780587043376004e-01 4.338379172136718198e-01
1.694892600564318563e+00 1.021817931597792217e+00
1.411796349117740323e+00 -5.030904553819636194e-01
-6.216429936657617006e-01 -9.713301066201628364e-01
