-1.124214834341184854e+00 5.628826246186886123e-02
-8.241060875545670461e-01 -1.539839058530394267e+00
2.989801618598000865e-01 5.592293698421275661e-01
9.989032933406509773e-01 -6.033415367249735928e-01
-1.126054662868702927e+00 -2.301876576915764250e-01
7.251278945985029090e-01 1.224711109750098448e+00
1.037172517642742514e-01 2.639559389309305004e+00
6.877271874317024691e-01 1.104138145266874427e-01
3.473001184518301199e-01 1.009954957247595653e+00
1.821040209846719105e+00 1.159235898307022339e+00
2.457663471689541523e-01 1.114419288077382220e+00
-5.443529035304157937e-02 2.344428239638248090e+00
1.110388187069222488e+00 -1.293805866214720490e+00
-1.288025219471039096e+00 -1.517971910966703808e+00
-9.773691973519997578e-02 -8.290667901858629341e-01
-1.340682376662256647e-01 -1.426026436877252834e+00
1.013354059106065658e-01 1.809908139947042471e+00
-1.878746449700314791e-01 4.422705148869435776e-01
-3.958405790250493772e-01 3.762648177776783953e-01
1.026971935159359361e+00 -3.618888045101247841e-01
-4.030843263854442249e-01 -3.429704855685085652e-01
1.264984160707211869e+00 4.436569849924431597e-01
7.156118346642645900e-01 -7.193368292288807031e-02
-1.109943457734911432e+00 -3.065104197104099870e-01
-8.060161221637076601e-01 -4.260200306372459167e-01
8.273918318246994419e-01 7.222140589185707116e-01
4.449008470717339958e-01 1.104270733426829798e+00
1.476764856195561804e-01 1.149066221112318820e+00
1.245784098321988553e+00 -6.127141861070738438e-01
8.791595131505396399e-01 -1.172721674129256486e-01
-3.329603560524408978e-01 -1.255388180426628475e+00
-1.304490560986760084e+00 8.709296384959507309e-01
-7.641204260094137668e-01 -7.103960110258522587e-01
-2.344443959445200731e-01 6.636140249437806338e-01
-5.567630106174127347e-01 -1.411990205526381992e+00
-9.148549713091597146e-01 -1.743414815248125027e+00
4.642910018095004476e-01 -2.452485714196150468e+00
-6.155119351610107703e-01 -9.033335058761182701e-02
-4.937362344576013418e-01 -2.733157606027048492e-01
-1.179625796904109347e-01 -6.294361386586909690e-01
1.783509163088812022e+00 5.398364313588479568e-01
5.533944823095506838e-01 1.386303473913744977e+00
-6.696739099472662216e-02 4.515016286668115941e-01
-3.684182582579310639e-01 -1.001269537398080889e+00
-4.292845170669831179e-01 1.190662217572143078e+00
7.920503475165607821e-01 -6.310166579583790236e-01
4.631478963786478942e-01 -8.968909185065319090e-01
-9.342895990822054353e-01 -1.789807491004107298e-01
5.736410415236573579e-01 -2.749935049999722825e+00
3.795675421608457611e-01 3.402495766779972119e-01
7.655520980304754142e-01 -4.664342342912939920e-01
5.564552398793131127e-01 -7.290801764605160384e-01
1.241909700207127987e+00 -6.493957523592271963e-01
-3.293501466265563726e-01 4.385995658222063276e-01
-1.313053218755036555e+00 -6.717106511353648779e-01
-7.009649284549537285e-01 8.515738352842106007e-01
