-2.168440764639290308e-01 9.805979525565958754e-01
-3.884720972882546586e-02 3.598146426960123212e-01
4.103164309393119713e-01 5.562793272092404484e-01
-1.167953679149923651e+00 -2.489027824733149596e-01
-1.639344382804256151e-01 8.044501665498320075e-02
1.469366753139942933e-03 -1.191031541856473641e+00
7.089815741228688850e-01 1.300798390293960383e+00
5.399208290118103631e-02 1.456680401736972774e+00
-3.149384498424004253e+00 -1.671497800256053656e+00
-6.457586971904492046e-01 -8.006660500240072587e-01
1.815369826231156614e+00 -5.970061931677493883e-01
-1.139853948978804876e+00 -9.923703879459682131e-01
6.523782239002734462e-02 3.441168926139106521e-01
-1.606232335710079839e+00 1.058883772397560596e+00
3.681246288101112096e-01 1.836898841474738697e+00
2.922119726877480533e-02 -3.655413518035216525e-01
3.779995744204060482e-01 1.953763572541959315e+00
4.243039930896218559e-01 8.051981413708660940e-01
1.621587685431557402e+00 -7.556711856537445815e-02
-4.689839807760547430e-01 -6.574013069631708117e-02
1.289567024857191324e+00 1.457273919686334906e+00
4.362953383565120746e-01 2.433801301455636446e-01
2.368820771467485820e-01 -7.832384947280172094e-01
-8.165099315711431549e-01 3.168494063651436377e-01
-2.226243636826752414e-01 -9.650117837494932571e-01
-9.932321019425570663e-01 1.219653533890878938e+00
4.721027339707591364e-01 -3.167089494197108945e-01
3.968099995186606388e-01 -3.809413702336506002e-01
-7.861337805728830785e-01 -1.602831849545170773e+00
1.642336577294976729e+00 -1.075232751389267216e+00
1.063572714065250224e+00 -1.236751706421369112e+00
1.327182477517917514e+00 -1.211281280740237332e-01
-2.266107572183787555e-01 -5.480196738592263417e-01
3.819746150314246580e-01 -1.480318298296906976e+00
2.055451681254316654e+00 -3.336812752359397116e-01
1.328499701314115100e+00 3.696512938739804355e-01
1.180680775008221994e+00 1.251171077718815638e+00
1.297721790292503785e+00 2.062774632092415850e+00
4.058869220072326978e-01 1.315971444978535354e+00
-2.940073605060397610e-01 1.752650259116416587e+00
1.675869563763382197e-01 -5.002264944288588033e-01
-1.381743371382846641e+00 -1.933439186117885678e+00
-1.091453541338496480e+00 1.868835901635522434e-01
-1.421301496512452855e+00 -1.138180262910755136e+00
1.487319700610659989e+00 6.725596978803601855e-01
-8.922483572934792884e-01 8.648144236482717684e-01
1.086232465889345189e-01 -9.730658025516956133e-01
4.846555852307263268e-01 1.040530359592244658e-01
-2.291339920594388957e+00 -1.696345272839036689e+00
-5.066340585757325155e-01 -1.148677530701885052e+00
1.233869261265556405e+00 9.724630382319480182e-01
5.110325852784619594e-01 2.464426395331828779e-01
6.687373617270787607e-01 7.751579638731337374e-02
1.036703386156499596e+00 -2.153690571210307991e-01
7.511304924925974458e-01 1.028945590424253265e+00
1.110103832778055688e+00 -4.631098819555731216e-01
