-1.035089466172801759e-01 7.393637273233961693e-01
6.674367361610340499e-01 -4.601211368823154291e-01
-7.145346881505768577e-01 1.426618932735201462e+00
4.323458751096253549e-01 -5.496362945114180443e-01
-2.202634490492335395e+00 1.018438769408836597e+00
3.458714229028709286e-01 -1.033610095381340077e+00
8.398112074669438210e-01 -6.420067352406428896e-01
1.403261381875706704e+00 -1.102628722331700395e+00
-2.016522168636802004e+00 -2.475566153990224616e-01
-4.567895964529766206e-01 -9.577190061016895850e-01
7.686666905012323747e-01 -1.044425818304208553e+00
-1.444298843474484118e+00 6.290930162316302199e-02
7.219786308625910642e-01 -1.837927728771591440e-01
-6.156046467019867796e-01 6.911968264463731471e-01
3.049911789089111425e-01 -1.085616535633455448e-01
6.480452749851083327e-01 -1.896445281907169322e+00
3.563880640092995100e-01 -9.011177302406228051e-01
-9.947363108574129864e-01 1.644451569272289193e+00
-5.670773752599339579e-01 3.254753655860025130e-02
1.113546683395809200e+00 1.421002738135238377e-02
-4.362767915117462536e-01 -1.258970034023183970e+00
4.958113089905180071e-01 1.466443633067549213e+00
5.963999937392763240e-01 4.710921957039760910e-01
1.076226374306935130e+00 1.998172901447746064e+00
-8.244739074753536512e-01 1.408907607703871578e+00
1.466886608553572779e+00 -6.256424474162330940e-01
6.906024164937556442e-01 -8.752801478716736305e-01
9.972919915016930092e-01 8.620538384331388748e-02
-1.763055485179386983e-01 -3.518307091160782774e-02
-1.219382387299932757e+00 1.121547671210546993e+00
-2.086806239705848998e-02 5.334737527018725001e-02
-6.811235534796589164e-01 -5.425653670136029727e-02
-2.162923006521356162e-01 -8.825817787325168640e-01
-1.043952223457524031e+00 -1.097253880052978109e-01
-9.097949814702714633e-02 -8.480826611293830475e-02
8.786219832484173375e-01 -2.244769751373256739e-01
-7.235386625437006947e-01 -2.813487027426400666e-01
-6.392593735554691348e-01 -8.435997704101956263e-01
-1.394329608399742793e-01 3.539223860663941457e-01
-2.026418947404979409e+00 9.016942977944026882e-01
-7.503682924385839392e-01 3.433384606306026376e-01
1.660411187541141198e-01 1.646289163960291901e+00
-5.597516542422004138e-01 -2.977560922514324027e-01
1.167896897158758884e+00 2.166744567973349356e-01
2.860809941858271088e-01 1.288752200234549283e+00
-1.554315138869069024e-01 1.518089817302548328e+00
-1.191117202533795716e+00 1.048483597615472718e+00
-1.075796901243500026e+00 8.935771033883481429e-03
1.053840752511474133e+00 -2.835534497921373132e-01
-1.506893599181852172e+00 4.212757427425872780e-01
5.392495541227299016e-01 5.526118326590052643e-01
-1.294821745688562231e+00 -1.651553124197451039e+00
-3.804719376643561635e-03 -3.226573661659578596e-01
-1.249960075872768472e+00 1.923832694576640134e-01
5.998873087335145904e-01 8.902705250184332897e-01
8.862836173851939003e-01 -7.948958637366214663e-01
