-1.227206289058901945e+00 1.049624808260608777e+00
1.513550222375001086e-01 -2.514919023928251576e-02
-5.663573076048071808e-01 1.257491897140980086e+00
1.464704550451215503e+00 -4.750340332372518515e-01
-1.659403865657604449e+00 7.465786340774561713e-01
1.261675300722436832e+00 -1.203943150960993913e+00
7.265965325573062739e-01 2.035324451955825564e-01
-1.271409180697934849e+00 1.762886576674786154e-01
-3.581382795981808975e-01 1.351909023797663201e+00
-1.119083041475120499e+00 -1.176817073331984043e+00
1.415667558713445739e+00 1.046864819590877793e-01
1.925108329903637339e+00 7.958659119544904126e-01
1.779169595815157101e-01 -4.374985563315511583e-01
3.988757634295069243e-01 9.590444562990005917e-01
-3.074645663370866866e-01 -3.386103779257351731e-01
5.947236886663762601e-01 -8.744753225601192836e-01
-1.630942566716389930e+00 -8.547635550898228241e-01
1.303352300737733671e+00 -2.429337944005390340e-02
2.425351013523370458e+00 6.641518470028383581e-01
-3.189569070796768879e-01 -4.623936074701462395e-01
2.747479340291071326e-01 3.226782293782893829e-01
1.241490466921707225e-01 1.304695689543816872e+00
-3.632023941007690992e-01 9.411533173804749186e-01
1.620520488990230268e+00 9.680863250990906499e-01
-2.120766269365496892e-01 6.470096812251215079e-02
-7.164409861075056174e-01 2.303058894564168624e-01
1.057804268131062653e+00 6.837355563973317452e-01
-3.495403595279837350e-01 -1.371026681522881985e+00
-2.065908918866202204e-02 -5.338067258927832459e-02
6.383302966507663490e-01 -7.745996938984253122e-01
-1.593645731746953509e-01 1.229444877798363756e+00
7.966413414474406984e-01 -5.093172576131089757e-01
-1.176311737285073100e+00 -5.602143299741102478e-01
1.966712874638524511e+00 -1.431296003821526552e+00
1.638543932643985235e+00 6.895334456720201288e-01
-1.971488339032890780e+00 5.210506183676039127e-01
3.715795769746862987e-01 -3.926013326038455542e-01
-6.014133072553808912e-01 4.448538902788958249e-01
8.038926190297244201e-01 -8.882846620018983730e-01
-1.084331494682622576e+00 -1.931167623051816273e-01
-8.811743255662429775e-01 1.037955982318148118e+00
5.655211357019360729e-01 -6.767166728385345387e-01
-6.843120100597116506e-01 -9.301268467020753494e-01
-2.754773676879810340e-01 1.282720423938525256e+00
-1.488546554689686774e+00 8.961601994167367469e-02
7.300917716477687280e-01 -2.197249023884037811e-01
-7.741401884374616849e-01 5.339661181145267665e-01
-7.052168500322230082e-01 1.268021257751046571e+00
-9.467010612166761874e-01 9.043993156089784602e-01
-2.412887267433303229e-01 -5.488618887638538890e-01
-1.045948453766188946e+00 3.193025532096178259e-02
1.918525981659066071e-01 6.842141042889894331e-01
-1.670390293764306699e+00 5.365694059475178274e-02
-1.438629536082199678e+00 1.777489408164871498e-01
-1.891907435222205391e+00 -8.651269511799264400e-01
-9.015427005350241940e-02 2.870804439919978912e-01
