4.164792265614648548e-01 -9.798980616670356358e-01
1.472121012581604216e-01 1.319724750571421579e-01
-2.222174662381078136e-01 1.531476581806428650e+00
9.287629104269207181e-01 1.474588889318655394e+00
-7.119574595547030205e-01 -1.433893999979269251e+00
7.761513185818504912e-01 1.058482438593177921e+00
1.165723462465615007e-01 -3.971708546939992091e-01
1.680504523843177500e+00 3.340456006461525185e-01
-7.240509301802418030e-01 2.638514814555581456e-02
-1.103130482563678072e+00 -4.470574358675459270e-01
1.493900154647907597e+00 1.763407219378086976e+00
-2.773681301363879914e+00 8.243185380428355025e-01
2.731434886146192342e-01 8.392707076238948849e-01
-1.214533342858238107e+00 -1.972684067876970815e+00
7.899213322045389729e-01 7.780097767828801913e-01
1.688381603969698608e+00 -3.303135805324555752e-01
1.756572390880555945e+00 2.670026478279969862e+00
6.366146065361760753e-01 1.172628020068749777e+00
-4.988436654687312677e-01 9.404474184061386577e-01
-6.207947120392471874e-01 1.136921985578823291e+00
8.590207075758994337e-01 3.184047683482172930e-01
-2.840474674099129349e-01 1.671672450442198032e+00
-2.559652153327525159e-01 9.173304092330332171e-01
4.040086915571270421e-01 -3.658779387553764972e-01
-1.754470830855852315e+00 1.309113511162729449e-01
-3.344856022972229059e-01 1.295939258939875494e+00
6.368923014198283328e-01 1.035404349220592213e+00
-3.016523065856043795e-01 2.512743962658142149e-01
-1.178750944079541396e+00 2.237460973105902973e+00
3.755589471552183145e-01 -1.363726618745205454e-01
-3.205951989717500394e-01 1.432129409279729315e-01
1.158339315675141146e+00 4.282838182292967866e-01
-7.009279626618000192e-01 2.368395577141236163e+00
-9.985986622032944071e-01 -5.547807130288773259e-01
2.671385386864683076e-01 1.589222684364258953e+00
4.210103861978317097e-01 1.006468606125172860e+00
-4.754394492239074066e-01 5.690066276506042797e-01
-4.582137196418881731e-01 -1.231223335413926590e+00
-2.330520152379536303e-01 2.335073921889789794e+00
-1.351559273505037684e+00 1.835906289242037748e-01
-1.283331820760405417e+00 2.259565383575931896e-01
-5.652966280969310420e-01 4.804216416424877956e-01
-3.460838757676698574e-01 5.816294435262765461e-01
-1.061898931500957932e+00 3.715308419300185627e-01
1.793922689964806416e+00 -4.036150614224875421e-01
-5.025673472695018074e-01 -6.281927339357875617e-01
6.183362103421473632e-01 2.086207941468183780e+00
-1.132814157947132916e+00 1.022229135342860307e+00
-2.118859434280177645e+00 -1.376626680121300517e+00
3.329917968429362829e-01 -5.998430284470183255e-02
5.878573475160642214e-01 8.829684566845331650e-01
-1.276283257626080081e+00 4.239611472199811271e-01
-5.591511831899672602e-01 -8.958408252116715209e-01
5.149840127785115795e-01 -8.524007789672652935e-01
1.065880650001775898e+00 1.775363360414645930e+00
-2.358149338845429988e-01 -9.649863956093297501e-01
