-8.444137031036365038e-01 5.941916593915083089e-01
-1.441226842684478093e+00 6.311438671513749377e-01
4.697659273336813879e-01 5.374855278342636211e-01
4.415364716659121447e-01 1.143513171637992709e+00
7.729057953643201362e-01 -1.568415855310471896e+00
-1.312388415223882498e+00 -1.046594822511317080e+00
2.993827212901821744e-01 4.139621393811222516e-01
-2.605511069977105576e-01 1.679886037146988143e-01
1.101327139802573546e-01 -6.864267263125218843e-01
-6.852181892057912505e-01 9.372454107696022163e-01
-3.139438532305693363e-01 -3.844248464448367097e-01
6.054700600599803861e-01 9.814546371915540413e-02
5.448916406742133622e-01 5.078704405135946454e-01
6.007976291937536795e-01 2.170262348408094955e+00
8.856070053813017706e-01 7.079612462408835238e-01
3.974517330251527425e-01 -3.392171942843693055e-01
1.342990124137463326e+00 -3.418816665806546085e-01
2.415023630810216593e-01 3.197420313835986350e-01
-3.221029393210300684e-01 -2.173483191302894579e-01
-1.380876629318027904e+00 1.035894124691296048e+00
-4.848553617954338979e-02 -2.978443328994681005e-01
1.317441044046186782e+00 -2.574461800626813845e-01
8.882379446164134773e-01 1.394982411971462222e+00
-8.256048924063181804e-01 -1.112431893309891562e+00
3.027385783893545845e-01 -3.751671835087934670e-01
1.248102200219260327e+00 -7.754278816163706622e-01
-3.756180042366910055e-01 1.062083769112469156e+00
-1.047162076253362883e+00 -3.816086005448097174e-01
-1.630721190190576708e+00 -6.863590888994538508e-01
-1.450450427113502805e+00 1.070265404566454887e-01
1.770828185861422766e+00 1.460994895774962554e+00
-6.694261529095827390e-01 7.338517251885169346e-01
7.167319392877935513e-01 -1.241026579558478060e+00
-1.113416676440066588e+00 3.270630974883484421e-01
-9.426008800703485901e-01 7.558528574715099591e-02
-3.314206395377244374e-01 2.555353133166279878e-01
4.334152605301232475e-01 -1.571102754080694608e-01
4.271442507261880017e-02 4.863710828149994669e-02
-1.079148878342813589e+00 1.441372547739066867e+00
-5.528730607062150026e-01 -1.891729211516158804e-01
-7.964401666922993339e-01 -2.140966284468363845e-01
-1.150611849376973916e+00 5.555932427066182511e-01
-2.419979604631737224e+00 1.162375917788206481e+00
2.242102726967473370e+00 -1.216574035238124019e+00
-3.421235755639822629e-01 -1.090539388808221127e-01
-1.517559840331671461e+00 -7.567341562029928914e-01
-7.394126638050416700e-01 4.896720557831677478e-01
9.341892493378506357e-01 -3.917886756079436705e-01
-3.855644078002114505e-01 -7.647755196751880591e-02
1.233470984302154738e+00 4.574071416119760980e-01
5.986187160256662976e-01 -1.452266167270978459e+00
-1.688131116928778042e+00 -1.451308994862460233e+00
1.295578203730585187e+00 5.690537837459105353e-01
2.106955023253553883e+00 -4.491931054310556726e-01
-7.662366864902977470e-01 1.954305033072086362e+00
-1.259021012494862882e-02 -8.474676929317986884e-01
