-7.188810091212034514e-01 2.180315608779838765e+00
-1.474286231328751473e+00 3.042426318163803378e-01
8.741268537924494764e-01 1.642476395176635462e+00
9.413896160520558443e-01 -4.369186634355948229e-01
1.268622273031613457e+00 9.415739098058850676e-01
7.273062203900018674e-02 -4.609543735950208942e-01
-1.484069032183556569e+00 -1.113789171349542917e+00
-1.046403203237383117e+00 1.426942456895701428e+00
1.094337011485437161e+00 6.641754384911220388e-01
3.150916770779663700e-01 -9.212940513556507893e-01
-1.619065883583525434e+00 1.125794598960671467e+00
3.471530441523037469e-01 6.896426742709755864e-01
5.859911754987324750e-01 5.029832921827164238e-01
2.356991880593886646e-01 1.455064708378036586e+00
-8.095307358525524188e-01 8.763641946379642222e-01
6.527078845556745224e-01 2.621692344654331652e+00
-2.896042640568919913e-01 9.880442965958798895e-01
5.019468331627652963e-02 -6.488598958390642268e-01
-3.150504881839095300e-02 4.272741037215777582e-01
-1.133756511552998225e-01 -9.353940413216060845e-01
1.160524830146245634e+00 -7.141625400139569591e-01
3.032223669663100529e-01 6.066328989276478234e-01
4.356352146585296820e-02 1.665899186776331087e+00
2.597666100004690226e-01 -7.955628939402648037e-01
-5.991427961143880321e-01 -1.347567946135286299e-01
8.861338765854205324e-01 -3.612541099880828277e-01
-1.325182725432568764e+00 7.376096861399094040e-01
-1.094833502758057353e+00 -8.541102671336400221e-01
-8.443841597383967557e-01 -4.846420931240375540e-01
-9.385469830663929758e-02 1.681778855043648546e-01
-6.359593111844619173e-01 -7.242406510695456046e-01
1.061861514975557474e+00 -1.399166470986088762e-01
-6.687263385741686050e-02 -1.109984055919088775e+00
-2.742041752995491577e-01 1.089547224787486668e+00
1.209209067870665288e+00 1.934276815504077096e-01
-1.162334084398245482e+00 -4.902102423835743017e-01
3.213783274669885781e-01 1.303207636376160439e+00
1.589527121443052193e+00 5.909584783560780652e-01
1.249372900619938470e-01 8.148317669662475948e-01
-9.395982290903309719e-01 3.647763131910045087e-01
-1.204075853707937904e+00 1.012290730797240190e+00
1.256013756017421712e-01 -2.125391752670355849e+00
7.302346117880119669e-01 -1.312284943287600703e+00
9.458520323556394993e-02 2.456582458213490305e+00
-1.134311417441230763e+00 5.276652427334028728e-01
-1.037561676646847397e+00 1.187869590272010001e+00
-1.657955910150280987e+00 1.335175706556219755e+00
6.103262448791532124e-01 1.624626812994906189e+00
4.750551077812752987e-01 -6.621740302467183925e-01
-2.482165965139862540e-01 1.404002151145400834e+00
-1.479704094859531249e+00 2.855831837664080108e-01
-5.699232643418445932e-01 1.196273145743381949e+00
6.285427818661400989e-01 -5.719070592898648497e-01
-1.104875892336191073e-01 1.089649469771307277e+00
-2.135933708606663206e+00 -1.834866735628288836e-01
1.739197209772426866e+00 5.112220422746048820e-01
