-1.045402253330415920e+00 5.225330190066531655e-01
-8.859257253367692000e-03 -6.379757652494341125e-01
7.678076820751622567e-01 4.179360226968442116e-01
3.756288935231670290e-01 -1.889193222443568687e-01
-3.364601938966612638e-01 -1.158373595182407234e+00
1.015708085640446789e+00 9.287007068244405028e-01
4.753794477278817099e-01 1.379288414574900923e+00
-1.080662687132524447e+00 4.233050934686177214e-01
-3.150660484229805824e-01 -5.741882181009427821e-02
-1.566157545414822216e+00 -8.646580413883586669e-01
1.957503495564580920e-01 -2.392781147132427400e+00
-2.057952699304326227e+00 5.384668321265945190e-01
1.995515355905770782e+00 1.125714528553278360e+00
2.163567485931084111e-01 8.799219065497546066e-02
5.434570692297832073e-01 -1.682187544102440313e+00
-6.450994543737208486e-01 1.097116890358029506e+00
7.023604809889320844e-02 -9.391367997919061184e-01
-6.043670715283147032e-01 -1.815239782645120314e+00
1.409996627278943537e-01 8.277291405320191808e-01
3.069328759727410483e-01 -9.090934405855117806e-01
-3.696888514366385436e-01 -2.952351039566984414e-01
-8.041462256237509321e-01 -7.782192108193634883e-02
-1.713150308579766579e+00 1.006621096138445637e+00
7.953731708682600099e-02 6.959097483402759687e-01
1.191839254413942673e+00 1.140820408220481808e+00
5.101850678923426363e-01 -1.945550091886509292e-01
3.587229324891175186e-02 -1.625536165774505992e-01
4.477939841454529613e-01 -5.619515414101654560e-01
1.226226102357461240e-01 8.298308870871037302e-01
-6.977252535452388438e-01 1.722180178965606601e+00
-3.842880615280864220e-01 1.379077788141889194e-01
1.467443641628253026e+00 -5.991659016602457130e-03
-1.808034444173279576e-01 -1.393031129837648541e+00
-9.770182705726836447e-01 -4.955966517922916759e-01
1.205091177102327826e+00 -7.366911080082305663e-01
2.006309477789453843e-01 -7.612025803349964370e-01
-8.524910888324983560e-01 8.401507234688851966e-01
-8.843438748992525911e-01 -1.281317079373249568e+00
-1.039479470702197705e+00 -4.410237532687588669e-01
5.063289932192388543e-01 -7.428718197532935275e-01
7.204276453418021475e-01 -1.095536934584010469e+00
2.636750598499745246e-01 4.517366529850925239e-01
1.635088751235320437e-01 2.125011614819723782e+00
1.906441585324558929e-01 7.673124204753913880e-01
-1.649437640981421760e+00 -9.474576723475847118e-01
-2.045441889590499773e+00 -3.685295188673693573e-02
1.839261047597578330e-02 -1.461226157507871770e+00
1.602317198538123044e+00 1.726221871088782889e+00
-1.164674473375535202e+00 -9.926612728468215963e-01
-4.389649578059908186e-01 4.762386993912412492e-01
-1.330010481735180106e+00 -1.117801366798362839e+00
3.546039838887545675e-02 -2.372938104947819316e+00
9.125701890529924754e-01 1.537771484966833802e+00
4.349595850059524427e-01 -6.167855854843330432e-01
7.883901723537747319e-01 2.261354052213940258e-01
-4.635541151738802879e-01 -1.779845011870734517e+00
