-1.338823823207908381e+00 -8.135859050982874319e-01
-6.875960458947528997e-02 -1.160482113361803957e+00
-1.506635680941209809e+00 1.085964174045910724e+00
-3.675188669467109315e-01 3.139517348672397623e-01
-1.105032192213793119e+00 -4.338565736820967356e-01
1.166440731751154924e+00 1.469772414259990834e+00
7.599746517974927951e-01 -3.122765496327301049e-01
7.798118040481128999e-01 -6.642076223071733398e-01
7.840627327679644543e-01 7.411428967191956430e-01
2.678289940209012676e-01 -8.475605860831152139e-02
-6.423701784301689977e-02 1.230252332438116492e+00
9.232827676810512196e-01 -4.763191865473838660e-01
4.533938894512485329e-01 4.358761701949617762e-02
-8.173263949133183770e-01 -2.151843796302561063e-01
-2.346410846777229331e-01 6.102247943505546557e-01
3.052540513682280854e-01 -9.835107376528054446e-02
6.600753656438510530e-01 -1.391262006897329817e+00
-3.197520465712331283e+00 -2.379026452916366274e-01
-1.013966457937878873e+00 9.508173943068586320e-01
5.921573232685087840e-01 3.046627784695436492e-01
6.617028784609098047e-01 -2.862126181087140675e-02
-1.440369646682642668e-01 1.663832965550089860e+00
9.184366000624804016e-01 5.636053677707188181e-02
-1.007335165663520021e-01 -4.219473247441319352e-01
-6.192519421491284870e-01 -8.708721652689358494e-01
5.133151954178243326e-01 -4.593163374388775089e-01
8.886541462970495298e-01 -1.485169653320437821e-01
-5.764278725330788250e-02 -1.419384280222600880e+00
-1.416035995536197023e-01 -4.615607460652055849e-01
2.419669781318390389e-01 3.504583074935189169e-01
7.379400675317699942e-01 -1.513965071040261234e+00
1.713169376627975860e+00 -2.834886127283042234e-01
1.203444078349780844e+00 -1.276234661468225451e-01
1.924646398600825759e+00 -1.223762801537081266e-02
-1.543034831669737095e+00 -3.556326741207010422e-01
2.193203697364686511e-01 9.774146015837590351e-01
-7.722399282768480089e-02 2.167817975146768994e+00
9.775529500942975458e-02 9.847018154585608363e-01
7.146234540856607476e-01 5.501426272734136758e-01
-2.717858352939980793e-01 -2.502746485427733258e+00
-1.345158994764920068e+00 -2.345770476175368102e-01
-5.338858915101331037e-01 -2.317577588828294566e-01
-5.482943618454979573e-01 9.709214953401138493e-01
-5.226340294463417413e-01 -1.174763556589931035e+00
4.186432831265942123e-01 7.362405865474065669e-02
8.061869294917368700e-01 -7.846019388652024640e-01
1.364017946668341086e+00 3.590349147033788380e-01
-1.482331255847415576e-02 -2.238449627609966797e+00
1.930232784476766383e-01 1.000002322186756554e-01
-2.666093643124632373e-01 3.188884634181721744e-01
-1.683323409202217569e-01 -1.671677553886929513e+00
1.608928888531974355e+00 -9.841157297473381860e-01
-1.948741415204257033e-01 6.582791001246411922e-01
-3.121384721507567961e-01 4.876432161640221752e-01
8.490043455146100149e-01 8.938280125774249463e-01
9.308452015764573373e-01 3.328880256835637375e-01
