-9.336986464611515268e-01 1.097883803760808519e+00
6.106009368374913926e-01 1.562824832647720319e+00
2.267171322022237145e+00 -1.157150743333980714e+00
-4.478699141193374644e-01 9.067675536605582787e-01
-1.170465719480194844e+00 1.687103833628569305e-01
2.790372066344245505e-01 1.005788616237438093e+00
-5.853540434939777382e-02 -1.008144949769407273e+00
-9.436943814059320923e-01 7.235494938212904126e-01
3.574422491996597784e-01 -3.647292771090965280e-02
4.772993583557020303e-01 5.721281222545223505e-02
2.628080072831548430e-01 1.098780200613392738e-01
-1.740299844254646344e-01 6.343608789071281118e-01
2.526408422768725570e-01 -7.275356123860745594e-01
-8.581911521219373062e-01 -4.491151470550339142e-01
-8.826113274154441524e-02 4.148081875136979124e-01
-2.850209249250822974e-01 1.531159406704111214e+00
1.910945828610015829e+00 1.157912266878293184e-01
3.155366268976614319e-01 -2.423323685677940542e+00
1.264113183174231381e+00 -7.303644360071046560e-01
9.818293041004055866e-01 -7.369298109765581861e-01
-1.248392147592553236e+00 -9.145832110637489576e-01
1.020007866753001702e+00 -2.877906023391726964e-01
-6.440197078889882132e-01 -5.647125727245569937e-01
-9.610238832618536731e-02 -6.782328416341620869e-01
-2.320487278566099598e-01 2.583117978004423332e-01
-3.987841977704610630e-03 -2.906639647543813876e-01
2.030900914204496033e+00 -9.560157697147614320e-01
-1.212309010298387335e+00 1.138757162496799036e-01
-1.996022410595988728e+00 1.299274735325811836e+00
5.116825567485410176e-01 1.268756588888685588e+00
-2.568903284316659263e-01 -3.616367398230581620e-01
-2.196600024651509386e+00 4.211476725419199818e-01
9.861151257375607715e-01 -1.851034317556250697e+00
-3.905213317021671848e-01 1.287157952471109867e+00
-2.285973335521032102e-01 2.853902496998060645e+00
-1.137419369472936065e-01 1.199275201792608714e+00
-1.553582574004434225e+00 3.630618482193674890e-01
-3.081389527039972154e-01 -1.258505386977699647e+00
-2.020192403734710318e+00 1.821043200961628417e-01
-9.849627964395487600e-01 1.473430087200719329e+00
1.219891522797242889e+00 -1.494585860931247456e+00
9.755221082161744661e-01 1.201352296939807607e+00
7.872124600707794961e-01 2.681075797203052447e-01
3.344399559610887751e-01 2.279053237867836590e-01
-6.438100158852760879e-02 5.981543724421176655e-01
1.049611538167082858e-01 -9.459582656420790769e-01
9.268034455836074992e-01 2.719160256549070162e-02
-2.633251060885828942e-01 1.930286992062254070e+00
-8.376089732582262526e-01 1.128304754327955628e+00
-9.697013093590926003e-01 -1.823339270285593283e+00
1.734011943087986118e+00 1.923166597697385960e+00
-2.297448325924186463e+00 1.349273001811217343e+00
6.815103897472569727e-01 1.248929521718923574e+00
-4.711715562437832627e-01 5.190503615860467823e-01
-6.618811620035286447e-01 -1.894665016332139462e+00
4.578040454922168712e-01 1.824648363147675367e-01
