1.590338157314995726e+00 1.172596203836032913e+00
-1.314766927030048604e+00 6.838075179596522224e-01
-7.952531508137656857e-01 1.088174171400160040e+00
1.052494088385076187e+00 4.750579392925055044e-01
-5.578628350303106720e-02 -1.984507019534265559e+00
1.427687528742327849e+00 -5.339765466050138132e-01
4.245998831674326762e-02 -1.495860731556418965e+00
-5.057449426833912076e-01 -2.016603426407524768e+00
-2.622879508971355245e-01 1.386426873908135626e-01
1.005632724378856535e+00 7.937897953333661327e-01
1.994578922145868072e+00 -1.410905965828974928e-01
-1.283550219488829025e-01 5.732266719776215602e-01
-1.248480830487278981e+00 1.725056852616598246e-01
2.511499737604480642e-01 1.069124911068414230e+00
-1.194406468704595881e+00 7.827674552916097372e-02
-1.894218581310451732e+00 -6.546774739967199663e-02
4.279617935780937188e-01 -5.117172166922097087e-01
-5.617288037967351766e-01 -1.356082086120362851e+00
-2.781844071645783179e-01 -8.086851288293654960e-01
5.511960757270457645e-01 -6.446411033536769697e-01
5.611025268359033369e-01 7.455889540325910669e-01
1.869841003900188925e+00 1.105157707749826468e+00
-2.552787339253094756e-01 -1.530930325111534485e+00
2.081826689930253771e+00 1.545683264721413819e+00
-4.432251449513472386e-01 1.109000256810667606e+00
2.418536976951618733e+00 7.532682134776000904e-01
2.845574103606195449e-01 6.922860904429206652e-01
-2.082287768948245521e+00 9.027130216878519464e-01
-5.303647403291496254e-02 -2.538436663534948332e-02
1.741028203651492634e-01 2.279486932750864336e-01
3.978600357515654218e-01 1.093195995234962137e+00
6.820256357499526745e-01 -9.389488538629846559e-01
1.599527991245698888e-01 6.993649803034850121e-02
-1.652652970070055405e+00 4.382004497876627602e-01
7.028945494041325404e-01 -8.462323819191887031e-01
9.803524152960491067e-01 4.545908391635682388e-01
1.204589659086136910e+00 -1.111151275302135311e+00
1.907213186649249215e-01 -4.778257942718284190e-01
-1.083001396739933009e+00 -1.959350298780288879e+00
-1.259855940761637205e+00 -1.122726132334573190e+00
2.342039484643317626e-01 -5.251580450222801399e-01
1.295349435913869751e+00 -3.691528848815353037e-01
7.587139443002349770e-01 -1.540399855447973421e+00
8.067067582324023434e-01 7.739619932655515955e-01
1.167977134103476367e+00 7.565403798273062641e-02
6.201033332434223444e-02 -1.600574982007663349e+00
-3.542414657973626951e-02 -6.325044903093228754e-01
2.792676448200293482e+00 -9.385937017334407273e-02
7.306028863402581619e-01 7.002516139518067950e-01
1.224521806749344410e+00 3.058142720298513417e-01
5.998629198662702722e-01 -8.947087614624036345e-01
1.082128232017293135e+00 -1.420134912702190277e+00
-6.155409029744772775e-01 1.597094322451631798e-01
-1.696834293210216282e+00 2.157688792078967577e+00
-7.695851797109403147e-01 5.513110585553978593e-01
-1.331367131649982882e+00 -1.095355067963837969e+00
