-9.002035033901534256e-01 8.985206714977382880e-01
1.696231364309930267e+00 -9.008335169813362908e-01
-1.849773775571206258e-01 -1.994755519227335405e+00
1.607934092407751203e-01 -8.130875733158394736e-01
-2.221644632898168048e+00 4.838251142037209296e-01
-9.218781647373195387e-01 -9.593389605848707813e-01
1.427589621438764000e+00 -6.111097931478903789e-01
-2.174953307327978091e+00 4.136237601506957962e-01
2.072508981022392227e+00 -1.699101081313860062e+00
-6.521896437282769243e-01 -1.673593986467418304e+00
-7.008498879923842351e-01 4.366552661163212168e-01
5.244825190983896102e-01 -5.324070367777599122e-01
-2.434370307085653440e-01 -1.262173730038984809e+00
-5.685987717370331873e-02 1.162631367569478824e+00
-6.045253479279924513e-02 -7.039143101445572981e-01
6.333560508612655626e-01 -1.051610816932091907e+00
2.443369089976561881e+00 -2.477837925579969180e+00
1.090420277827853113e+00 -1.326099016912815287e+00
9.000503422113813601e-01 4.063600696026061776e-01
-1.211424532009736099e+00 1.402895291667978883e+00
7.984066464992818357e-01 7.388621860736835911e-01
1.276766724198059810e+00 -1.110059718128056261e+00
1.630148700793330629e+00 1.292215508476007163e-02
-2.761512943890923388e+00 1.143912632227925830e+00
1.557487510061432490e+00 2.437971674884003292e-01
-8.034818259871288060e-01 5.567234527812525702e-01
-7.920229640947666905e-01 7.340964999092449705e-01
1.477456937190808339e-01 -2.492335776863179031e-01
1.280812299102873641e+00 4.853505724191865545e-01
-8.164821711064715881e-01 -8.226872368604478680e-01
-4.766302011785620296e-01 1.559523166932348825e+00
-4.209370162093641343e-01 9.813432418996277384e-01
2.137820000246481167e-01 8.835147290109847118e-01
-7.381298638709072879e-01 -5.453315934687107402e-01
-2.104134203783656343e+00 1.160449429823944056e+00
2.285482628908437064e-01 -8.836396562686529288e-01
1.100642027699924475e+00 -7.486070683729016961e-01
-9.380299674898685824e-02 -6.874827883268394002e-01
-3.670207132999903088e-02 -4.555989486470240490e-01
6.738944283866614704e-01 -6.795398829304322152e-01
1.140727787164557416e-01 -4.214063157776853918e-01
-4.488700669183233738e-01 -1.591146278055255880e+00
3.327090304024447609e-01 9.419666845969618674e-01
-3.366734798735779854e-01 1.878677237511925530e-02
4.742339147162343838e-01 1.392296909406437744e-01
-5.954415397465088189e-01 -4.477453209323178918e-01
-1.659995578482230741e-02 5.808213603961537297e-01
-4.374480108311651905e-01 -3.682374945500870855e-01
5.635090096694059802e-01 -2.309141466161409584e-01
-1.867167130453482038e+00 -3.138146065484323510e-01
-9.076941307559008854e-01 1.869348459916129745e-01
-2.368095019999961970e+00 -8.705450430412797758e-01
-1.349159694025453327e+00 -4.623835345349949222e-01
-3.069695604789253809e-02 -4.248372313137374623e-01
-1.090865617799555043e+00 4.479488434708088218e-01
6.002223968402163878e-01 9.356420938663920772e-01
