-6.170609321351255838e-01 8.578033537799514274e-01
3.939219048683306745e-01 -1.476277217480804982e+00
-8.264317077155475255e-01 1.018578327113065951e+00
-8.234021073767940069e-02 -4.711554265007318332e-01
-6.624480876935894269e-01 2.203321596735042132e+00
2.583292876066647925e-01 9.140118455187296043e-01
7.050679568519790941e-01 -9.861232181822295884e-01
-1.130102973872116889e+00 -1.131657787528772330e+00
9.011833538703104551e-01 2.521816508903522713e-01
1.334857981325031862e+00 9.820438698074676065e-01
-5.406377002392735998e-01 2.991400779803060628e-01
1.079947397561269673e+00 2.125465565736343321e-01
-1.462404807484931180e+00 -1.203034829830206265e-01
-4.642162586129209290e-01 2.297418418809598073e-01
2.550085705867996544e-01 5.563195985901450008e-02
-4.968669014991839994e-01 -8.547148457140377742e-01
3.170573758019918365e-01 -7.947226797055194636e-01
-4.568475054953062275e-01 -4.045318749504995814e-01
-1.123200468692228116e+00 -4.771341804858346691e-01
-2.091540710449244944e+00 -1.755840432417798969e-01
8.326340443368314137e-01 -1.260942005508938202e-01
-1.481329530240146131e+00 -3.630040729814411615e-01
-4.757298690482164583e-01 1.607501045463142875e+00
-1.598779102541949326e+00 1.990611415098151316e+00
-2.064480715051566051e+00 4.002974674687292955e-01
-6.295695983743632151e-01 1.229166313660134541e-01
-1.782903623833367313e-01 -9.910538414081375425e-02
-4.065514899265810778e-01 -1.370685108427349141e-01
-4.569355239707730831e-01 -3.112895158509421112e-01
-6.924940380158448594e-01 2.623401278246389468e-01
-4.320907655499656164e-01 3.214912932561881931e-01
6.864798162110283819e-01 -3.510680601235666720e-01
1.626322488833843172e-01 1.880632191644797446e+00
1.081779801713806721e+00 4.000048284868267245e-01
1.501599056797417786e+00 -6.717368836345182226e-01
-2.075767445792365828e-01 7.980026065283384318e-01
-5.080252214591005622e-01 5.727300765133306326e-01
2.054960562822590653e+00 7.683704499313619499e-03
3.953970560559018077e-01 -5.319604238285635667e-01
-2.929981070510820351e-02 1.130404709944778485e+00
-9.581690426020064155e-01 2.037573482477581244e-01
2.984120506838407461e-01 -4.807815597587816736e-01
-4.354884418261230628e-01 2.029793390959057087e-01
9.039213729775736894e-01 -2.499311647115013968e-01
2.338196293799063574e-01 6.982210505092222297e-01
3.746033365421910233e-01 -9.617230139341252926e-01
5.137531444698362204e-01 1.099523248850253321e+00
-2.646861752165065251e+00 4.174167344561287019e-01
7.110012306984456742e-01 5.051105306113191223e-02
-4.764942011689235479e-01 -2.588602236526114653e-01
1.171059434732982130e+00 -4.312112850204136150e-01
8.395017419069623621e-01 -7.053964692514554935e-01
-4.825598668824614967e-01 1.047683321259717415e+00
1.510852210956522557e-01 -2.521779850651748589e-01
-7.931352725064994003e-01 1.137560047261459983e+00
-2.018244964430911725e+00 1.621164646491028982e-01
