1.252576140097751090e+00 4.355057738707408532e-01
-2.965366713992180436e+00 8.246819278097310413e-01
-2.459262461472078443e-01 6.295981981573581243e-02
2.452596595420089565e-01 -1.029717953864848212e+00
-4.816793517742333219e-01 4.971588060187517311e-01
-3.319522454631262942e-01 -1.025987837830539817e+00
-1.414578256249471533e+00 -1.298647494547983339e+00
3.421266890734330213e-01 1.596057589963736922e-01
1.459568409404534917e+00 1.768114192952726871e+00
6.655872791546634248e-01 7.624152168360420756e-01
1.416131463430750248e+00 4.672551964025717930e-01
1.871233132672213972e-01 -3.416617123445784832e-01
-4.963804079060371022e-01 -4.583071265927596283e-01
-4.802637784254051301e-01 7.275094301154935161e-01
2.907848267543849258e-02 2.264388745824469085e-01
1.053911239529062016e-01 7.395324809926895337e-01
8.032089592124029842e-01 3.517186375648922309e-02
2.267629506614100787e+00 2.046028334866172374e-02
-4.528748749041904831e-01 -1.794123693253049545e+00
1.019168784867886313e+00 -6.587676952828597221e-01
5.939476021098757247e-02 1.168085279995230596e+00
-2.677202294017446693e-01 3.987488815556218813e-01
3.656601714188806307e-01 -1.120250328970740367e-01
-7.215243626306182545e-01 -1.065574746055258482e+00
-4.002777309008911238e-03 -1.070604295572121334e+00
2.423072709101696365e+00 -6.432842785066925084e-02
5.625519617819305651e-01 -9.521164822054853927e-01
2.836333462914483183e-01 -2.399008126536029406e-01
1.755115697334941605e-01 2.257431591141315086e-01
-7.228331240567600346e-01 -5.636960674710383978e-01
1.756570197457396176e+00 -1.117442908141507818e+00
-7.012554519379116114e-01 2.736911946196912693e-01
-3.185825557691736032e-01 -2.671802880956528070e-01
8.383273593761164655e-01 -1.216649327057309993e+00
-1.452454907176357057e+00 -1.315333064326901225e+00
-2.574061366602409695e+00 -2.560484094429088309e+00
-7.179977414906055233e-02 1.123677705966672047e+00
4.064746734435711328e-01 6.910138855709899719e-01
-7.619673092023552252e-01 -3.719226114022244900e-02
-3.152524267140613401e-01 1.965930013864231052e+00
3.079836215787274400e-01 -3.448110630828372103e-01
2.823978611267792260e-01 1.367805711628935272e+00
1.426763354631218172e+00 -1.232542478637949968e+00
-1.224194353943020841e-01 3.206648249570426823e-01
-1.217380101539327075e+00 -1.509240828182228711e+00
-1.358855123045145774e+00 -8.448229081781011285e-01
2.400718223721584055e-01 -1.153468730708560708e+00
3.869319251816125127e-01 6.725063477214543450e-01
-6.352766141825139101e-01 -5.457991883965909174e-01
2.462163612859540607e-01 1.986845105132436951e+00
-9.082542814076887128e-01 3.976195362318012960e-01
3.025445175278064780e-01 5.124775680670395211e-02
-4.291980142787357178e-01 8.880575207234529811e-02
-1.026786648133420243e+00 1.395965292370272337e+00
-6.610312006010681252e-01 -1.406373465613313112e+00
1.330252587622694216e-01 2.261452201448906241e+00
