-1.319467283501782884e+00 1.211663724003861908e+00
6.416021751677771778e-01 1.568452923297460222e+00
9.701050352625406603e-01 -6.704916936503363400e-01
-3.103571500330042088e-02 1.568196345159718619e-01
1.335584702523463785e-01 1.526091473608190419e-01
-1.853710816595656452e-01 4.605219343686448585e-01
-5.526935714591414417e-01 -1.164104525491768571e+00
-1.420690083501481071e+00 -4.367288392048856993e-01
1.471974600682138590e+00 -1.662959001293820238e+00
1.506583464309720233e+00 3.791279619065160422e-01
4.327550746389024483e-01 -5.236305917384537212e-01
-1.225072611380124021e+00 -1.951317091048956121e+00
1.514235730265513169e+00 9.706181561350196718e-01
-2.968164808209488581e-01 -1.484808143006000059e+00
-3.784153223484641726e-02 5.787919644176873352e-02
-5.891967548199640303e-01 2.316143645307115195e-01
5.749295451288201075e-01 6.821679177544883732e-01
-3.139952745378570831e-01 2.742962890887520877e-01
1.408039599017745669e+00 1.439131531924010110e+00
-2.249614421925003604e-01 2.285095152783643613e+00
-1.943072929339211552e-01 5.147362124877294387e-02
-1.603034661208384559e+00 -7.812179090767756851e-02
9.404242811122296430e-01 5.770198687154382000e-01
-7.137179112269054215e-01 5.044556092736630221e-02
1.900084516119286304e+00 -4.215720294617008590e-01
-1.378432885054836410e+00 -1.080182728676305492e+00
3.013766183864330372e-01 1.649747740473564761e+00
-3.227043682876794550e-01 -7.722029095888639505e-01
5.847839884510300790e-01 -5.995882473706120042e-01
-1.378667360715661594e-02 4.515809354558875111e-02
6.052108796969892790e-01 -8.058959211785267085e-01
-9.358404152562143086e-01 -1.699294998669413026e+00
9.845782278968594481e-01 3.088881692846491278e-01
-2.620322540011304824e+00 5.600653908692262428e-01
-1.399430907922398104e+00 1.140793196567879919e+00
5.534138953508145331e-01 3.524111415771549183e-01
-6.091803658337936467e-01 2.569364937090826140e-01
1.176450173869048044e-01 -1.207435789027843986e+00
2.586271781175721873e-01 -1.404964146302546180e+00
9.412001098140554411e-01 7.654387584213435680e-01
1.242972862012643176e-01 1.319199320399097486e+00
1.262068070191720570e-01 4.395550882922997227e-01
2.020383415884820788e-01 4.301826635443858904e-01
2.313056295717624278e-01 -1.344288791696234275e+00
8.910124962796712733e-01 5.094924961140749886e-01
1.683987071601671826e+00 -1.667142206386795333e+00
-7.758785160487799426e-02 -2.927385713625726416e-01
4.259565127977271159e-01 2.496534521926152828e-01
-6.943250654329851113e-01 1.180535284212739011e+00
-2.933564979093962743e-01 5.842188992856870572e-02
-5.756976822433811369e-01 -6.193012856333171001e-01
-4.958449427841246648e-01 -1.932707397024344464e+00
1.179712725495619674e+00 6.398473686079224620e-01
4.012407218656102725e-01 2.785097490053909941e-01
-1.659462057402447399e-01 -5.428915357108377027e-01
8.969526605694408961e-01 7.741344825552187725e-01
