2.553911823002993214e-02 -3.426478192453991101e-01
1.686175707802130441e+00 4.956728440983023676e-01
2.963219283257877423e-01 -8.271308598809461454e-01
-5.178520239580173268e-01 8.071805902298090363e-01
2.661048867473297941e-01 -2.181421714413166180e-01
2.279183866880165610e-01 -3.013827270379004775e-01
-7.049515537787006680e-01 1.010793271362291579e+00
-7.877070876412772815e-01 -2.082337235215704976e-02
8.776582156871212681e-02 8.935860990101395229e-01
7.946198311226543298e-01 9.492725951406997265e-01
-2.811179017126178015e-01 6.488287856689365363e-01
-1.138260877307074370e+00 -1.325144480203361841e+00
-3.376119359226070205e-01 1.012188831442310866e+00
4.408369078762350846e-01 -6.606101443836439602e-01
3.095463470722336075e-01 4.631200560800400878e-01
-6.808048402331406956e-01 -2.204486510091065721e-01
4.868013028993873892e-01 -1.406145229691852794e-01
1.023946708965463859e-01 6.924195753188500113e-01
-3.773562253420622570e-01 1.080101667924653563e+00
1.239582570898058456e-01 -1.420734491239083463e-01
1.109335311662309614e-01 6.000910810224432401e-01
-1.653877313964765561e+00 -1.032298595230720206e+00
8.336719924275062810e-02 -4.612816836177136559e-01
7.486229892381354722e-02 -2.171761317664965496e+00
-6.271068237800057898e-02 9.157597339218173649e-02
-6.356062884443057781e-01 -8.470438842482641562e-01
-6.400750502651775253e-01 -5.976765645579281694e-01
-6.798120461924606062e-01 1.672968623474996974e+00
-7.690235946145116373e-03 -4.341027607522782161e-01
3.273191915663643536e-01 5.739947963878431203e-01
7.427753441031461623e-01 -2.867441220169559060e-02
5.147292243268256628e-01 1.474591072277576576e+00
1.592124106302368114e+00 -1.006801370644593296e-01
-1.075122741515095681e+00 1.281706648106275104e+00
7.701281704655555949e-01 -9.086682332306871279e-01
-1.285795219383042420e+00 -8.172528963666295665e-01
-1.579760525385405512e-02 -9.296806681547222784e-01
-1.225912696036449923e+00 5.675993184669715363e-01
4.318325638108060915e-01 -1.005413418121736235e+00
-5.414186322393379491e-01 1.067712864679828177e+00
-7.825255376749896685e-01 -5.121382832965157839e-01
-7.422488245526803752e-01 -2.684467017007589273e+00
-6.755908823875123037e-02 1.358388665365936276e+00
2.719177303173349602e-01 2.367706277136173654e+00
7.052704374124676434e-01 6.339989173963422875e-01
-1.572398798882501669e+00 1.502224176529393995e+00
-1.315694720516109140e+00 -1.829200506173189522e+00
-3.817367245876842480e-02 1.108383202984520866e+00
-3.455905000383864278e-01 -9.289673002004190661e-01
1.105302028476787601e+00 -7.913418222975718841e-01
9.954196950790739074e-01 9.039411664870837804e-01
9.995805222714136962e-01 -2.185350670756875502e+00
1.077025408527849004e+00 -2.575507878063700851e-01
-3.094225700596626993e-02 3.618746621468864055e-01
-2.933888867170346137e-01 -5.556068200691920422e-01
-1.469280806974999631e+00 3.536893914704262315e-02
