-1.332759625400578907e+00 9.366458157778035920e-01
4.963667935481967941e-01 4.867965266810533875e-03
1.080937944407220908e+00 3.933583386549011629e-01
2.110512116950921668e-01 3.578738300742772549e-01
-3.798894796018913861e-02 -1.380342670159176777e+00
1.133454136347803898e+00 -1.613404366181134142e+00
-4.070687077008135479e-01 1.066722477799223245e+00
7.664508553863077500e-01 1.774286527672182256e-01
1.430166384851239147e+00 -1.829234285171266738e-01
1.000009424686711279e+00 -6.097886800568110832e-01
3.800993730783734925e-01 -3.308063586207516948e-01
1.144979021697990068e-01 1.154069763943748050e+00
-2.528575880969823331e+00 -3.427444903853427705e-01
1.175958845062959002e+00 -1.995365354761225563e+00
1.147848851060961239e+00 -6.791179263814722811e-02
-3.930223765918786083e-01 1.039072446439154751e+00
-1.415802578080651297e-01 6.845619200373536106e-01
1.430293526512755431e+00 2.043543003697786187e+00
1.329327805253339156e-01 6.528075218151410120e-01
7.295567505785315321e-01 4.318679758647095412e-01
8.060190133516338395e-01 1.138169531511068922e+00
5.778567794472430075e-01 -1.058715682031883487e+00
1.417713846153002333e+00 8.408455095622416886e-01
-1.153036522239957895e+00 -7.340828286856466711e-01
-1.588431277785711249e-01 1.534934658223015447e+00
-2.486983505181007414e-01 -6.687042777950622519e-01
7.456351601853309363e-01 -1.087972792595889970e+00
-7.787205683937749034e-01 -1.705807763922496945e-01
3.030166365239769233e-01 -8.457841524597524419e-02
-1.866804528798046148e-01 -6.117630419967291511e-01
5.754069952346680950e-01 -5.702420384819114618e-01
1.956894356696806114e-01 -6.279569449267023984e-01
9.201180788314514691e-01 -3.673327146780795971e-01
-1.848995389032577430e+00 -1.175537434368805340e-01
1.045375578031201569e-01 -9.932925415209307163e-01
6.129987726264348735e-01 -1.207692116213739286e+00
2.316614049056345603e+00 1.260621487737096480e+00
-2.145018267310826454e-01 1.010720031622523163e-01
2.208631114131553441e-01 1.438358156066051219e+00
2.686706982787513687e-02 1.054166618952856904e+00
-2.376193086011524624e-01 3.668704695864163923e-01
-2.929619410806095711e-02 -1.829676457188015304e+00
-1.584201626839907950e+00 1.959815765288909883e+00
-8.140946106360247292e-01 1.825764219848052150e+00
4.215213325535444588e-01 -1.967472169098458956e-01
-6.193767479037953771e-01 1.331512573955463186e+00
5.277229105491920702e-01 -1.042396213914852376e+00
-1.027279401990758068e+00 -1.578341752426227762e+00
1.031180047763686991e+00 5.542303558142156472e-01
-2.131594836377994906e-01 7.325011859524985791e-01
-9.117520104857929075e-01 3.812909209448799852e-01
1.434074095450931896e+00 -4.725545452797038637e-01
1.662216756671264228e+00 -1.099514067710796628e+00
9.085454632734686342e-01 1.412547591234280420e+00
-1.305818092656845009e+00 1.014601672198796933e+00
2.323863181438690528e+00 -1.209661091933450949e+00
