1.581740377971622979e-01 -8.972240459915858946e-01
8.180780081592265995e-01 1.073988484960181955e+00
-1.264480850310696347e-01 1.124945594463713450e+00
7.920361565590077202e-01 -1.058461124373756501e+00
-5.866773674707255193e-01 -2.798603250550791774e-02
-1.127528604303269733e+00 -8.491431314844335443e-01
1.113202024718058958e+00 1.122699881508447239e+00
-2.304480264761300801e-01 3.026895591692936247e-02
7.322968077633698059e-01 -1.497756853482213879e+00
-1.841899781500368899e-02 -2.047672882044261566e+00
3.190562698395109087e-01 6.897940605815312820e-02
-1.161359934278093808e+00 4.573246982736098309e-01
-1.272138750492682047e-01 1.126756859749641126e+00
9.612758350321227718e-01 -3.347985439955562526e-01
-2.335925331091350365e+00 -2.106040033689488222e+00
-5.414786112423820574e-01 2.221553823878890267e-03
-1.181846725443268520e+00 2.484223495468047271e-01
4.258999831967431038e-01 -7.788854922458136043e-01
1.283581592832932827e+00 3.080062384989738611e+00
7.190563514376361320e-01 8.466410324119130193e-01
-6.475878158448429289e-01 1.149547285312460199e+00
1.735347633194349870e-01 -6.822194842916825541e-01
1.281305814127415288e-01 1.049920496023976968e+00
2.933947960062028848e+00 1.711346667563744317e+00
6.212162547227833009e-01 -5.700415969198326938e-01
-7.490317091466500710e-01 -6.086336790583939810e-02
1.234025227427184568e+00 7.408023933734494415e-01
2.440523594414933384e-01 8.157761069522510011e-01
-1.076654238922584161e+00 -5.119224914808955251e-01
1.054244155706512531e+00 1.431609574390545925e+00
6.028271660460770009e-01 6.186061134445919318e-01
9.863923769884999082e-01 1.203692496530307299e+00
-1.364992855507385805e+00 1.475596223151540931e+00
6.731706754844444252e-01 9.955608488176697080e-01
1.064109630969335418e+00 -9.745071659213219162e-01
3.087669944807039935e-01 -9.432147230866485543e-01
1.497414785334748810e+00 1.800323837452028064e+00
5.265111480277917533e-01 -3.901742157309560644e-01
1.477364469714204764e+00 -1.149844135927539979e+00
1.934115491219045302e-01 -1.405209743009356416e+00
4.877265437632616329e-01 -5.251770295249114096e-01
3.862622041425781694e-01 4.444575451026248902e-02
-1.192078905833938274e+00 6.301495123491464012e-01
4.016558299736845417e-01 4.854988091618411827e-01
1.740878379176655555e+00 3.908671369601192658e-01
-1.596553021951442775e+00 3.476916822762894932e-01
-3.042762326352758118e-01 -1.411078914254873418e+00
5.288793262065599743e-01 -1.047888992015685083e+00
-2.042500596327052054e-01 5.009481767566961175e-01
-7.862891606368904718e-02 6.985290377310354737e-01
-1.840255954836064856e+00 -3.398191423268404621e-01
-5.771565403917797710e-01 9.382620304229696284e-01
1.088317304013124209e+00 -6.143224987905538531e-02
6.712111232147294215e-03 -1.737700699965194495e-01
-3.981976828926521439e-02 -1.035801821729075867e+00
-6.373528721539289954e-01 -1.670777378317073181e+00
