1.243387445045767370e+00 -1.855018780115885058e+00
9.912626121033969451e-01 1.471759651112611034e-01
4.245200433432396170e-01 1.098704877038698013e+00
-1.040909975051805381e+00 -6.514823116131063241e-01
2.238096282611382326e-01 -1.947576475328007817e-01
-2.853017296670239469e-02 9.022149019143084203e-01
2.256021368006411731e-01 3.032323434632259729e-01
2.178366738396365909e-01 -3.221892124311783734e-01
-1.723110512567786801e+00 -1.077191121742915758e+00
-1.684935642232566977e+00 1.026190171588136746e+00
-7.114055753992082343e-02 -1.086707884756563214e+00
-2.701846030232767926e-01 -7.414711221407072061e-01
1.794058244686102199e+00 1.524245637600457615e+00
-7.955516219829713576e-01 -6.682601766011735389e-01
5.506137381980297230e-01 2.531415251241335707e-01
1.757140025308279174e-02 -1.215937924796675507e+00
7.753270557389386752e-01 1.992358028680011106e+00
-2.200149466032565115e+00 -4.743832717330007664e-01
-1.720450065998998523e+00 3.150543514368066011e-01
2.161905455925140773e-01 9.239735757167483188e-01
-6.324881136669402437e-01 6.666208911462714326e-01
6.380234923085221777e-01 7.905159311273760592e-01
-6.400804822561906304e-01 6.574219866747342822e-01
-2.523254407585738546e-02 -2.476076637663283120e-01
4.508857544975188869e-01 7.314468499220925235e-01
7.253169320422460098e-01 1.174410279281804526e+00
1.207836114578769715e-01 5.905060100608668927e-01
1.138220167719322218e+00 -1.658851759756067579e-01
1.129316647952529062e-01 -3.850731136452917869e-01
-1.418155872609007107e+00 3.396450044390168510e-01
-3.972873684775514724e-01 -1.487488426240960226e+00
-4.917030948204045293e-01 -8.369963362490734360e-01
-2.756296136181400347e-01 1.328859415281315737e-01
-1.629224513261549045e+00 -1.020400242626502557e-01
3.953350130565680409e-01 9.661400549392924475e-01
-1.244557458037011788e+00 -8.165931285643672766e-01
1.985523080078796243e-01 -7.815139086343471098e-01
-3.911855927740366945e-01 -8.730763418439279056e-01
-1.219740032200614804e-02 1.308833172197772621e+00
-5.724939735563280285e-01 -2.009894398559178286e-02
-4.414947996086698301e-01 2.174369569802014346e-01
4.311275505858371826e-01 -3.869334924935759479e-01
6.916305289678025270e-01 2.466702512873195086e-01
-1.526824309211105013e-01 3.800281251741131905e-02
-5.907431243534492366e-02 2.354683077876844055e-01
-1.043108487377951032e+00 1.521376157612448488e+00
-4.971710104097685351e-02 3.546282037715989266e-01
-8.047780175985378426e-01 1.590599914270078408e+00
-5.665499408569633077e-01 6.879383064101893819e-01
3.414653206419967502e-01 5.888875075174900831e-01
-1.042237191946039365e+00 -9.042537900279897789e-01
-8.085608856609305395e-03 -5.294212036552452538e-01
8.587080965824449574e-01 2.000043585808227442e-01
5.640784728090841860e-01 1.655564413366839682e+00
-1.232727315232620802e+00 1.190467015732331602e+00
-3.168054994950105646e-02 -1.082691171014686038e+00
