9.675095103211789338e-01 1.235503466350003743e+00
5.425181908812396481e-01 -2.937097269927272603e+00
-9.784655262939533360e-01 -6.282079684829645627e-01
2.729281688169266640e-01 -4.379767849909346582e-03
1.036822386810590135e+00 -8.391209969222864773e-01
7.046622412804792734e-01 4.223786142099367424e+00
-9.236853253440715505e-01 3.250378322426178967e-01
-1.191533929525116164e+00 1.873497922654565828e+00
-1.787446131522230308e+00 4.442024402435731240e-02
6.567200361941124553e-01 -1.006965673864798905e-01
-1.616270629282703652e-01 -1.381599154529552287e+00
1.138672524489860338e+00 -3.522138869865802380e-01
-1.576265508113075198e+00 -2.212794506887493906e+00
-3.884666501739857392e-01 8.726627941259497423e-02
7.847915304328990649e-01 -1.942806560598544507e-01
-1.164205645491880325e+00 -6.098731425184423377e-02
-4.114992392477774819e-01 -1.575072866444196806e-01
-7.332253093077311101e-01 1.039170547600729133e+00
-1.272209199878023389e+00 -1.533201472683478173e+00
-1.516598465625930370e+00 -4.478276763705479890e-01
3.480169431177542738e-01 1.465902156150022950e+00
1.403921652315964552e+00 -2.575664766275829187e-01
5.013477301654709617e-01 4.042619925085609300e-01
-1.251486435904852312e+00 1.694764355505843645e-01
6.550657056185986704e-01 -1.455252742342535655e+00
1.082317653514422773e+00 -6.597657898456623649e-01
7.485381417560884598e-01 -1.136646789128719304e+00
1.236212034255070646e+00 -1.584931874403593677e-01
1.580557951469417355e-01 -1.834675045441940266e+00
-6.627925993545340511e-01 -1.553856560161836153e+00
1.155044100829371700e+00 -6.426680645395875802e-01
-4.924606650731833679e-01 -7.700218988314886381e-01
4.912981050870373068e-01 3.553972975649055677e-01
-2.085076033265730044e-01 2.861756969023943054e+00
-5.277982467582620352e-01 -2.058311125177803014e-01
2.555414866277734287e-01 -6.357737289117718626e-01
8.331161333125151058e-01 -9.433167199978222950e-01
1.902464151336035192e-01 7.270534933269326983e-01
-5.906269895521214508e-01 2.233790052295264034e-02
-1.617949764255553147e+00 1.498070491755219225e+00
1.641958099589229947e-01 5.168705761195200310e-01
4.283382564075355892e-01 -2.360634928983517400e-01
-2.557296467943407592e+00 3.276759289035821032e-01
5.174220131505256060e-01 1.190123555967883329e+00
2.144423101188837499e+00 8.541403324458066715e-01
-1.684415702257891168e+00 -7.900574987867826637e-01
-1.176154991894292179e+00 9.527823193973687932e-01
1.055656414031629131e+00 4.952245420706059553e-01
1.621330039158934144e-01 2.030807602502612941e+00
1.011924037484752903e+00 -8.201782452374061297e-03
9.031505166748303726e-01 -9.043225362859841354e-01
-6.332708817130630052e-01 3.237084765110429529e-01
1.740389774083392016e+00 -2.952847027697418913e-01
-8.952742100339856623e-01 7.025519136172049262e-01
8.897384133056782662e-01 -2.057239113536297459e-01
-8.126455356855967205e-01 1.749553144149920136e-01
