5.323808139432065767e-01 -2.497521831118898028e+00
1.153736618217829690e+00 -7.139618893106118858e-01
-1.140266758604363995e+00 4.920610873829378007e-01
6.334473331451783151e-01 1.138572404636847057e+00
1.834702245046921698e+00 1.321447929914027819e+00
-9.468550339162417825e-03 8.699627668354631416e-01
-1.012304476758791205e+00 -2.767610015900475173e-01
1.496314635398424020e+00 1.648945317107284314e+00
1.208340230031797358e+00 7.364919832377955222e-01
-6.770159641132785788e-01 2.026984865397827296e-01
-7.242936807093611762e-01 1.303556120969555643e+00
1.102331277977890711e-01 9.123561957363113262e-01
2.118051711850324370e+00 5.545798915359722026e-01
2.558512334450598891e-01 -3.422854164978236802e-02
1.204051543060218402e-02 2.500007776774845203e-01
-6.334310895384072104e-01 -2.484573860535058132e-01
1.103127772329020928e+00 6.509228521230776554e-01
2.882056340398170269e-01 -2.826868411040800999e-01
6.232179317423097720e-02 4.303731106800286477e-01
-3.378410716862522700e-01 -5.411236138062993639e-01
5.136466353482741498e-01 -7.431250268293063677e-01
1.037488048721907807e+00 3.359123933646734339e-01
-1.487614330643484362e+00 1.101880174768175902e+00
1.133808551725842939e+00 8.741908321639382251e-01
1.596063277160174154e+00 2.809491879483346777e-01
6.177272613227345888e-01 6.598641550842423431e-01
-9.094297596640522618e-01 4.505830020711437678e-01
-1.756080038990041503e+00 5.459880422667640065e-01
-2.313032718663579970e-02 7.628206028731859822e-01
-1.500541656093496989e+00 3.788726536868289863e-01
-1.414145018525696962e+00 1.290623932801890084e-01
-3.566124482787453309e-01 -8.421323743237918436e-01
1.200905302448878276e+00 1.879090281045622035e+00
-6.452421128209108181e-01 -9.616848872578959151e-01
-1.019645463707614441e+00 -6.949289652970802589e-01
4.701196656937756679e-01 -4.549778678808765742e-01
1.127793618306754286e+00 2.054481174240579300e+00
7.924637497707540668e-01 3.631007567212262699e-01
3.946243641846106098e-02 3.951324271742529537e-01
2.390489603809071995e-01 7.226449597591315666e-01
6.256987700338625391e-01 -1.852788555144632976e-01
7.497870794071991307e-01 -4.663659362746881976e-01
-5.612240614695042096e-01 1.824487866877069653e+00
8.102828587342378874e-01 1.284052831438728726e+00
-9.754154682820427302e-01 6.160874399630402731e-01
-4.742169837250705955e-01 4.126476622450778731e-01
-5.543760545677827167e-01 -3.527334471325434262e-02
-9.789194769654766537e-01 2.212272083311809523e-01
-1.881874503935620391e+00 4.624717086054354609e-01
-1.800351688804595618e+00 -6.323198957565623335e-01
1.179784113293365966e+00 2.057044447949327282e+00
-2.024771127984990038e+00 -3.672296521300513206e-01
1.251275838830085418e-01 3.266909012995753425e-01
1.163067525426979554e+00 3.786897465337646929e-01
3.566349272549315108e-01 1.508842971145351486e+00
1.397921117523378831e-01 -1.039215007827231751e+00
