1.001967914096985934e+00 -1.713515215669030312e+00
-1.132525434548626864e+00 2.110459383868104499e+00
8.122899273505397311e-01 -2.055842088122370737e-01
5.633476396257245389e-01 -4.444085985839206221e-01
-3.195124929020746185e-01 6.271865531080408340e-01
8.211755988879220203e-01 -3.819592875026134871e-01
1.846164320919336355e+00 -1.509590598315635246e+00
2.876429041099435757e+00 -1.712773382124252175e-01
7.795534647132817963e-01 4.418276919806675140e-01
-5.854760771492050209e-01 1.134584815737568753e-01
-1.619573954720584075e+00 3.984612194430828258e-01
-1.554524759772911713e-01 -2.062344714936067969e-01
2.071471994345929435e+00 1.118615398835468122e+00
1.896277077894814034e-01 1.752597377460581418e+00
7.822708369738451406e-01 1.979987002410830366e+00
7.300793116318174958e-01 5.948668661756992826e-01
-3.031051193224383877e-01 -1.397238149540978691e+00
-6.249996310003652633e-01 -1.805997163520058013e+00
2.985331265072042051e-01 4.711063194279063726e-01
-2.353106863629848278e-01 -1.638214548440313889e+00
5.177608027461105128e-02 5.438509584751491932e-01
2.610241188046806826e-01 -1.929417744791120659e-01
5.182538231797596540e-01 2.227718731572743582e+00
9.830011298495358041e-01 -1.064005617191606357e+00
-5.918726249279665508e-01 5.153543795965338514e-01
-4.586700425010614701e-02 -2.796558019445645749e-01
-1.597283948931407016e+00 -2.428784617060952278e-01
-3.186732232051368574e-01 -7.402118898335022790e-01
-1.706109152673797480e+00 -9.595288391313845366e-01
-7.165507875176487795e-01 -9.262293021730223508e-01
1.340696930656634089e-01 -2.451594645647794946e-01
1.377585944292152975e+00 4.964148214186959729e-01
6.079288568163931927e-02 -2.111593003482120867e+00
5.026064431156022083e-01 1.877655649765254675e-01
-7.191330683748893282e-01 -2.889397579288457418e-01
-6.841791222917149584e-01 2.675821835162501272e-01
-2.504969634341010387e+00 -6.945103314095412150e-01
1.299694614118623637e+00 7.121335840450833121e-01
3.808236142900208177e-01 -4.367344993740385900e-02
-1.654601458980700102e+00 -4.933475248826710291e-01
-8.621965530958412005e-01 -1.821050275268302432e+00
3.885223276895232725e-01 3.754412785201985403e-01
1.769128949765776060e+00 5.185264587898894550e-01
5.194081902272391638e-01 -4.811791787952691690e-01
-2.152262423739073893e-01 2.386275167007190501e-01
-5.357228636243360764e-01 -1.003386633392879590e+00
-7.045195436575099057e-01 -3.236617447276882165e-01
-7.149954168161309909e-01 -6.787351901739265836e-01
-1.262232521342806280e+00 -5.370607751181154937e-02
-2.286822739509203686e-02 2.815992316605859358e+00
9.940493939605436757e-02 -4.037227608314732930e-01
1.198396268733087133e+00 1.452615571974727737e-01
1.229427346267267795e+00 1.420445077706871784e+00
6.716806590677937283e-01 -2.625014030388778119e-01
1.875795615595290122e-01 1.125181512176034682e+00
-1.544199765878722375e-01 2.173603300055046983e+00
