1.392432827907451598e+00 -1.483890663313311542e+00
-1.652926415952295225e-01 -4.741903198737042469e-01
-8.172713126289230523e-01 1.898909048367877772e-01
2.165093331564667434e+00 8.317193171431099818e-01
-3.173738391740384968e-01 -9.591370388789699497e-01
-1.749367668671998610e-01 1.587146950865000461e+00
1.056121614283495935e+00 -7.676186628553142155e-01
9.068105282711708126e-01 1.234657257771918371e+00
-5.977163674465917342e-01 2.943767068742316972e+00
7.183796905797892318e-01 1.743213973950054507e+00
-5.014843918437096315e-01 9.630520599671473780e-01
-1.976107911209748380e+00 1.166192153167847634e+00
-4.873688327256374686e-01 2.819251026599198240e-02
-1.385803711338646771e-01 8.172892263798628987e-01
9.019420230175680953e-01 -2.356388484487576263e-01
7.665387615706826807e-01 8.682581823628522377e-01
7.472264311224767752e-01 -2.613629672525070724e+00
1.334504832670179386e+00 -5.158564173734151437e-01
4.372967479874680374e-01 -2.134710452650268042e+00
5.782564024958882776e-01 4.426182876732234206e-01
4.086523275490275831e-01 -4.049169671544114446e-01
-9.251298703159364090e-01 -3.604678994951848181e-01
-3.160736324856585067e-01 -1.665863649464843999e+00
-1.816664763216806200e-01 4.341033633910926781e-01
-1.545877593104741932e+00 -6.149618017799830527e-01
6.469039874875169849e-01 3.214384053143205522e-01
1.848115827373114362e-01 4.230217921925112923e-01
-5.546212515558037737e-01 -5.260380074645808479e-01
1.259843807801958260e+00 -1.714130310955274350e+00
-4.356211415558093880e-01 -3.478262139071505721e-01
-9.140943610426088828e-01 -1.811001291643087985e+00
4.244916375290237465e-01 -1.969713622634992611e-01
-6.139298202434574359e-01 -9.586172024888418575e-01
-6.584147803016152656e-01 1.103521368505587102e-01
3.649175986708936281e-01 -4.767479098272615068e-01
-1.520103266319358104e+00 5.240558981728170584e-01
1.116298044283366542e+00 1.040883416020917274e+00
-2.671610899580402210e-01 -6.619020548795370162e-01
-3.406587252966352675e-01 6.415730389790230692e-01
5.967997272481454507e-01 1.812430621986096835e+00
-5.018600813126621318e-01 -3.295614369759151674e-01
2.099757721614253503e-01 1.655739271152275593e-01
5.181345196378136508e-01 3.776369113105593200e-01
3.353394464975982814e-01 1.895406459455811765e-01
1.438412486598909856e+00 1.590220599617640396e+00
8.572816419836766233e-01 -1.813866864553611569e+00
1.612993671472212967e-02 -1.824460856237977824e+00
-2.313974825694303128e+00 -4.801464835274413256e-01
4.239624101720762539e-01 1.584007344296863851e-01
-3.559721317005053454e-01 3.298405817869015655e-01
-9.391212932433289085e-02 1.196623141567719761e+00
8.379191945430625177e-01 -9.579160800776014700e-03
-6.787461842621855812e-01 -6.944675995331029972e-01
-1.125786977887627098e-02 4.876589317613198582e-01
-1.039126006260992385e+00 -8.526188400231128339e-01
2.010128772709214029e-01 9.211507015220739003e-01
