2.511301820218309055e-01 6.538833848125918946e-01
2.115702514619878905e+00 -6.194469232496064848e-01
8.609379641128848126e-01 -5.004866454423990696e-01
1.401622100177826180e-01 -5.715420519875390459e-01
1.376941352957046227e+00 -1.556046865086635478e+00
7.453961949445796487e-01 -4.438434047015903383e-01
2.154537727348456499e+00 -1.744560464700255942e+00
8.515740900899652077e-01 8.963123969426965987e-01
-8.109460539363443354e-01 -3.654054866900150467e-01
1.956241978880846943e+00 -2.296548608255303547e-01
-1.218910784803585834e+00 -2.426263542441882415e-01
5.335449605176225685e-01 -6.479128249121395289e-01
6.685931967033198475e-01 4.082283751589999010e-02
-1.966195400614905234e-02 -8.476580370215478499e-01
6.810936373114455655e-01 -1.174078997268976354e-01
-7.804155638956875585e-01 -7.532754392959076783e-01
1.261046658135753562e+00 -4.941955434113677326e-01
-7.818610155297216202e-02 1.018943830297333264e+00
-1.191654337374363326e+00 4.132661376184311730e-01
-4.565477199928062446e-01 -1.692776131365551384e+00
2.440183149796376072e-01 -8.197156038537934952e-01
-6.481733404783956987e-01 1.419205092465111395e+00
-2.060587440161017803e+00 -1.098264327878092805e+00
-6.546506921798983525e-02 1.562884583604187361e+00
-9.733854513910954465e-01 -5.273619369198614404e-01
-7.697494485756575244e-01 2.501141189580936008e-01
8.448785248638198686e-01 -8.870356859093116997e-01
1.708872432602626806e-02 -5.217739215996162194e-01
-2.227142258173840261e+00 3.132339449018818556e+00
-8.166865093464392711e-01 8.347850447846613120e-01
5.193737891906723136e-02 6.284624362659265717e-01
-4.166573592172679308e-01 -2.064976198308607902e+00
-1.371306087990270539e+00 -2.760291893833594634e-01
-6.531716810903662740e-01 4.173879962881530403e-01
1.088115170408191723e+00 -1.098147170904244962e+00
1.423403215303632674e+00 -5.123322776264570555e-01
1.853661265057784668e-01 1.286710149209857379e+00
-7.174983164300442473e-01 5.574848580804918352e-02
2.319295310837413415e-01 -7.097659428948396299e-01
1.400817972278741053e+00 1.663573515465690766e+00
2.175732016200383256e+00 -4.485563290510780066e-01
-4.429340057211886283e-01 -4.784300260744245303e-01
-1.656826218481144974e-01 -8.746597882774564958e-01
8.858802133099146214e-01 1.893834006481625254e+00
-6.213157413114455130e-01 1.463314502401046102e+00
-6.823553943925050325e-01 -4.778462470993223854e-01
1.361025756113690144e-01 1.465990205666298341e+00
2.101237620373614057e+00 1.086031017668805054e+00
1.716298042557718118e+00 1.698688590648564478e+00
6.506069274539386660e-01 7.404234576493485820e-01
7.313185748079423787e-01 1.583921955982543484e-01
-1.114558190917003699e+00 1.023289960152162559e+00
-1.951599090568103545e+00 4.758326890662724074e-01
-2.068892665853881763e+00 1.086814340992858091e-01
4.076846205469930040e-01 4.643597144350402051e-01
2.498297695063967927e-01 3.356903150272187442e-01
