1.298914535987916175e+00 -3.309399645239003429e-01
8.620039389733306912e-02 -7.064111261403969166e-01
6.154699037489240743e-01 1.124710816570864580e+00
1.082420727376306235e+00 6.101758686644560559e-01
-9.749765496345372817e-01 -5.814379173995850580e-01
-9.921033804799886391e-02 -1.946216906933209367e+00
4.276447866738401771e-02 -3.017707182215593753e-01
-1.078131203354903533e+00 -7.877079545326974852e-01
-7.420738562358513146e-01 7.905426744534719274e-01
-1.289691506896339657e-01 1.765287190919155424e+00
4.335492736003296876e-01 -1.626198071353474495e+00
8.928662648733055873e-02 2.525302859904511310e-01
1.047096918425008516e+00 -5.571950796986205878e-01
-6.673152864548104884e-03 -2.275565845413119737e-01
-1.338421999981276589e-01 3.435093167766780087e-01
1.223194258286318670e+00 1.349061614894927486e+00
9.861320541634028825e-01 1.501270735628061681e+00
-1.108486447185173196e+00 -1.710214008561273369e+00
6.917436107143852819e-01 1.170149357544407520e+00
-5.467802140725340765e-01 -4.426733333959018690e-01
5.892806147551840068e-01 -7.746009245922090836e-01
1.120901983375070854e+00 -8.158872976485705975e-01
5.133809059460223700e-01 -9.840487262193264861e-02
1.727662011186203550e+00 -1.711182982478582915e+00
6.087534388857147177e-02 8.716478370792221098e-01
1.113024760299253124e+00 -2.463083815034188717e+00
4.732448128117236474e-01 1.163617611418211295e+00
7.282094226413826643e-01 7.903205064572007554e-01
7.237867854054851058e-02 -2.001244496504037407e-01
6.506974406674690403e-01 1.779030881743138615e+00
-2.161564408601667431e+00 1.545227474798878120e+00
6.422399172815517199e-01 7.012432979097852348e-01
6.972532056012507029e-01 8.227769320165632116e-01
-2.314281621410517076e+00 -2.103443613829502290e+00
1.636792504281096461e+00 3.695448713419553499e-01
-5.977186502808390367e-01 1.135187514510490464e-01
9.190224818031488274e-01 -1.001605470118640984e+00
-1.289237664001648076e+00 6.959167346468178583e-02
-2.984969135443311661e+00 -1.086908161292444275e+00
-7.879007497804224602e-01 -1.510852798129960650e+00
-1.604157790131206796e-01 1.072884109975590916e-01
4.747070770079073881e-02 -4.992446231825954372e-01
-2.846080470983275656e+00 -2.263376744029613474e-01
5.079314177013294351e-01 -4.777085108708187811e-01
-1.830245446285394817e-01 9.316601503972102849e-01
-2.731999041828084840e-01 2.283994222649351757e-01
-8.176340191150895942e-01 -5.678763661702946886e-01
-1.822558343740964037e+00 -1.305553983468327628e+00
1.076058584476476537e-01 3.464756316518857737e-01
2.037976367263422350e+00 -1.283343879170538049e+00
-7.643956527448334537e-01 -3.503816354890552098e-01
1.173602647963145618e+00 -3.815163104513789594e-01
3.876982160511056180e-02 -7.796344877869756385e-01
4.851448986892342163e-01 -2.199932135463212202e+00
-2.932906319548015950e-01 -1.366373200346770345e+00
-2.468895085494902664e-01 1.380258121954035300e+00
