7.060313363118483343e-01 9.844021297190300723e-01
-1.299882270597788603e+00 -7.024633545711587157e-01
-7.675187729702392936e-01 1.195733546572522732e+00
-4.597000725575839386e-01 -4.833055684849838496e-01
2.692722374310823064e-01 1.350043519594106567e-01
2.068071818576069920e-01 1.073706457157022898e-01
1.166946865028244185e+00 3.879298559006112007e-02
-8.196377506967674753e-01 -2.261327997942923496e-01
-4.223810851537607713e-01 -3.812485027031963791e-01
-1.141379568758586371e+00 1.207006088034444424e+00
6.619600217077358240e-01 9.536560121935494516e-02
3.025848248609551705e-01 8.647002931608922527e-01
4.767398886272914971e-01 -7.819931580198419274e-01
1.613175018725777399e+00 1.175352440600651860e-01
-4.617127207036823000e-01 8.199657571519616273e-01
1.048275316068734808e+00 1.223477849433310061e+00
3.597017368190460473e-01 -6.938013277567098847e-01
1.633637395251304802e+00 -5.975834257146312584e-02
-4.409191900801393560e-01 -1.957241111848193604e-01
-1.252151820372569446e+00 4.666516570159156552e-01
-2.608692234049433956e-01 -2.995053179302972213e-01
-6.127001964465909056e-01 1.439316790790612088e-01
-1.285462124886486590e+00 9.136848947158550116e-01
-4.458244561293830399e-01 -1.078258883449918770e-01
3.260196068869091190e-01 1.234126548729315986e-01
5.217486776361033307e-01 -1.492452344991722413e+00
1.119720497665477765e+00 2.927832840564385530e-01
5.188128950133318318e-01 -2.515983559563905736e-01
6.472182428260813136e-01 2.446411006909961494e-01
-6.423192472147358778e-01 1.032261646903111174e+00
1.087248811218359368e+00 -7.703447764253630314e-01
7.454343618388777903e-01 -4.954659295783085393e-01
2.345199265662319676e-01 7.248288005298274550e-01
4.110881613784029276e-01 -7.290385610841824127e-01
5.536794350156108990e-01 2.107064818428328323e-01
-1.134673529086334121e+00 5.923013462552884079e-01
6.739590587379296061e-01 2.764517710924642380e+00
-1.685508230791035178e-01 -3.984208529857613534e-02
2.892089302468542344e-01 -1.690545387266939592e-01
1.207877344121409458e+00 -1.396640194663569146e+00
2.111226664396299024e-01 1.212300783667675935e-01
-1.803520471837844141e+00 -3.590108053266560795e-01
-2.982942529841612136e-02 1.892857900013469041e-01
-2.205232826740363694e-01 -1.546478952515947525e-01
-6.396407877113238771e-02 1.473662228285972597e+00
5.562753923453281901e-01 -2.051419525668440880e+00
-9.638723239605491155e-01 3.897527845174860728e-01
4.003080901921681201e-01 -1.048814027007084038e+00
-6.794456651114272328e-01 1.391833255219634691e-01
1.070688549133794604e-01 -3.027903854733446920e-01
-5.417362849375473299e-01 7.207012636512525328e-01
-1.339729367599240772e+00 1.177578685800162006e+00
-6.845015040116526894e-02 2.678797707175911147e-01
-2.685657678872683252e-01 5.656206768636671267e-01
7.510873400067947792e-01 5.875947938165092532e-01
-6.383337104867121692e-01 5.968763886923202922e-01
