1.198228231497985741e+00 4.358460709801702526e-01
4.177475631139972861e-02 -1.822534328483406130e+00
3.817584364170155120e-01 2.682601752713887344e-01
1.306121598810482842e+00 -3.831055932478889536e-01
-6.326104170955844097e-01 -2.742505749181998187e-01
1.496952050862050965e-01 -1.254545011665840759e+00
-9.466746865452257964e-01 3.040851652982178716e-02
-3.941382041445356393e-02 -9.610236120638473434e-01
-5.493878154966417293e-01 -8.812283807646276168e-02
-1.640767871996216265e-01 -5.480173932882543841e-01
2.377514668026995626e+00 -2.893599055587428581e-01
-4.295088212813573114e-01 -1.719916851439693417e+00
-2.414956395507950326e-01 -9.578946830875852969e-01
2.699629059032177647e+00 4.977310466214833751e-01
4.427967448870955003e-02 -1.529761051778290248e+00
8.251730471170024561e-01 -5.057935991728718106e-01
-7.748338274037018802e-01 -2.972650145690803325e-01
-6.764655185220798117e-01 -1.870032644385706044e+00
-1.628361890046402527e-01 -9.165199613422025937e-01
3.908490643658708574e-01 -2.761426377541638666e-01
-7.011097461914319595e-01 1.596985854021806039e+00
-1.528074623317019709e+00 -8.488921047693985811e-01
-1.052698409857251161e+00 6.122586519378603320e-01
-4.848274630533910834e-01 -1.308321463343035118e-01
8.564571410865922108e-01 2.494993596566725536e-01
-5.438568196548274614e-01 -1.431460993393773418e+00
-1.121517665522415275e+00 -3.161955456556158617e-01
7.816190194433968452e-01 1.838296762540224893e+00
1.145476724384103306e+00 -1.067396696845973603e+00
1.740976510547773692e+00 1.067166660080605345e+00
-5.980860137470560556e-01 1.722332659338386751e+00
6.928228215743987839e-01 -8.682279569852314749e-01
7.691657094914705617e-01 -6.901564121432096632e-01
-9.799778295228424030e-01 2.008493673899037768e-01
-1.709941402151495149e+00 3.559163009721941218e-01
1.011404551783370520e+00 -9.872277577338055554e-01
1.284628590133547021e+00 -4.167347349491245523e-01
2.015329157885543232e+00 1.768690295398686940e+00
-6.837253898664917839e-01 -3.576541061588515702e-01
2.245989228097226842e-01 -2.022600739558570115e+00
7.769857093768817169e-01 -9.552355869654768905e-02
6.448652626573839752e-01 -1.839808427617598774e+00
5.825423392497250941e-01 -4.942370099128163830e-01
9.838636792593488112e-01 -5.437081419377083336e-01
6.090749728766582383e-01 -8.584208377098685450e-01
9.049897257132785144e-01 -7.581450855426071778e-01
-6.057948125400887118e-01 5.494427010852767079e-01
8.366966822311487917e-01 1.204080994759392453e+00
-1.060961467682217885e+00 2.893644082262069595e-01
8.104624034760586904e-01 9.061670271258404075e-01
9.015224892141689983e-01 -5.630817244177694914e-01
-2.282751616875278722e-01 -3.986835208781119855e-01
1.567594610811980482e+00 3.289928276490890480e-01
-6.538270899000584446e-01 -1.801320436043848394e+00
5.215854814982946452e-01 -2.093660051293320251e-02
-5.905453201795680673e-01 -6.191281688721053111e-01
