9.369387636466779412e-01 -6.104891450280026249e-02
-2.178075205075415965e+00 1.224351815066903049e+00
-1.531665770725989528e+00 6.203770433757815894e-01
8.397266715072522203e-01 7.461843858688486097e-01
-1.215308377365021952e+00 -1.728301351102555228e-01
-4.307076680656772294e-01 6.626185079479612883e-02
-7.142868333371000800e-01 -9.041026072478254294e-01
-1.533369814343304993e+00 -6.044950082158011551e-01
-6.574880950770823906e-01 6.746471586077651406e-01
8.419959036665149998e-01 1.562542690063170481e+00
-1.429863738907253490e+00 -4.314491064161151135e-01
6.478273801774833140e-01 1.571442888620999401e-01
2.306952614460059392e-01 1.678056900950526620e+00
-8.383132526620862279e-01 8.718894651182529376e-01
-2.881029910484565748e-02 -7.664089250952863530e-01
-1.156957860089391943e+00 -1.028155565228463075e+00
6.801616706900839304e-01 -6.019952102363197444e-01
-4.664939440155652702e-04 1.343029692381821683e+00
-1.822748088058727678e+00 -1.347473591104425994e+00
-7.493662033950939660e-01 2.162735057080585332e-01
-2.505004847557351089e-01 -1.108207795942913743e+00
2.983858852254259730e-01 9.857052439710380920e-01
9.741026567897757837e-02 -5.109482563270546507e-01
2.815466029918273216e-01 3.146077632600270679e-02
1.961401376546830555e+00 -7.313443802714245656e-01
-8.867495279229639094e-01 -2.487162643666320339e+00
1.138525326343568234e-01 -1.902576308307008246e-01
1.749432358348559591e+00 -1.112173028526451946e+00
7.069556293816592341e-01 -8.788407440869226983e-01
-1.435130881282304649e-01 9.405082108446988221e-01
-1.274521187638274711e+00 1.257750431113779710e+00
1.459951901784366290e+00 -1.957214705412219091e-01
1.775177460574457911e+00 3.713078603782650200e-01
-1.352071083590327571e+00 4.141610756080894851e-02
1.173413293321022011e-01 -2.539362470899019231e-01
4.281252729967082171e-01 -1.119809151845468920e+00
-1.172587677916108850e+00 -5.255497000121398532e-01
-7.587168853053772866e-01 -1.580764413927963560e-02
-2.408414148937739974e+00 -1.553009453632505366e-01
-1.484638862557474015e+00 -6.614359669364283656e-01
-1.675257776193044279e-01 -7.858234902952454526e-01
2.576058680322513839e-01 6.703182242931596813e-01
-1.052527736427889327e+00 1.539575722930575319e+00
-1.115347201121714482e+00 1.969918438242164727e-01
-4.536068232327828964e-01 1.169852945889882978e+00
-1.426279187475887889e-01 2.926956596365735130e-01
4.020859883714990590e-01 -1.015809068186123820e+00
7.033988056796788291e-01 1.167709348757212107e+00
6.188418243853461842e-01 1.213256029112623091e+00
-1.434443582511031767e+00 -3.381894164551873527e-01
-1.436164168108229611e-01 1.168673299584496617e+00
-1.807183918397393008e+00 5.998275309508519504e-01
2.208877972608377593e+00 -5.593074034220105739e-01
9.148735557104868688e-02 3.056599601890332418e-01
-5.278586665649512844e-01 -7.127897733629264820e-01
-1.325126233725382185e+00 2.460552553626544903e-01
