4.144003185803842304e-01 1.817019099433903495e+00
1.354928937042470860e+00 6.102176842561730652e-01
-9.851982152693091743e-01 9.000427056710507134e-01
-5.670461043085804898e-01 -8.006389537133339340e-01
-6.813971393034599089e-01 2.423513849240480855e+00
-2.462374448361326906e-01 -2.265719893145919928e-01
1.248712046579461901e-02 1.097139754256505340e+00
6.426163279810593876e-01 5.652715619025380223e-01
5.756762738913878685e-01 -5.491041955852027368e-01
-1.124942259312661452e+00 1.211907327075426311e-01
6.002990997867390099e-01 2.056316230931320987e+00
-1.013123390015197467e+00 -5.317743745258368682e-01
-6.893299537602782801e-01 6.862777770529945309e-01
-1.295528921723933247e-01 1.868027452990352055e-01
2.631879852849184909e-01 3.845388540446501024e-01
1.406747715874037963e-01 -9.935523741378265994e-01
-5.141969899065370608e-01 4.073899105243707353e-01
2.373990015174886281e+00 5.985311015728687067e-01
8.791139245164635019e-02 -2.678600777440643954e-01
1.088088299128261160e-01 -3.544415700308310435e-01
6.109743538393951345e-01 1.141176904184086682e+00
-5.365085778201895694e-01 -1.729775662865593366e+00
3.034070028118101767e-02 1.048080180045572352e+00
4.098244325030568902e-01 9.461241447014699935e-01
1.556419046487229618e+00 -1.092212597117866224e+00
1.660034064213241400e+00 -2.214680360321896746e+00
-1.600495196575270507e+00 2.253165577341230463e+00
-2.273216188967128737e+00 1.677538179225845916e-01
3.011728805733021597e-01 1.677862886663798792e+00
1.476170493583661703e+00 -4.059054709313389964e-01
5.967916335189689114e-01 -3.691643626724698257e-01
4.365880081610887947e-02 -1.243634679936718390e+00
-5.156285676183651745e-01 8.274438714506344994e-02
-2.737540042941982721e-01 7.163416464230124570e-01
3.147625304022888537e-01 1.985810701616297913e-01
-2.699906688344980932e+00 9.955979365892975164e-01
1.031381597909794223e+00 6.649705113788897393e-01
-6.453868847152545163e-01 1.074695453053843952e+00
-9.866897929675607637e-01 6.716499417445808140e-01
1.295807320013095731e+00 -1.526639879574616110e+00
2.715105082661985469e-01 -3.447140942694162380e-01
6.249712322087014327e-01 1.571252529578276436e+00
-1.229486901555661316e+00 -8.566046907107369712e-01
-8.738114953177699151e-01 1.810581868961426144e-01
-3.856307467464556438e-01 -5.063448624879753890e-01
-8.785898519968426967e-01 -4.270807362239567029e-01
7.372173247192204126e-01 1.097368619966728298e+00
2.327050969871077499e-02 -1.841199500197067684e-01
1.319570331675559427e-01 2.756550720318356462e-01
-2.099755670801998875e+00 5.020184829073905952e-01
-5.215818533647806898e-01 -1.847823992272693561e-01
-8.025393608289294045e-02 -3.867788112303983256e-02
-1.253888749799063340e-01 1.698184765009725207e-03
-1.365549971964464815e+00 -2.886857175815183973e-01
-1.255839203937061166e+00 -1.072581742500456459e+00
-1.159098088239605140e-01 1.692085647354507338e-01
