7.206054623994989639e-01 5.839035088572498422e-01
-3.833287588387780387e-01 3.739424780919293756e-01
1.269827728316125226e+00 -5.500652048492094687e-02
-8.092866247872970709e-01 -1.075335552855668730e+00
-5.340627357174976275e-01 2.028190469255490014e-01
1.715760214696007147e+00 -6.709693670019289957e-01
-6.622300540612503505e-01 -1.194490651601978065e-01
-4.952639391160221782e-01 -7.727839697779778638e-02
-4.792674586546936122e-01 5.346974716474623968e-01
1.215741821670664358e+00 -5.958219267287825360e-01
1.361123117668705085e+00 8.298799809533167204e-01
-4.177794176039624219e-01 -9.026091165026416119e-03
4.589994981802748009e-01 6.585433310016051145e-01
-1.280710047503472060e+00 6.778157426199787894e-01
-1.224745855239343761e+00 5.810665353249483411e-01
-2.691858883276639913e-01 1.633078007608559368e+00
3.705573508541344929e-01 4.814436180297659851e-01
-1.439429343885036516e+00 1.510887393108313326e-01
1.655912079531972891e-01 4.054057489753830623e-01
1.530491682042140367e+00 -1.611332153630651021e-01
-8.926290620237233853e-01 -6.914258611201946625e-01
2.662712485914550675e-01 9.867006364019550446e-01
6.827840639690354596e-01 1.529731564017577927e-01
-5.330278769626533020e-01 2.358345330073412516e+00
1.797335710890327176e+00 -1.412274951579938487e-01
9.475677070685023518e-01 2.638039407788626001e-01
-1.779914527368261945e+00 -1.203487721982331227e+00
1.392744255475731330e-01 -6.443352621195476138e-01
-1.604881035610803863e+00 -3.855071837776826160e-01
-2.929698407278618633e-01 1.042988014611691966e-01
-6.397816624164214261e-01 2.899630177156484745e-01
1.580528923186149237e+00 -3.590551112640530951e-01
-9.170979927381125996e-02 2.408389632982632089e-01
2.457404710010981097e-01 -6.273826279620540181e-01
-2.323466585739004664e-01 -1.107313346943401111e+00
7.646239761961384218e-01 9.685292918325588696e-01
-1.203077382129125322e-01 6.379034103513141485e-01
-1.233831325937281953e+00 4.152997158203421413e-01
4.797404257929687166e-01 7.718530237747578404e-01
-1.504673582436455159e-01 -1.844478391916346327e+00
6.102203357455564525e-01 -1.223521923027933500e+00
-9.360563600635742887e-01 -8.905667358331894601e-01
-1.600625098835175564e+00 6.124889985467171227e-01
-9.887658873762757983e-01 5.996328613144535913e-01
4.340533378755602745e-01 2.166068383571805533e+00
-4.246760256127246613e-02 -1.619587174258821483e+00
-2.635808637715144620e-01 -6.107874457366883059e-01
4.045458766867787714e-01 -6.470950191671349661e-01
-8.168724916373500955e-01 -1.902807363916547700e+00
-1.526821735677810765e-01 6.778888226759568481e-01
-1.137741179626673010e-01 5.949519632061078811e-01
5.337606819374217659e-01 -2.423664628774425400e-01
-2.453601694109125708e-01 -1.992054492804644195e+00
7.162861102217520370e-01 -1.051577099032714235e+00
-2.224798814343049713e-01 -1.265130864950005263e+00
1.230874298046962467e+00 7.120925886638155289e-01
