3.141406686197101839e-01 -9.047072306007952758e-01
1.208831628215432524e-01 5.009463102305403703e-01
-8.686989680848200557e-02 -4.802707650682626062e-01
-9.890008482104336585e-01 1.423278298201897885e+00
1.781916228963356108e+00 5.978459492732813955e-03
1.369976823679404765e+00 4.715100764641474290e-02
5.301036745394789307e-01 1.754284898427858286e+00
3.416266125015824384e-01 7.054921231551034566e-01
-6.937926474351957529e-02 -5.196311411542365866e-01
5.809313035947221149e-01 -4.371821784251825882e-01
-1.472133909386134532e+00 -9.950362916652510936e-01
-7.153337658249906417e-01 1.003320158566626485e+00
-9.218115949607188497e-01 8.108542449783533446e-01
-1.710399670707339892e-01 -2.980355821762595281e-01
4.859637710257008747e-01 1.864533689543458550e+00
1.257730960994110081e+00 2.454148297936809553e-01
-6.026645373544092799e-01 -1.460099691493248197e-01
3.837633417899595500e-02 6.263074968264625841e-01
-7.331651170263684403e-01 -5.345782412255031257e-01
1.611675056055855038e+00 -9.462838014707721790e-01
-2.940615485747359314e-01 -1.169034386151948990e+00
-5.368121325085645212e-01 -3.747003207354583365e-01
-2.264280542981813582e+00 2.710071826238928394e-01
4.014589215648404208e-01 -1.604253238800082970e+00
5.976124907657478363e-02 1.792534695980680270e+00
7.434980168598027961e-02 4.462652148898271776e-02
7.038733339688590940e-01 2.798124650811554259e-01
-8.371759109865326565e-01 -6.325808579543926724e-01
-8.019161193023137402e-02 -1.186216639552213126e+00
2.575575909915010175e+00 -7.163144060585396704e-03
-1.183546767306641323e+00 1.852569137208775363e+00
1.309391567336516848e+00 -7.804452788192848267e-01
4.235676146370012315e-03 1.247613739774438013e-01
-2.287206036565432310e-01 -5.126315220797212913e-01
5.531590124866956337e-01 6.352899092216144350e-01
3.967601851347699049e-01 -7.428027836765270508e-02
-2.740589452232745638e-01 1.297770802344199170e+00
-1.440287579258450856e+00 2.294452664407170772e+00
-2.201936932200091179e-01 -1.767554728191971514e-01
-2.264266057775732865e-01 3.648708963085698920e-01
-1.485395297349451971e+00 1.915938924493018947e+00
-8.100191512275102257e-01 3.569762816479109535e-01
1.334859455512827642e-01 -1.419438575927372270e-01
-2.299601554675495541e-01 2.544186957495400137e+00
-3.483571695792605505e-01 -5.397797021960011321e-01
-8.541396480652910794e-01 -1.467934338898107260e-01
-7.360964093036063138e-01 -1.980868564543236232e+00
1.051728749518043182e+00 -1.266536457448526276e+00
5.318254810023789192e-01 1.235687304274128318e+00
2.144800802052357347e-01 -9.885423623603111221e-01
1.199464724727249632e+00 -1.962530684855825269e+00
-1.386292851074356625e+00 -1.395662617190046584e+00
1.584037658848191032e+00 7.527614899480945532e-01
2.173694443950180966e-01 -4.219097835908764416e-01
5.689711463588334705e-05 -1.738114324410967804e+00
4.727618019711892772e-01 -1.059711804355413012e+00
