-8.228939106332594511e-01 -9.435114804506280484e-01
8.492929104372424209e-01 3.425972947077244452e-02
3.601558427059192713e-01 1.768677934786407668e+00
-3.195778771485191516e-01 -4.382483257985975156e-02
-1.036607087037031194e+00 -1.176739232115061817e+00
7.044609341914732925e-03 -8.197118218393922850e-01
4.285579628181770268e-02 1.032691496969117884e+00
-4.276323967698913986e-01 -1.468978538052611693e+00
-2.884725219344939084e-01 -1.027179087181133044e+00
1.364032313600591850e+00 1.236080864690090708e+00
9.880183158056670134e-01 1.589264734194993256e+00
-1.515997791153438357e+00 6.918735990751196004e-03
6.690492050792221645e-01 -1.669576235659746777e+00
8.512378927816836027e-01 -6.033488555613560900e-01
8.770354129507474950e-01 2.783363854860710362e-01
-5.747774684185530392e-01 -8.431759988069909006e-01
9.829515345518574643e-01 -7.972840325724289690e-01
3.977857917886067907e-01 7.773596534745239595e-01
-9.982489138416971164e-01 1.233081060269656387e-01
-7.239250990011939502e-01 1.904677670886336438e+00
5.481723841621283233e-01 1.043464436381133176e+00
-1.616856982674601539e+00 -1.319293963318617813e+00
-2.416907980345193996e-01 1.186034835240856955e+00
-1.040617946898599461e-01 -1.124525542291239244e+00
2.004773768730426120e+00 -1.540147269469510416e+00
2.768158255302408666e-01 6.861616002299710804e-01
-4.807822878530014499e-02 1.381078461033604654e+00
-1.078561546823540856e-01 -2.845987295467630185e-01
-2.506988819171736271e-02 5.162270425753541225e-01
-5.402238317721141936e-01 -1.622209986378678970e+00
1.291351172824873661e+00 1.066770619996058711e+00
-1.012261139891081213e-01 -1.448483092222782320e-01
-9.889120834062639087e-01 1.807826296196304972e+00
5.569361376669110797e-01 -9.904127522037224907e-01
5.914009926120772365e-01 1.034667388089363538e+00
-1.382987768275531160e+00 4.310236884387673717e-01
1.346262801560031974e+00 -1.768346147435917171e-01
-1.262052253218231668e+00 -7.938500910343485595e-01
3.610128820219893897e-01 1.278605963457735417e-01
1.297884815546586745e+00 -1.286033677764543415e-01
1.428306938242831503e+00 4.739033504563942567e-01
1.251389101143034921e+00 -1.203803735651572060e+00
2.099883921978552559e-01 -8.424001415010230476e-01
-1.146180357559345220e+00 1.249346181772576919e-01
-2.772929007340658725e-01 -1.244272262942912155e+00
1.205540591827718166e-02 7.125391773556877251e-02
-5.272410580593482887e-01 -1.050100633440352205e+00
-2.015639047136415785e-01 6.057215487923974795e-01
7.898771823267787262e-01 1.046831235958831430e+00
-5.425955783321813053e-01 -1.540453444229653891e-02
1.073059606920500481e-01 -1.504147908061644889e+00
3.360749356584188940e-01 6.139770435855077535e-01
4.686031046911814379e-01 -5.648922013665870212e-01
1.130028818129772267e-01 2.035868763976736329e+00
-6.928110911339967481e-01 -4.380876021118572106e-01
6.692604610594823367e-01 4.820129304980066975e-01
