1.096796264957396350e+00 -4.082278129725775973e-01
3.741440863818180640e-01 -5.398144604661513357e-01
-6.349922509433351125e-01 -5.399824555608012666e-01
-5.998214954662369758e-01 2.759530341838002165e+00
-9.239162533467987215e-02 -5.286897037552995560e-01
1.946201043698854827e+00 1.120763346452364972e+00
-1.538033420481177138e-01 5.118636572103578697e-01
8.702361320501458275e-01 1.302511705505714490e+00
2.756851256240779868e-01 -1.564402858713108468e+00
-1.406007784344682987e+00 4.285250580126729880e-01
-1.078836427704060297e+00 1.151764842004255662e+00
-8.077308756767928033e-01 2.191897836191201432e-01
-5.353265945113715868e-02 4.297579089274670139e-01
-5.139225145748094192e-01 -1.261485001283212615e+00
-4.833008293312876513e-01 -7.795878073643222050e-01
-9.972718775921861623e-01 -1.199404626908066263e+00
-3.895362303675135029e-01 -1.296048539357769425e+00
-1.075886214287757658e+00 -3.853840777060938971e-01
1.286647804032139186e+00 1.301278179065668672e+00
-5.521677333281347355e-01 6.869161156583398764e-01
6.678269215137256909e-01 3.486992013217047326e-01
-3.516581698812270562e-01 -1.173581454041078720e+00
-1.830159863577264678e+00 7.882504374876280195e-01
-2.077562401941206005e+00 -1.268707189108524702e-01
-1.315491050014860885e+00 4.603959140365617153e-01
1.465698376553463134e-01 1.136206797824133918e+00
2.117160089764446695e+00 -5.363810883603561397e-01
1.472533636650534827e+00 -6.334699599197635145e-01
-8.045948909865576759e-01 -1.072049106853329548e+00
1.432705861113832579e+00 7.157148395845090993e-01
-3.705900055696000339e-01 7.070339911880954009e-01
-1.857092533414220759e-01 -6.783319392740156939e-01
4.321180489941808811e-02 -1.282883440298678290e-01
2.831208347449595819e-02 -5.402250862550240784e-01
1.110349357565972195e+00 -2.970920523829343463e-01
1.679071536746016835e-01 5.786680073008634850e-02
-8.982078942733289217e-01 -1.036443685255410280e-01
-8.091004202904624742e-01 1.022874851044157873e+00
1.907215050838334092e+00 4.649593577677353928e-01
-3.943087268031137960e-01 -5.319781280500396337e-01
-1.707506627846184566e+00 3.306647809299953500e-01
-3.297002508119472042e-01 7.093698059311437376e-01
-3.531860274136351396e-01 1.339689248129475631e-02
2.843426449946990786e-01 -5.820920793790446135e-01
-4.109983204202906637e-01 -3.317838101565901421e-01
3.630527235111134510e-01 -5.329311947511968794e-01
-6.547751387644918930e-01 -2.059304911190588949e-01
-4.343744509435887996e-02 4.151357916755541444e-01
1.357228122776124035e+00 -9.273848620954300292e-01
1.132217823184642258e+00 -1.454575585812297178e-01
-5.968997043236301536e-01 2.963828132793720482e-01
1.074671614106566669e-01 -3.093357347520044320e-01
-7.043938717354751855e-01 -4.019745687410211099e-01
2.767392242128597357e-01 -1.718679396702560869e+00
7.547082454151160524e-01 -1.128580074313765280e-01
1.077006641200488835e+00 -1.057476374537736907e+00
