2.691244467793585948e-01 1.254248100135327393e+00
-6.781514390395712022e-01 1.073138058208990442e+00
2.456081276687616388e-01 -1.082368452773989215e-01
-9.593121971216299615e-01 8.322667319552246035e-01
2.513273206500002743e+00 -3.733784115376764245e-01
-1.747312758193443116e+00 5.349443657145185327e-01
-1.265429972071256959e+00 -1.152194227238134916e+00
-5.233163374807806578e-01 -1.041537625462200245e-01
4.808923004567811632e-01 5.785218988239679838e-01
5.403701987745126445e-01 -2.127183930921511534e-01
1.086217586022789616e+00 -9.250385692759667267e-01
-1.525297210557796657e-01 2.774199246579915346e-01
-3.396059912731403396e-01 -1.143539826752685951e+00
1.643437609054655635e+00 -1.168726885768714974e+00
-6.892185943156696748e-01 -1.243180024210669643e+00
1.803959393917565768e+00 3.372388241621305238e-01
1.410724671452929568e+00 4.065864809192665796e-01
1.474756556878427105e+00 1.051066416306794205e+00
-3.127430305412407657e-02 1.995493270020505028e+00
-1.247795262670853722e+00 8.600601994476365642e-01
-4.532038185498976635e-01 3.795404660607619718e-01
1.033850436366348546e+00 -7.191433053538152098e-01
4.165540009751396711e-01 1.388366420603299511e+00
-3.485110446432659968e-03 -4.325395824253348565e-01
8.726760693020287896e-01 -1.139591414070057374e+00
-6.036782367513034986e-01 -1.848132287906850468e+00
6.243663264709886640e-01 -1.029829471971697830e+00
6.005028112309225286e-01 -1.409122612546495068e+00
-1.376954974041364743e-01 -2.704843184633312081e-01
-1.718897157895841188e-01 -8.702010474329694434e-01
-1.752438892412919502e+00 1.676950745151619016e+00
5.375462414692639967e-01 -5.730001710856614805e-01
7.473319777051925517e-01 1.437238777280442470e+00
-2.136859546652042141e+00 -1.284124429935826317e+00
1.194414157071636451e+00 -4.459872463081413635e-02
8.971306941572587679e-01 -4.822789236392499568e-01
2.072016526362230604e-01 5.487436372188958522e-02
1.243241030080729725e+00 6.598102382407572408e-01
-9.286994132545020042e-01 -2.146417132066541278e+00
4.297729164259094237e-01 5.963502932959071634e-01
7.780303133014504491e-01 7.567691984585843690e-01
2.939218958335164111e-01 -5.549125175262830112e-01
4.059355839229804586e-01 6.082951517528256691e-01
-2.503806615003340008e-01 -2.663044495821027091e+00
6.201705831186266060e-01 -2.843420690699041131e-01
6.870956779206973675e-01 1.992086697315285759e+00
1.345548171730768461e+00 -3.839883643434724991e-01
4.039670735658056344e-01 3.905176306921178675e-01
-8.628447387751866371e-01 6.994702585451658683e-01
-5.019355971849054354e-01 5.765442188677212254e-01
1.858459365800817720e+00 3.455905190201733479e-01
7.636809750258992668e-01 -1.226605737946554697e+00
-4.685448496953024122e-01 7.370223303038543616e-02
1.576111719925298860e-01 1.787044040979761217e+00
2.963572439953289783e-01 -6.728898055649003007e-01
4.070730169631218698e-01 1.132372992589148364e+00
