-3.986998725203692029e-01 -1.937771764004688535e+00
5.340668465729903058e-02 -3.474326910955486958e-01
-2.228017315815196409e-01 -7.362767228073929804e-01
-1.726788159824251823e+00 -1.299120959787552376e+00
3.061260277612367839e-02 1.076959384981673429e+00
1.024879556357894073e+00 1.395184356512950141e-01
2.239604561699021779e-01 -2.015785189449754711e-01
4.742320003893719660e-01 -1.476298887330226517e+00
-6.678482175962214829e-01 -6.160808173414247246e-01
-7.278463207736326490e-01 -9.781525845001823871e-01
-2.061008035683864481e+00 -2.191006592971149747e+00
-6.232023549429130949e-01 1.245928744505265362e+00
4.710620226477121864e-01 1.124812574191976999e+00
1.408705156483492260e+00 2.726156314621531185e-01
4.100789006093184530e-01 1.349029393905375740e-01
-1.829041198219907571e-01 -1.303850868264935015e+00
-7.424103862962389000e-01 -4.625456491158806416e-01
7.825598547157573970e-01 -1.742940531817325445e+00
-1.037011103107056575e+00 -3.909157126946932737e-01
4.712497832018353594e-01 1.276578742130902444e-01
-9.680317642622101593e-01 2.594008133699658436e-01
-8.193850222215290913e-01 -3.659350590280131543e-01
-1.409072439552907507e+00 2.227938868916548298e-01
-2.695055553305483187e-01 1.405360939139926657e+00
-3.800203789119034337e-01 2.041938220192910602e+00
-3.810718567066929130e-01 1.397297240324123058e+00
5.689260806718382524e-01 -6.253139923887034435e-01
1.657231625757161098e+00 -1.405645963855673530e+00
6.241292178729752615e-01 -1.621567672891191636e+00
-4.293418894133639585e-02 9.155812497179601772e-01
-1.684991368159272085e+00 3.333335987508212472e-01
4.510798305283877374e-01 1.847553796550271132e-01
2.764057399084342559e-01 -5.526768265135946212e-01
-1.106247414514313743e+00 2.002751202435846534e-01
-9.824505644007590632e-01 -7.201827545037737810e-01
3.962774814621886632e-01 -2.059148224777032909e-01
-2.896763737828680352e-01 -1.605220502862658050e+00
-1.235225132317205432e+00 -2.702391334311781690e-01
-8.215523929749725118e-01 1.448348517339861141e+00
-9.177201943327104594e-01 -8.053743315510922818e-01
-1.502333005774737273e+00 1.622086360541800776e+00
-4.060732445700498405e-01 -3.470979619638323022e-01
8.034172334905596013e-01 1.117661932204723874e+00
-4.307386966609385581e-01 -1.278080624530084364e-01
-5.343374720282951795e-01 -5.470708819141428814e-01
1.145949333533160308e+00 -8.334084827372381099e-01
3.349514807092751623e-01 -1.165275834539932331e+00
1.115702556453761263e+00 1.897050645951404713e-01
-5.970245881447401315e-01 -4.309792405354213041e-01
-1.262760100625670123e+00 -1.508337231961666414e-01
-1.996619138020529149e+00 1.378096296890894079e+00
2.279758101055232800e+00 5.735154281107689433e-01
6.368468535386356821e-01 -1.303037991488557035e+00
-6.862501296535639117e-02 -7.485418400937760008e-02
-1.160609331780420694e+00 -6.807582714306815476e-03
-8.923197246284630957e-02 1.832823165735402160e+00
