9.208565298279264288e-01 -7.906653892046743293e-01
1.460636106033494086e-01 3.665702343373625771e-01
-5.337269511870804672e-01 -9.895342853447318676e-01
-1.609461895037183872e-03 8.175516795999588915e-01
-6.063228575692016786e-01 3.616301351391846830e-01
7.244451967536162940e-01 6.509670189374896498e-01
3.575033643525524218e-01 -1.592274564891654087e+00
-2.551787536785333987e+00 -1.613085525209550231e-01
3.173122915305466862e-01 7.752401261244321051e-02
1.163339696146990399e+00 1.581661993039202296e-01
-5.681398334379138548e-01 -2.522976702067400989e-01
5.690434480413947282e-01 1.620001420305016149e+00
-2.489014200259397125e+00 -1.551184492402986503e+00
-2.142868826831032081e+00 1.968346833287036232e-02
5.146381159302850783e-01 -1.919479186745194632e-01
-4.010278173288464587e-01 7.530908644735019308e-01
-3.017906014261063641e-01 1.342131797869300369e+00
-1.176555779410704439e+00 1.942656240295159709e-01
4.278833510307351595e-01 8.949647178600442787e-01
1.218478955147008352e-01 9.198856182460207753e-01
-1.520764040724531252e-01 -6.542386560375781368e-01
3.538118832251924140e-01 -1.531099958508072900e+00
3.520113722615981350e-02 -1.385768071815441926e-01
1.311392196128156495e+00 4.902615730640712544e-01
1.796890752255792645e+00 -1.040578080275728512e+00
-4.397747323784449991e-01 -2.382462564381543080e-01
9.896922602986091277e-01 1.321210758039670585e+00
8.257038933724655250e-01 -4.719621473948296120e-02
-4.427049719814279971e-01 -3.206667487124720828e-01
7.116842850368416684e-01 -8.455231400956056964e-01
-3.509602032449800069e-01 -4.622539048205127066e-01
-6.467449370071448600e-01 -2.093153748829598371e+00
8.180403396071843636e-01 -5.973362694340387247e-01
4.704689143500143667e-01 -3.535613590784963955e-01
-1.013682173447848500e+00 -1.741994187477199807e+00
-1.076178337093381066e+00 1.076601785497935726e+00
-9.971594143013389200e-01 1.413039381941131323e+00
1.270275539578391122e+00 -7.305170828992901821e-01
-8.690148634940642047e-01 7.433755277659248595e-01
-3.103527599817744176e-01 1.683811171992233069e+00
1.887144110588491186e+00 1.302878440898307677e-01
6.304513493703945981e-01 1.406368415689158269e+00
-2.373104803007587416e-01 -1.710944283065037874e+00
1.650663631402965237e+00 2.781103295183958712e-01
8.026815365045316675e-01 -1.020830465454337921e-01
1.147429188531244648e+00 -7.987866345515993727e-01
1.441456355066591977e+00 6.869127009862789623e-02
2.706791979023627226e-01 1.402498723547864312e+00
-1.240181126163978798e+00 -5.120733615659729399e-01
4.752231686612156114e-01 -7.455604731204424906e-01
1.214024211900237571e+00 -5.872935359223905305e-01
1.141148894138604541e+00 1.295141365384143706e+00
-3.786082281813663020e-01 -4.769138576878017011e-01
8.970612776438927627e-01 -5.244355227790671314e-01
-6.331310674714446529e-01 -1.336518400894841196e+00
-6.898570650471013144e-01 1.104441131514219521e+00
