-1.136288353605153373e-01 -1.714145798589378766e-01
2.697077605816958989e+00 -1.436994260515876309e+00
-9.009077188717875551e-01 5.540991473236592801e-01
1.240921863160273197e+00 6.563490390276170983e-01
9.108841024326977953e-01 2.235415897960792986e-01
5.691664117154136004e-01 -1.190169879310342571e+00
1.086979355268482689e-01 -2.744400769161450260e-01
1.847196467498350980e+00 -1.825550644091689989e+00
2.038943276932314863e-01 9.623436078381863990e-01
1.970975027231450127e+00 -7.776000929466552192e-01
3.755524778119399137e-02 -7.064848620714999639e-01
-2.354135554385273998e+00 -3.055156302555662728e-01
4.450642424706794387e-01 2.273617461068212497e-01
-2.037465466766348043e-01 -1.115822965257823762e+00
1.561867705426485398e-01 7.377223427783183851e-01
-2.495997629014688746e-01 9.454701737939489314e-01
-1.266178794051797896e+00 1.171645711163779913e+00
5.223807454789246574e-01 -1.712032987080979174e-01
-4.689238096415759838e-01 4.190369420354524144e-02
-2.724395903490139381e-01 -2.613065425861150981e+00
-6.521795796462881434e-01 5.773273665757447937e-01
-2.451186360874166303e-01 -1.491014482521852424e-01
-6.018652235397687900e-01 -5.605464792830797821e-02
5.166345220482535527e-01 -5.641987344158422291e-01
-1.361054809376285091e+00 4.348627488650497197e-01
-4.475364952221346782e-01 -9.867170996094373203e-01
6.787381897889960269e-01 1.139570268099049377e+00
8.075468762152845370e-01 -3.878969468515433006e-01
-1.546828472513540831e+00 8.207514475971273704e-01
-3.427039388159310862e-01 -1.778622676583715645e+00
-1.860470431109131351e-01 -4.004193739089456083e-01
4.153187259546362586e-01 1.545428108324990446e-01
-2.113605099335783333e+00 1.534999076220502634e-01
1.433203017795715128e+00 -9.762150151632602579e-01
1.531291881706599689e+00 -1.740890627336070695e+00
-9.431074805614354517e-01 -1.147988684369824486e-01
-2.436653848407634437e-01 -1.158483694738006026e-01
1.918251027230948091e+00 1.595110670665998320e+00
-6.168177300335857538e-01 1.475646473425012983e+00
-6.128515066979762782e-01 -1.926491994829518717e+00
-6.485025927842418270e-01 -1.951811672745345394e+00
-5.352034865111096051e-01 -1.631249473969974106e+00
-1.418428577272765057e-01 5.786566756762210328e-01
-5.513020971419043681e-01 5.742425413568883474e-01
-1.303418247428681509e+00 5.437305617155157034e-01
-7.419994936152826126e-01 -1.679819039268534153e-01
-1.439094788796207169e-01 -1.251995243374019351e+00
1.644102450713215702e-01 -1.201060482498177873e+00
-1.111014754325424791e-01 -1.043913516249594942e+00
4.356176825774991102e-01 -4.331949468293689320e-01
2.672304364390994946e-01 -8.893758556836016682e-01
1.181995369949945474e+00 -1.101194336236535759e-01
-3.420005467737309957e+00 -8.967990902306944845e-01
1.682985039786592862e+00 -4.347738523959733259e-01
2.451457749123150676e-01 -3.786531440637542351e-02
-8.381329198227203126e-01 1.242762526196807604e+00
