-6.954692909520815425e-01 6.736524930773341024e-01
-1.173522518033508932e+00 8.714922036838589348e-01
-8.456467752138056015e-01 1.982774614873433483e-01
-1.388146461376337681e+00 2.418516223835820877e+00
3.887328823759775287e-01 2.451344336142642077e-01
2.163729794987163668e+00 3.568720420237518343e-01
1.243521159989910307e+00 6.472178360709615053e-01
1.178911522164135306e+00 -1.168435186082130262e+00
-1.124045656640408897e+00 5.849195876789244908e-01
-2.546005701435741231e-02 1.969681565136252310e-01
-6.103784389020191353e-02 8.094875480212013752e-01
1.613411703546973719e+00 2.702212482887056400e-01
2.196485720295530353e+00 2.698923782012613293e-01
-6.795256468696069252e-01 -5.567852066479933582e-01
-8.927596189971732654e-01 -1.908924406786760786e+00
-9.799859409638889129e-01 6.738849570862153193e-01
1.958880095640533225e+00 -1.659154948850711797e-01
1.471693595234291330e+00 -1.100028269500983313e+00
-9.996547124629220904e-02 4.016944660546179491e-01
4.543345826370471241e-01 9.558109716756978125e-02
-7.819789266334121747e-01 -1.409292496591579402e+00
-1.343494942490511823e+00 1.362828575723365354e+00
-3.112843995470641612e-01 -5.128001633540135717e-01
-3.975542214137234298e-01 1.726504324423587367e+00
-3.527603578022341924e-01 -2.362310640492697011e+00
-1.229511795113890305e+00 -1.407272782803542288e+00
6.238629030870156411e-01 -9.054467700806905217e-01
4.269382566995783002e-02 3.043606959017930436e-01
4.255363042236180726e-02 1.617927746714036719e+00
-5.816043348381515488e-01 7.473275330132567174e-01
-1.178771431980261575e+00 -1.586568568445240190e-01
8.243609160911904432e-01 2.224244189893189727e-01
-7.981657229794620889e-01 -1.504983660665814293e-01
-3.687698327559641442e-01 1.397515950223850778e+00
-5.375222252877228518e-02 -7.594530078319310373e-01
2.307853949478960998e-01 1.649434033765715846e+00
1.591346857419808192e+00 -1.144533633632742076e+00
-1.109225568152925723e+00 5.180000059279668001e-01
9.868337370053891222e-01 -4.296551549013899463e-01
3.177433049718525471e-01 7.630170956571580287e-01
-1.019498112799200662e+00 6.701271692387087420e-01
5.891689248634970899e-02 9.609609788687708543e-01
-4.212381481149956586e-01 8.977441799946677126e-01
5.868436895886135485e-01 5.016604243284224218e-02
2.800858946346805323e-01 -2.491195297763902292e-02
8.132984158842383460e-01 -3.102722367258130554e-01
-3.652391662283963614e-01 1.178253324661352242e+00
1.756359847865508250e+00 3.970450952676640166e-01
6.708897350760250067e-01 -9.591239101256586741e-01
-3.361589248619743509e-01 9.128917448879472207e-01
-3.714679663624481099e-01 4.312552404277384399e-01
6.130503467343094426e-02 1.031790961057272860e+00
-1.089908732187073515e+00 -5.863647428650161642e-01
-9.125471395677724473e-01 -1.366427688805785939e-02
2.031036187066924126e-01 2.867541871175523505e-01
1.754942183559525248e-01 -2.495013367449304756e-02
