3.971134114476362886e-02 -1.322710803952609648e+00
-1.543287083531346138e-01 -4.726838931452905235e-01
-1.046060539779671839e+00 -9.621155916050017076e-02
1.194942191060103243e+00 2.147669437423493921e+00
-9.950687711100134614e-01 1.783004798761004484e+00
1.068093355814667911e+00 -9.007254597297417731e-02
8.670817059218430822e-01 -4.915048031779907789e-01
6.349334759389532179e-01 6.220510586793954327e-02
2.581799860122093726e-01 1.862878303326297225e+00
9.025285060718133412e-01 -5.019456370308933435e-01
2.694248184072845498e-01 1.717348450672623539e+00
-1.092270818394797560e+00 1.797196753839513383e-01
-4.318316376162108505e-01 5.869593902592853268e-02
2.040492139091422963e-01 -5.081299430043392240e-01
2.444280825263144052e+00 1.874129027613131271e+00
-6.927488386715303648e-01 -3.422876601250550155e-01
-8.666339799512003117e-02 -1.203898545857189140e+00
5.199279381759883689e-01 -1.081858351761670667e+00
1.421336800968949765e-01 5.318197099619431656e-01
6.854115428746027083e-01 -9.356297448833397201e-01
-1.356845674677652269e+00 1.988436781773550655e+00
1.196815659906902196e+00 1.116023274089392947e+00
2.670165605091822325e+00 2.683584445139132191e-01
-1.212390487340793827e-01 1.750229880444776065e-01
2.318567738853035964e-01 -1.472149115702596767e+00
6.828281842096504128e-01 -3.273960298636490740e-01
-1.385173371893469563e+00 -2.404563501047260576e+00
6.286466326718873621e-01 -2.312658577144172778e+00
6.584354168600931034e-01 2.426666081395686625e+00
7.815243573796176735e-02 2.131820231907756713e-01
2.588125587483164902e-01 6.022560556972698098e-01
-2.129120603021019964e-01 2.142310260187386128e-01
-1.062303344391532400e+00 -1.584984078282080322e+00
1.649871438797133161e+00 9.095684345761219092e-01
-1.134629296721168412e+00 -2.201885712115573823e-01
9.029379447945881099e-01 -6.028380596389454338e-01
1.966964350153279195e+00 1.695272366030582678e-01
1.072132985683723394e+00 1.040401769886201810e+00
-1.263340633409750557e+00 -3.173988622278862692e-01
-5.745234549167612670e-01 2.326601357462949327e-01
1.695647355273160573e+00 2.399215708906009326e+00
4.537086945010409544e-01 4.120357996449500737e-01
-8.816717645610422371e-01 -1.865791230969971182e-01
-1.092055395839907073e+00 3.616512957818383001e-01
2.188179683065213599e+00 -8.522970633967700271e-01
2.964810228516747137e-01 -9.215668115107782388e-01
-1.733671030698894500e+00 -6.029277596609030621e-01
-1.774766263552435053e+00 -1.576310044798850118e-01
9.777281455579589498e-01 4.451289782477897694e-02
-7.343118310505583057e-01 -8.360088804379230965e-01
1.115939485836189737e+00 1.880016925590307364e-01
-9.425567717895555475e-01 -4.330533595474972963e-01
-1.089880767286595553e+00 -1.006482321358081133e+00
-1.155656163994022156e-01 -1.270436402306578172e+00
3.591261889740027247e-01 -1.476665949512359077e+00
7.096668130909703498e-01 -4.386592251728111402e-01
