-2.549674097352281898e-01 -1.182419415114749350e-01
-4.804753126712133504e-01 1.312340504917676176e+00
1.738284748842424954e-01 -7.688904566878300706e-01
-1.057227585107722412e+00 1.638695658236725139e+00
-3.377614318620297817e-01 8.217006945659521833e-01
1.923768172438790613e-01 -4.002799679281214273e-01
2.543267144343606123e-01 1.543878476723428594e+00
-2.372368106001125909e+00 1.085735270218360693e+00
-5.618442710783067007e-01 -1.392919052941703484e+00
-7.378708882407215564e-01 8.418508727591622609e-01
-3.051126505670475053e-01 -1.203664324620088877e+00
-1.237867322045015595e+00 6.461636163640627206e-01
-9.917468110322699149e-01 2.558394497524277278e-01
-3.487183872475257407e-01 -1.848010923848885323e+00
3.457088803462480264e-01 -7.043912412316684080e-01
2.125120845962427563e+00 -4.872654630388957298e-01
-1.273427789692900047e+00 -1.007717271986537488e+00
1.149208741203063683e-01 3.037587595312568389e+00
-6.099186164008256750e-01 -8.820246548086165816e-01
3.234434887251550483e-01 -1.139348845004039434e+00
7.101225768754032552e-01 1.639898633867960642e+00
2.495371596932245140e-01 8.307489919482262675e-01
4.423438147697716233e-02 7.935385011200789540e-01
-3.312037009005625032e-01 -8.461762741013777178e-02
5.983147364291574455e-01 2.105249801724896397e+00
-1.489672512003812344e+00 7.002514656516994895e-01
-9.998947081628244138e-02 -2.248972155318175403e+00
-6.011046144222422782e-01 -9.639554410584473543e-02
2.289593787270304825e-01 -2.038825927922945092e-01
-1.505817350482826056e+00 -1.733095016981379022e+00
1.069115397222985958e-01 -1.197579463447776105e+00
3.269116159921811593e-01 5.456313361356420755e-01
-1.092709970631184691e+00 1.182919796687627700e+00
-3.693421013030322997e-01 -3.588642230709487846e-01
1.090683941938486390e+00 1.562065731586265604e+00
2.567160123799914762e-01 -6.116624164340637299e-02
-9.516012094983447023e-01 1.764942659960998750e+00
-7.676693799503583326e-01 -7.005984673964903431e-01
-4.284137886502917270e-01 -1.119922607897009051e-02
9.173714898767235670e-01 8.009320605862145781e-01
3.006801577476791443e-01 -1.933194678746424700e+00
1.649158181439692061e+00 -4.695238679801124748e-01
-5.709295045325839535e-01 -1.636487115223274058e-01
-1.723784548369425851e+00 -3.505733111103573330e-01
1.996298304710492522e+00 2.278024440487090851e-01
2.972047678637940726e-01 1.157471461428671189e+00
8.191042542782384084e-01 1.375448148084538857e+00
1.051575365468639056e+00 -3.681094092043434851e-01
-2.166095567912141029e-01 1.105956227870044550e+00
6.272069146179516663e-02 8.430899791485606531e-01
2.176409612849063091e+00 -6.898539760799466958e-01
2.251979888869870272e-01 6.253750277260324841e-01
-1.268883653521261090e-01 -9.528401239633544906e-01
9.189684266562081483e-01 2.275350423665789268e-01
2.727394477014015162e-01 -1.449188605566867682e+00
7.999551574156759104e-01 1.087775001085367066e+00
