-8.281442935645842995e-01 1.358979604430494981e-01
-1.308791629427169978e+00 7.573654872078016131e-01
5.990964315455440392e-01 -6.644573953397475696e-01
-6.346292336899107545e-01 4.150510302995601419e-01
-1.281194658551549903e+00 2.222845502547912133e+00
1.292855554992635270e+00 2.953553739135276329e-02
2.195498213080705752e-01 7.978373754080589908e-01
-5.775726661329600997e-01 9.297063213684775285e-01
-1.499335032857689542e+00 -4.029573239913173399e-01
7.714133864395555928e-01 -1.329268521612606335e+00
-1.433547848363321497e+00 1.047867725553487117e-01
-1.794862450937949050e-01 9.408320398322425060e-01
1.122825950871310763e+00 -6.024398243480859616e-01
1.521286336510839110e+00 -1.296973951483558540e+00
6.865362281602354066e-01 -9.532609264550438999e-01
-4.863464470747321244e-01 -2.841753772599888705e-01
1.013770132043646521e+00 -5.819930561814826708e-01
-8.153758273050437655e-01 -4.748003723742602600e-01
1.767833349075733917e-01 3.887056217594568319e-01
-1.491784381284029903e+00 -1.646119613964012629e+00
-7.411942116704648420e-01 -1.249375713248543462e+00
6.802197619569825271e-01 -1.052584360109627859e+00
-1.938697109072781810e+00 -6.732967927957321796e-01
1.745293898453696313e+00 -1.023483347495948825e+00
-1.972807542031120409e+00 -3.901829060301044705e-01
-4.117005930563260030e-01 1.704394852570362939e+00
-3.851779627629937641e-01 -4.073245550534178583e-01
4.736683501729790358e-01 -1.700486635436433636e+00
-3.276057486444617250e+00 7.939827091572250195e-01
-5.109118373593810741e-02 -2.464694092779130263e-01
1.778897439020418192e+00 -1.188124446795296718e+00
-6.486226234388154932e-01 9.350537928443904134e-02
-2.170595117435199395e+00 -3.538973978610903681e-01
-2.243625882701017760e-01 -6.156630012301697041e-01
1.074926916922843735e-02 -5.017643721938447321e-01
4.574010135639389740e-01 -6.341665245527799977e-01
-9.147613778581348276e-01 3.126784122444536962e-02
8.889297334615957613e-01 -6.031328207475099568e-01
2.184210305955687659e+00 -2.872692462647137568e-02
-2.504883170812702620e+00 -6.240230709656028329e-01
-1.416134369889741285e+00 3.642717290269836816e-01
5.849645582421727497e-01 -6.666849658386728716e-01
-5.271833341533008754e-01 -5.297764939450667621e-01
5.070589564363783275e-01 4.383543868446565517e-01
-8.957495087020125313e-01 7.087432351205472658e-01
9.097737960757131814e-01 6.203324747124863703e-02
1.701242242697195373e+00 -2.607868287981022770e-01
3.299838723836364118e-01 -1.453705447141572016e+00
-7.131879374951063943e-02 2.230618084677354229e+00
6.742479891517315638e-01 3.696872789515224245e-01
4.337114707957574478e-01 1.986784809498575388e+00
2.219913356090390089e+00 -3.903827214043931737e-01
1.219303965501910891e+00 1.682569188025902607e+00
-1.281131996433275688e+00 -1.207568250769562201e+00
1.092273650853686551e+00 -6.190275029371522519e-01
-4.266733956754888979e-01 1.159211753176281112e+00
