9.095267983995212191e-01 -2.389726967057073104e+00
-1.133337041892598096e-01 3.683979613207645221e-01
-1.450605129806471771e-01 -7.018934281178267343e-01
-4.097993270490507545e-01 -8.983368335232788660e-01
-6.007300566093196764e-02 8.315597076535831411e-02
1.997226106677188195e-01 -2.530608993970722698e-01
1.242771785623332903e+00 -4.606524167896197675e-01
4.001477528045710441e-02 -1.490413460865856576e+00
-5.836369403527645883e-01 6.547959538890196773e-01
4.156683454136844702e-01 1.944170614270561481e+00
1.536931028886351636e-01 6.482921415129803966e-02
9.630770627491619384e-01 2.715536673060642503e+00
2.249778409973971771e-01 -6.665831791042595711e-01
-1.301323857136635898e+00 3.366083745729117060e-01
8.403218713737569123e-01 -1.758451962224207854e+00
6.440600942762831904e-01 -3.718538606518001499e-01
1.382492125558429930e+00 4.608224318569731914e-01
-2.844454547947930512e-01 9.466669950351545015e-01
-3.133361963822747231e-01 1.088661889776652014e+00
1.649018153733563807e-01 2.398367866262653691e-01
-4.573577245873824970e-01 -1.123777511234006266e+00
-9.894956581025694531e-01 -7.149646593982554865e-01
-8.742426525352093858e-01 -2.897881761342282925e+00
1.718865887691549688e+00 -9.328066500812086381e-02
5.871389805485538460e-01 -1.392681852985916846e+00
-8.015778607760650765e-01 8.538273517636020271e-01
1.018394553623258147e+00 6.429495239994694744e-01
6.600245317869299910e-01 4.106521994807432741e-02
2.462799426886043419e-01 -1.924672311734604735e+00
-1.858911505465620229e+00 -2.718599967351508218e-01
-4.081514076775811239e-01 -4.966952795009509369e-01
2.228790331582012563e+00 9.150363682991627945e-01
-4.996906839777016662e-01 -9.538265650792577821e-01
8.025857251044155038e-01 -4.756198078700467069e-01
6.139267586753266448e-01 8.062748643314465724e-02
4.124646736129502361e-02 -1.748178132635884063e+00
3.952119091009081431e-01 -1.494253355632990665e-01
2.262943630852631005e-01 1.801952335462882360e+00
-3.834849226155976898e-01 -6.780206460637182575e-01
-5.241003547718398048e-01 -6.522895895279489098e-01
-9.413687593844710655e-02 -1.965126139979808118e-01
-1.318941766259587256e+00 -7.274697592335569452e-01
2.932042079310078764e-01 -1.611415552176959531e+00
-2.504905527804175969e-01 7.121936312271955893e-01
-7.648709847168317921e-01 1.098893078072581853e+00
-1.407257922052949306e+00 -1.332412382875304058e+00
1.409683460232606378e-01 2.669694438866159647e+00
-1.892512136738182082e+00 6.345821519202008432e-01
-7.732189779183197553e-02 6.509840515861899102e-02
-2.003991865231363967e+00 -2.229533300156054942e-01
9.395267366539687970e-01 4.008623100647568660e-01
1.172472229298840096e+00 3.885622918639766721e-01
-2.989717694971610537e-02 -3.421884752775014582e-01
1.222701601768116486e+00 -1.804881003562109898e+00
-4.917411482426261582e-01 -3.949486616002133021e-01
-1.299124186280661508e+00 -1.565020307215589712e+00
