-5.302229450654797338e-01 -2.110857140292808687e+00
-5.200375056026010911e-01 2.802773106988298846e-01
-7.238347886476996507e-02 -3.362807040638320366e-01
1.155217904406299567e+00 1.732885341990179073e+00
1.981792810327683840e+00 8.421021625516842413e-01
6.054795242272950073e-01 -8.187889834631545405e-01
7.722556486598782799e-01 -3.764408575794169765e-01
-1.202812028222495000e+00 -2.587689895955517239e-01
-4.592064779444823830e-01 -1.589172552181747355e-01
-1.211929132754789029e-01 -6.468315974922530520e-01
-4.539222583837074221e-01 1.337710423156014627e+00
-4.247021438290223272e-01 -7.329931699747658236e-01
-2.389165782096303592e-01 -4.020473374265765010e-02
-7.087732821952533735e-01 -4.269654223067578802e-01
-6.309153738502748521e-01 -6.085243471792839420e-01
-1.965166848745052430e-01 2.230244906375533631e+00
1.588928373654374671e-01 7.425757959962738797e-01
1.134629468352345238e+00 -1.591189317975145290e+00
-4.960140618591082351e-01 -1.035736797191754155e+00
-1.300854230821645752e+00 2.540476010369160931e-01
-3.432300892701017903e-01 8.667736953680605927e-01
-8.518408724650105013e-01 -5.862937622093907786e-01
-8.368357281547043058e-01 -7.245360378848056948e-01
8.423934677510064306e-01 -4.557734031174600076e-01
1.193096686662677097e+00 2.748458323556073335e-01
1.898404102123032011e+00 3.981617082556367371e-01
1.402572550234806759e+00 1.300280653647540030e-01
-6.590935973567509931e-01 1.951470146021493823e+00
-1.669941954043130117e-01 -1.814559242803772232e+00
-3.190040015298015175e-01 -3.648419738674454349e-01
3.019767233785486948e-01 8.825432279461155050e-01
-1.738313898184578710e+00 -5.218624350725789007e-01
8.073420205720314158e-01 7.366865515923174401e-01
1.238549362208581694e+00 -9.414178357814921849e-01
-8.878818578390340610e-01 -4.202280672291970332e-01
-9.533425814381076835e-01 -9.792477546350220052e-01
4.019449192088674350e-01 1.458196669756990638e-01
8.539455185470820053e-01 -3.979969661810056070e-01
2.023140071604776213e-01 -1.362501814391663957e-01
-4.326300224520934767e-01 -8.125437691308341481e-01
1.625616031002952155e+00 -5.449954141699706600e-01
-1.049230855553518804e+00 9.722796785576495182e-01
5.281891893327672616e-01 1.494248124238539255e+00
3.228202726449421744e-01 3.823679965535348169e-01
1.764319781138059540e+00 6.161442726284060978e-01
6.858884278509427279e-01 -5.134532406383016667e-01
5.477278835715349015e-01 1.396342620737391238e+00
6.646655893105531815e-03 7.592144576849484405e-01
-2.224123324479012481e-02 3.704613424601917449e-01
1.842995029222435077e+00 2.429141308042232494e-01
-1.395420966126603192e-02 -3.876608942143179859e-01
-1.248920610282044652e-01 -1.018732817412995484e+00
-7.861696634331011291e-01 -3.046239967535133708e+00
-1.754287899399608275e+00 1.265993662212454351e+00
-1.765484005368813447e+00 -7.349580964469882849e-01
-9.756137843665581011e-01 1.462045175994628243e+00
