8.098118392893917106e-01 9.693792445959702464e-01
-1.893970102677841494e+00 8.810722863173117148e-01
-1.927274412645435087e+00 8.959580910968910628e-01
-3.627149864256165590e-01 -3.821747366195321072e-01
2.792419607217373478e-01 -1.066375429115860918e+00
-1.282931446888828431e+00 -1.529035485769363219e-02
6.721833086743386199e-01 6.250200551845905839e-01
1.439726028669062741e+00 7.594488622217371310e-01
1.066526538029911153e+00 -5.617835422176320481e-01
-6.364607039736310812e-01 -4.345768932733430345e-01
-5.146225431034260334e-01 -2.337006186889470719e-02
-1.027442273967606123e+00 3.936857354563683131e-01
1.590517352360262038e+00 -1.092587225814394547e-01
2.168211222980592989e+00 6.813390456977496124e-01
-1.710854769810370657e+00 -1.518629520558605117e+00
1.653843500233727948e+00 -1.543795937139623708e-01
-1.205104815820429609e+00 5.469083052970854508e-01
8.930338080816636603e-01 2.151387510840674366e+00
5.500407521227445029e-01 -8.208718617913363103e-03
9.592801022478394390e-01 1.336816728045828739e+00
1.320630461523546018e+00 -9.862989198550803360e-01
9.226359643136422539e-01 6.999512219025720849e-01
1.625781770991691966e+00 -4.474319098792738925e-01
1.211901873544231067e+00 -1.027276595182544439e+00
-6.653006157927041642e-01 -2.433593134242131306e+00
-5.536124972836132807e-01 9.922500546655540488e-01
8.464412961138197966e-01 -5.225236516989977265e-01
-6.225064181825406412e-02 -8.429522341417322595e-01
2.099936911409149287e-01 2.133405325096876248e-01
4.242575318012039576e-01 9.539974834306395035e-01
-2.365219658874772701e+00 -2.078740555979783633e-01
-1.481493690315702549e+00 -7.070807583757110493e-01
6.757703090752621433e-01 2.867126169938710722e-01
2.543014113960411215e-01 -3.417200574623842635e-01
-1.080781296129264879e+00 1.543320953794001138e+00
2.222597287175555672e-02 -3.036097979855877371e-01
-1.992819361388867394e+00 -1.480821790645641345e+00
1.256930001236334082e-01 -9.485535685935769790e-01
-2.501120763458152041e+00 8.168471833362003220e-01
-7.732765138519652748e-01 -1.276649280395983688e+00
-1.362158349629957466e-01 -5.846528943990862981e-01
2.845920004690720775e-02 6.836461785511003253e-01
1.114655202573063608e+00 8.928197998884077613e-01
-4.032464163120344502e-01 2.347591763019402755e+00
-4.186273083951041474e-01 -2.607167926879247477e-01
-1.135746005771388761e-01 -1.414200891749184619e+00
-1.543025265870691776e+00 1.948812004698204925e+00
1.012799689310510454e+00 1.305847325185451435e+00
1.766638313707217800e-01 2.838774852011496375e+00
2.066786332201725696e+00 1.427391242538474381e-01
1.341777673152751760e+00 1.496448900426729511e-01
3.931237598759065310e-01 3.866093849668676974e-01
-8.795462830543565591e-01 -7.097560535483128374e-01
-9.007375028874144984e-01 -5.214331520649601037e-01
-2.896163958220557277e-01 5.345699641900348853e-01
-3.351183082759769116e-02 1.432381071520242855e-01
