-1.040430250924115674e+00 -8.332400488520561588e-01
1.405829761003715372e+00 -1.633390876521266133e+00
5.090718462008974043e-01 -1.061192758840606931e+00
1.372147805238331797e+00 -5.007954108746581756e-01
6.083565246075670618e-01 -1.551842811735961725e+00
-8.231688344812119196e-01 -1.800417027068109410e-01
-1.017934042438078501e+00 -2.172465753278463030e+00
-6.643377503891240154e-01 -1.999511466737862175e-01
1.853965267582595278e+00 -6.259366924344957062e-02
2.390560018507217610e-01 -9.943137369138502213e-02
4.153930805217413008e-02 1.380651229576363992e+00
1.750325030510631319e-01 -1.898628610317453225e-01
-6.602299228667105613e-01 1.052039759719327616e+00
8.313793957064198326e-01 -1.173642561844496557e+00
2.213217292232614319e-01 -9.148777476637379169e-02
7.833361167596415431e-01 9.066036163918265167e-01
-2.963780937794666670e-01 -2.460973338290647627e-01
-1.916107942266134900e+00 -9.486348568852939200e-01
-1.109642043441418480e+00 -1.705295579613703982e-01
1.032267045821643858e+00 1.179045470663018014e+00
-4.000262302818743398e-01 -5.904187643461334956e-01
-3.941277188295367329e-01 -7.665861314176327657e-01
-7.319214023225385501e-01 1.608676080190719893e-01
3.186880993510232130e-01 2.633851259407149481e-01
-5.206714313937803595e-01 -2.045642248481979730e-01
1.028531549557011537e+00 -9.695032398309917365e-01
3.057718545175783231e-01 9.969898564638215444e-01
1.358132055993483411e-01 4.541809389423436261e-01
-3.476150244752496676e-01 -9.304194412730157904e-01
-5.154875537321022827e-02 -6.435934956357837189e-01
-1.279542761351337932e+00 -6.531595381821185820e-01
6.213578306594774725e-01 8.380014615152318047e-01
-9.673357684694265934e-01 -6.907740520356906444e-01
-6.055311722451768575e-02 -1.129124860841387856e-01
-5.417705476202695769e-02 -5.932613917551876614e-01
-9.892861182842952461e-01 2.784195139923987816e-01
-1.330474333944522192e+00 3.342323476967955509e-01
5.156150605630676065e-01 -8.724136713998664749e-02
-1.405251250741561320e+00 -4.173189543799744050e-01
-1.388556016773551782e+00 3.798355260925741494e-01
-7.134500303985189529e-01 -2.549242446635308745e+00
-3.634676698388132343e-01 8.949215774937626655e-01
6.754893861134518840e-01 5.971931501351773752e-01
3.970481277045203594e-01 -1.904292503322015495e+00
-1.378275422970240527e+00 -7.934429806284967190e-01
-1.829551006368487442e+00 -4.016421859730700539e-01
-6.542076332916612058e-01 -5.873553716002717640e-02
6.128244067704116116e-01 -1.203425865159189589e+00
2.711666657191028618e-01 -1.126338096910146414e+00
9.074206724752184039e-01 2.223295759775122615e+00
-6.732745792096332949e-01 -2.234712889409614170e-02
-1.308082946407292724e+00 -1.782956866048494682e+00
6.179207025251959307e-01 -6.160142005875106630e-01
-3.116519921174546459e-01 -3.373341234021594998e-02
-1.894211629029997512e+00 -1.221933332127440153e+00
1.373899277156561016e+00 1.409725700553223104e+00
