5.325823939081393565e-02 -1.390853766186127549e-01
-6.079139949093097517e-01 -1.891335312594816909e+00
-6.765325567349194102e-01 1.727219352593285739e+00
-6.981203959119254288e-01 -1.260838905695247592e+00
1.172932237703562530e-01 9.522327067613886031e-01
1.061566345254821853e-02 -1.316477145492700451e+00
7.224196080906636341e-01 -2.786295325252058711e-02
-3.261562103906100463e-01 -2.854874367403251179e-01
1.458643012563284991e+00 4.952842632587361460e-01
4.208347581698660411e-01 2.145658689750958192e+00
-5.236351213038736852e-01 2.664954045133818283e-01
7.848081783743020567e-01 -1.517306858233840927e+00
2.109643560506676341e+00 -9.193317047200991188e-02
1.256134209100101540e-01 -1.502031401668981525e+00
-4.465993875282797676e-01 -8.195553128159750733e-02
-5.592783185125345113e-01 3.499656518161548546e-01
-8.875751076891253977e-01 1.312499079080104769e+00
-1.385536870150269717e+00 6.201672044470756678e-02
-9.264712582068008739e-01 -2.171209190246260190e-01
3.183536230686067614e-01 -6.986780385925593639e-02
9.499682442429219220e-01 -2.379088632487520449e+00
8.506224391609770175e-01 -1.552469478195163677e-01
-2.864585257655824169e+00 -1.235164593207943140e+00
1.608326951189411463e-02 -6.388573326492194004e-01
1.599490844793681754e-01 1.341290941987284935e+00
3.802588455806874546e-01 -3.706983447723202763e-02
-6.485591829555271692e-01 -5.208186629524288458e-01
7.253903713776211903e-01 -1.497877644639676875e+00
-1.330572114167737574e+00 -3.860494628733817518e-02
-1.946703795808138737e-01 -1.131306210911497079e+00
1.525108176886459610e+00 -7.748026877604121676e-01
2.703980449302948452e-01 1.196633002692291781e+00
-4.355452739559922417e-04 1.882862080945740590e+00
-1.850020314791200660e+00 3.564164462345914552e-01
-1.023813077178594044e+00 1.002657888864406432e+00
-2.212152898627930409e-01 -9.732958677399851100e-01
-1.159379702776291293e-01 -3.018733118610614774e-01
1.264040404198971235e+00 -4.416435085440127417e-01
-6.439858939008061833e-01 -2.286586103772174638e+00
-3.537314127450638668e-01 -1.014583162271103900e+00
-1.887889882149807130e+00 -3.848958751782702858e-01
-3.460573177232461051e-01 -2.513820351152084576e-01
3.126776609050962996e-01 -5.707855242145649655e-01
4.011548124194441040e-02 -1.308796101994417649e+00
3.739397632506543667e-01 -1.151044085055648314e-01
1.395209169447751349e-02 2.569317375973611206e+00
6.980606095126148380e-01 3.716519770828506652e-02
1.553266046837599168e+00 -4.734583003987177241e-01
7.103257265513789331e-01 -7.742258596167000961e-01
-3.562936159804537539e-02 -4.076769439510794998e-03
8.160534562701314554e-02 1.272893208728298697e+00
1.998283003454652373e+00 8.966884812073047106e-01
1.303477801520845247e+00 -7.192880697960527536e-01
1.902526301079056625e-01 2.136725689839354680e-01
9.508756522087490337e-01 6.492917382533363035e-01
-1.768872269122520324e-01 9.985054330822684676e-01
