-3.912371060480276941e-01 -3.947791249005868641e-01
-2.365812995825330223e+00 5.635621026965247360e-01
-2.620352370425150790e-01 3.546727857588075072e-01
3.393292587248515901e-01 4.246367311380035425e-01
8.472682810347315074e-01 -5.809741606091257671e-01
1.126679333797221183e+00 2.134773909416315174e+00
2.272304724144008414e+00 -2.006441374393019006e-01
-7.498752010570949311e-01 5.330063526582232702e-01
-5.974374859071702737e-01 1.473443290586744947e+00
5.221145852578188418e-01 2.399018774470287646e-04
1.138294645309897879e+00 -1.488471867712771513e+00
1.054516285067642750e-01 7.064487270890640325e-01
-1.025440238989840935e+00 9.024679202212664286e-01
-5.327726749676994777e-02 1.088768468180417899e-02
2.954078999697224428e-01 -4.385092451604835628e-01
-9.123110222157396754e-01 -8.403904229870861053e-01
3.637859137872896942e-01 3.512983484793040234e-01
-1.939697588422133689e+00 -8.212382214592962582e-01
-1.802336780481786915e+00 -3.914807643255373004e-01
3.267652375136171905e-01 1.135438200267136377e+00
-1.286732110477095459e+00 3.951482897632473401e-01
-1.648995022933070986e+00 4.760951219193021999e-01
-5.050233101204778530e-01 6.786858212402224755e-01
2.392567523682972708e-01 9.517044354722680177e-01
-1.114591155962702251e-01 1.467641888820496177e-01
-7.363116755614078635e-01 7.041153893062664926e-01
8.539030447205249175e-01 -1.890612275447141277e+00
8.545099604428031403e-01 -5.337602091624495115e-02
-1.247913540937981569e+00 -5.734800163513209537e-01
-7.797479097575402140e-02 -7.933187487167302210e-02
3.704140926582514814e-01 -8.237422082780971877e-01
2.774963687074178065e+00 1.302768273186040437e-01
-8.686370336054844987e-01 -4.434877186007106231e-01
1.455445643425760938e-01 8.252644437552625334e-01
9.219117299147581157e-01 -7.912771432357063039e-02
5.731587177599044569e-01 9.152615416427132278e-01
2.196801429201706402e+00 3.762672820013033825e-01
7.355624457715507214e-01 -7.115123163348164859e-01
1.108067491183000630e+00 -2.104322764971099158e+00
-1.497499241285535021e+00 -5.530100033986227182e-01
1.495721409574118033e+00 -1.262843241832491081e+00
7.398752223458543442e-01 1.612867768755698483e+00
5.454962357815092977e-01 1.838530838548615987e-01
-7.756249697323160941e-01 -9.718571485209114291e-01
-3.316964304675762976e-01 1.327175149757972461e+00
-1.193207616563019879e+00 4.783563555691555669e-01
1.575147440070011839e+00 -1.298790565647186979e+00
3.732496620538278687e-01 -3.369550144354207522e-01
-5.857330510783357314e-01 1.562389711561544603e+00
-1.866642030527972118e-01 1.731922846634878166e+00
3.592177954372590687e-01 -9.712314310318495569e-02
2.892467013381941343e-01 5.873054534786209535e-02
-6.626106868162529029e-01 7.345956895109522211e-01
1.629291610567690507e-01 -1.130254431562859985e+00
-3.194772165644609377e-03 1.764240826293354270e-01
4.145782904030650973e-01 1.266729388224829167e+00
