1.330454381868654501e+00 -1.806041503995739150e+00
-2.463973264455874834e-01 1.612065135974005248e+00
-1.066630533133510861e+00 -1.387108426241476788e+00
-1.179386487301858688e+00 -1.260829135097209508e-01
-1.965149231294783388e-02 3.825330308739663954e-01
3.563837525160888364e-01 9.991909204994070537e-02
2.829912018692982700e-01 -7.917084678702633882e-01
-1.310638332799295425e+00 9.489199333163496064e-01
-1.754645476595986908e+00 7.202549406324675330e-01
8.506746864525135399e-01 -1.111568517892548069e+00
-7.887402477702367687e-01 -1.351645303179266899e-01
-5.763641163749357865e-01 2.293334696646382120e+00
-1.316545574869665558e-01 6.518745219010655401e-01
9.112622770289815488e-01 -9.018963146274370721e-03
6.481219970953200349e-01 -4.444079762217234553e-01
6.162580036901722513e-01 4.022200829816456880e-01
3.069548669513244565e-02 -9.748962233979655556e-01
1.281200735382774791e+00 -6.125518052530665170e-01
1.579992033058906786e+00 4.038460384227898770e-01
2.090316355175163121e+00 -1.179683121506659882e+00
1.867001200935787253e-01 -1.437644510604573211e-01
-1.239888728267375395e+00 2.865512802699085593e-01
2.945451315416813820e-01 -2.963957642469405851e-01
-1.417743752756050746e-01 -2.335994106028920769e-01
-3.293969364964195456e-01 -1.437935262431558336e-01
-2.470969499019319005e-01 -1.108257201727412156e+00
6.850673941393660149e-01 6.917270129418394697e-01
3.232544669782889124e-01 -1.950728775631721756e+00
-7.619228670030281370e-01 -1.819950021914129301e-01
1.123834874579517251e+00 8.920698668608720849e-01
6.885451038829578652e-01 -1.740482015675939020e-01
-2.983469797798638190e+00 2.441923937288845270e+00
-5.794682306283569506e-01 -1.648494460678612550e-01
-1.950194935498676327e-02 9.733288773202566357e-01
2.661728275142736244e-01 -1.759768931467979580e-01
-4.424618262085854847e-01 1.102026106575659137e+00
-9.086787787337862188e-01 -5.604260165436013574e-01
9.127799612273886920e-01 1.327729633128279796e-01
-4.475511156456708495e-01 -6.934850582083027515e-01
-2.113221403953916777e+00 4.914166676021469726e-01
-5.334456406165016817e-01 -2.205162574205080106e-01
2.079528677150941918e-01 1.606357284338709279e+00
-1.054464735387415475e+00 -3.688258446224375042e-01
4.942869756196062725e-01 2.153494569107049283e+00
-2.280892564954800084e-01 1.840347923637493333e+00
-1.900755163629320066e+00 7.095521416022385064e-02
-1.820034462351291404e+00 -1.444976753333994557e+00
9.256076410108575736e-01 -8.865043623634513703e-02
5.909395608295004987e-01 3.235475611986433075e-01
-9.200873678033782976e-01 -1.392704424900249149e+00
2.147150399790055619e+00 8.298381815012345619e-02
-9.824483181115588604e-01 1.002793023585389687e+00
1.364898411768512121e+00 -2.029895788693151015e+00
4.297714931192115340e-01 -1.437088249021476916e+00
1.020058959589305481e+00 1.470857104419821537e+00
-2.010439299829081872e+00 -6.786732144287617174e-01
