4.053146637829793120e-01 2.920167816564072649e-01
2.289742395842043976e+00 3.611161617347973252e-01
6.466229486861675424e-01 1.296877394017107443e-01
-4.546348443601052475e-02 1.062896742703324460e+00
2.264461607398025045e-01 2.001392761148548249e+00
5.068477564192264140e-01 -7.266302613297384583e-02
-2.779577722218192548e+00 3.274795960586486254e-01
-8.427175452694911639e-01 5.921721254879394047e-01
1.356322166022196074e-01 8.044492038931153055e-02
-2.161700642729646460e-01 1.594945739141284680e+00
-1.120767837564500713e+00 6.988557841122335912e-01
-2.742246833662112859e+00 -1.889161495533684954e-01
1.095501980510642959e+00 4.071894849398891014e-01
7.235476890626995061e-01 1.302734398503534452e+00
9.530512412850750126e-01 1.080513729623603147e+00
1.195597172512458339e+00 8.525427057519896490e-01
8.679930713188545033e-01 6.647423282789166610e-01
-2.076155035165504481e-01 -2.774759442686463018e-01
1.613442007493914032e-01 2.530817852010779356e-01
-6.630448105095544664e-02 -6.985151535798547195e-01
-2.269085273171357053e-01 6.761657223415504792e-01
-5.526207157066606035e-01 3.843540490858214920e-01
-4.796181023649352948e-01 1.547162979530757321e+00
1.583629024821457287e+00 3.590068417260222633e-01
-5.655384042413207357e-01 -8.230710259045025401e-01
1.024940676347203761e+00 6.651824908933602620e-02
2.389247599962004143e-01 -4.987974271525344450e-01
7.033212735484303257e-01 1.055282086201484670e+00
1.628225926646664101e+00 5.484960189230706495e-01
-1.428822461200488503e+00 -5.340477743683551548e-01
6.756914433521861441e-02 1.480146522692846744e-01
1.192072586286577529e+00 1.735584735490373731e+00
-1.239467137695594134e+00 1.486131433630958565e+00
-7.824785444268848034e-01 3.336760235489796833e-02
1.318304079093523651e+00 3.746934119604682367e-01
-3.041385790764096209e-01 6.622751211938634475e-01
-7.980718170571680092e-01 -3.866149960125287999e-01
-1.024264137982403344e+00 -3.108002148692174949e+00
-5.907830455669885739e-01 1.358633449784691027e+00
9.173646437323108582e-01 2.227048801361355412e-01
-4.270638267904305341e-01 -6.577573008904485929e-02
1.292284174802055818e-01 -1.922784597704775722e+00
8.749051324965578802e-01 -8.673105538855357954e-01
2.111476338652291673e+00 -2.116772924050414340e-01
1.267025641576134287e+00 -1.653023207612414058e+00
1.901805103845024547e+00 -2.671766384982263709e-01
2.252122700345856321e-01 6.759125454786870657e-01
-6.316546585624264187e-01 -7.103859336755343756e-01
-9.660516967784985587e-01 2.654377620522891501e+00
7.296301664789794916e-02 -1.619801241780595702e-01
8.423064414203935701e-01 1.790776625351346185e+00
-1.748739040685039381e+00 2.676199990413825613e-01
1.093634982708004522e+00 8.384892661569385286e-01
-6.257381119684637394e-01 -1.005240567386140205e+00
-1.007721216249526819e+00 1.025092196392153765e+00
-7.691953553603926297e-01 1.192724215355336570e+00
