9.615143667486687473e-01 -1.163582613734184257e+00
3.920477448744450477e-01 1.202036259572764276e+00
1.477699768393430091e+00 7.655163388769561372e-01
9.012331450886525153e-02 -1.352266328223082070e-01
-6.150348591663393760e-01 -1.994520453580565622e+00
-2.652231940738684624e-01 3.595955465118320649e-01
1.933640176458926385e+00 7.288960668831300227e-01
-3.855395067541781962e-01 -1.534475581364985741e+00
-8.366109967076144072e-01 -5.383647598632759212e-01
-1.354483100729641509e-01 4.689786406860978474e-01
2.376416980820693636e-01 3.303125642137895723e-01
-2.450520318747498316e-01 -9.874435533854022951e-02
1.413079293729114783e-01 1.377520038377468392e+00
7.988997739584835500e-01 7.831615129413587173e-01
3.684757635271230791e-01 1.654228422311514457e+00
4.018018765484163701e-01 1.400182419033504655e-01
-5.042943890612617830e-01 7.283882959672839386e-01
-5.295128158528796813e-01 3.496166755641223478e-01
-8.324373541881934235e-01 2.845689493390305413e-01
5.592500414279758525e-01 8.338449954251152541e-01
-4.666816292237142560e-01 -1.485959650159413559e-01
3.553912353062280149e-01 3.087890002005180823e-01
1.685028918905664419e-01 -1.586461852022623131e-01
8.484412490646499050e-01 -1.256785181025876219e-01
4.465079308033345074e-01 4.474706370251718135e-01
-1.528080725284072905e+00 -1.552464330848319474e+00
1.457449093733379220e-01 -3.614085462507022894e-01
5.468587542435824345e-01 -2.766604758153187182e-01
-1.879321752851253136e+00 1.195800912303553731e-01
-8.882393668446417756e-01 -1.462619176216781280e+00
1.097194716906127354e+00 1.782423610548581783e+00
1.590559537292340231e+00 1.178572064727439805e+00
-2.911363885060069823e-01 -6.892969352033828656e-01
4.004527913491751634e-01 -3.840636169834688723e-02
-5.025247302266763194e-01 -3.769865737930147009e-01
8.381370675646302448e-01 -6.072040517434925538e-02
-1.288347297137376835e+00 -3.478240975278108493e-01
-7.210320405341001937e-01 -9.421131023599952359e-01
1.806749443502778663e+00 6.968929850650797952e-01
1.633427754066366644e-01 -1.063444696850871729e+00
4.190558489744090065e-01 -1.475170255271971653e+00
-2.157999005866971132e+00 -2.015522541544403079e-01
-1.502496728301888906e-01 5.700034843255271655e-01
-1.022890707697557133e-01 4.345421489063482356e-01
1.576165000664347060e+00 8.975083572610321747e-01
-3.207046110184781917e-01 5.716118774058097651e-01
-1.268368354586051350e+00 9.591531770395509415e-01
-1.739414095811179894e+00 -3.613182546628804226e-01
8.651335466182850098e-01 1.212689682049179263e+00
2.046003027270998142e+00 -9.137859159851803303e-01
1.016878584832397570e+00 1.005024235232153451e+00
9.979573851695580089e-01 -4.018780865985546041e-02
1.023876762086943226e-01 1.718545635013777328e+00
-1.980497528362119342e+00 8.600188136139563788e-01
-1.004796826417605926e+00 1.355869810482497551e+00
1.217992906117612684e+00 -7.566467862920235321e-01
