-1.277581718319105997e-01 -1.172617419719512583e-01
-4.635111686879272996e-01 -1.323211735518061483e+00
2.064648116066898798e+00 4.051211080568344891e-01
-1.047968770848392683e+00 1.512731711006708446e+00
-7.635706715279676482e-01 -2.220323842410111548e-01
-1.118801367867848562e+00 -8.348307324595996559e-02
2.631574465988487099e-01 -2.707729523498490498e-01
-1.042773665227484825e+00 8.411216461335851990e-01
3.810232426261819794e-01 5.202752682602876377e-02
-1.121231302031602928e+00 -1.800147605636034820e+00
2.257653848774792416e-01 7.943981490590562577e-01
9.781576751523634039e-01 -9.835393650342742766e-02
5.103412146573357289e-01 1.119774764452235560e+00
-1.618601652562019211e-01 -5.475427005715827189e-01
3.236903854866446384e-01 3.466131489123048248e-01
-2.199727193457089225e+00 1.380402345291924293e+00
5.424878938922329530e-01 5.078500721710191845e-01
2.410013086080020905e-01 1.092042385610019872e+00
-8.641187111711996494e-01 1.127261286232181359e+00
-4.034197731204435255e-01 7.945060085533970362e-01
-1.228128031072855508e+00 2.079139402809254689e-01
4.005815757466926752e-02 7.989725424082476379e-02
-1.487187738384019520e+00 -1.011906808289284143e+00
2.555619168682435327e-01 -9.086407324069650793e-01
2.366707854033608671e-01 -3.575382395981583361e-01
8.922785732170485096e-01 -7.711589131434138933e-01
1.441182519909491200e+00 9.013130571916652123e-01
2.430590471236673267e-01 -1.519843838063492880e+00
1.629259701720289888e+00 -2.824478006670849140e-01
-1.875009173819513764e-01 -3.769612054619366770e-01
-2.197697213573647779e-01 1.845464352778266370e+00
-4.367615708304822264e-01 -1.355898882635443892e+00
4.640052088279448261e-01 -4.520093531741759540e-01
1.979844147733723636e+00 -1.436953330498104975e-01
6.021096113115436133e-01 6.375716678252040248e-01
-9.592785388145160796e-01 1.039550658775477032e+00
-1.584759744010293403e+00 1.636823279080867055e-01
9.208091183713438266e-01 2.996344308613990703e-01
2.566144140809250018e-01 1.457725504736423705e+00
-3.619727597728059076e-01 6.992957328567563913e-01
-5.378721629442375640e-01 1.435942030684847381e+00
-1.522976097081738089e+00 5.723218758738262135e-01
5.282053555134651468e-01 1.877084405559841462e+00
-8.496932772486139041e-02 1.155215233220996618e+00
-8.988412688261910866e-01 9.222368289261728691e-01
-3.974240266514536546e-01 -8.465629747611368439e-01
8.628596795957997959e-03 -3.075223551115150583e-02
1.406623499242797726e+00 -1.224678768448455718e-01
-1.267764762315853000e+00 -1.595558460947289925e+00
1.596336532577740108e+00 2.541907229501991772e-01
3.107553018329871630e-01 -8.170904895809771862e-01
6.105634693281444814e-02 -7.282666370507595577e-01
1.398772667350602683e+00 4.707475200339743537e-01
5.173596773405817473e-01 -8.170037218376559052e-01
8.171401630288801510e-01 -3.105584646823691397e-01
-8.434416068620013973e-02 1.573816798244714876e-01
