-5.412180605282020940e-01 -4.885383306688045324e-01
6.114233194138671834e-01 -8.743786625736098550e-01
6.517635827879224297e-02 -5.542018295030296526e-01
1.134207182754729676e-02 7.579176639024584050e-01
-2.649151715444224009e-01 -3.950540942633690156e-02
1.358181922109676032e+00 1.820287558228760316e-01
6.583056772615580865e-01 -1.011702012571453313e+00
-7.818646098704309932e-02 4.504212608392068051e-01
1.514602536208443206e+00 -5.792285085368559933e-02
-3.566458010419905067e-01 -4.542128503274060480e-01
2.282710242269086476e-01 1.229597555405731013e+00
-9.450154468014326792e-01 1.302003026493538052e+00
-1.159241338684944944e+00 1.366739553148786257e+00
-4.983446536790707704e-01 -5.942141769113248317e-01
-3.003220788618993775e-01 -2.171647116912297226e-01
4.270778821303022887e-01 3.446677723390955683e-01
1.356874802785600576e+00 2.463679524240206753e+00
6.790381110759289296e-01 -1.073034143924564310e+00
-2.189482400560598674e-01 1.361442555500781637e+00
-1.197563113617378772e+00 1.195379943163852321e-01
-1.324113157658368900e+00 1.689513393339462599e+00
2.162890078820293993e-01 4.381890066093384328e-02
-1.144299882626014453e+00 -6.361795060728689943e-01
-1.515116162317772242e+00 2.408943453779003097e+00
-4.464874646425130433e-01 5.791998756231271361e-01
1.448239890341720959e-01 -3.884147404661374425e-01
-1.689008298387605578e+00 -1.722928671875252116e+00
-6.295882310248074321e-01 -1.377954382535104161e+00
1.683262528400118585e+00 8.874104908013973059e-02
5.509711336784363089e-01 -1.405051900162001433e+00
-5.995415887383185316e-01 1.930261361825355571e-01
4.998545337172338732e-01 -1.661152235516887843e-01
-1.416332208871622589e+00 -7.074837569520442404e-01
-2.515514158331039196e-01 4.079374924020094384e-01
-1.434100128814656872e+00 3.472713751186698450e-01
-1.703846894035544013e+00 8.483760819740214509e-02
8.537091321590865034e-01 -4.948415552103824222e-01
4.106494316978351877e-01 -8.918502112837369822e-01
5.169092539067499104e-01 7.064670908443414499e-01
-1.115230024287842125e-01 -1.001716480198866721e+00
-1.274824753964324042e+00 2.125597574444245907e+00
-4.822374863137320888e-01 -8.640440473102398711e-01
2.671160520069574273e-01 9.574929685073798602e-01
-6.144070899897214888e-01 2.828315433440200533e-01
7.689664660107122796e-01 2.167778468603103748e-01
-5.368721904483302332e-01 6.433705507676473756e-01
-1.748210832215364996e-01 -2.260779744080008702e-01
1.802425828784508743e+00 8.703790182524812069e-02
-1.788275409967521989e+00 -1.610923410458954264e+00
1.359085393391743224e-01 -4.406850699810348493e-01
1.010766026738810330e+00 1.289449519505091735e-01
-6.848230562131772947e-01 -3.252619881741845020e-01
-2.924010544285550739e-01 -1.222563384558174926e+00
-8.173273083604254419e-01 3.205678076175659807e-01
-7.502789482185493464e-01 -3.613313626765306541e-01
1.249083049271658474e+00 5.266724117882305434e-01
