1.771241509823688887e+00 -1.059916185812528064e-03
-7.133564865585779735e-01 2.967326024710041366e-01
-4.075146526109919565e-01 1.081900080656123198e+00
3.046497860287533110e-01 3.937138174052345202e-03
-4.720755654493513087e-01 2.397343938929279439e-01
7.220397037325338996e-01 1.251184178139548298e+00
2.127806217416254586e-01 -9.416194217880072617e-03
1.918570535676488387e+00 1.602692844725420729e+00
-3.609126729260482835e-01 -4.239165507031601443e-01
2.100724874323500302e+00 2.011809452010918431e+00
-8.298076166121641783e-01 -3.244345020566069548e-02
1.037844267404443244e+00 2.319167809885135378e-01
-4.560911626382531114e-01 4.842001818025918891e-01
7.765049660044285318e-01 2.848560574374994214e+00
-6.964277379862320316e-01 1.046164704421166824e+00
-5.540472092836466050e-02 -1.401424887204296477e+00
9.221639564210841744e-01 1.004613388705221100e+00
2.669084594673756805e-01 -1.866899782398883767e+00
-3.004287160668522860e-02 -7.346416207603958526e-01
1.370203350338030368e-01 -2.221985766342130242e-01
8.385007676666291765e-01 -3.315382928469415846e-01
1.647901183942518111e-01 -1.259885999965573822e+00
1.447188881655081305e+00 1.501869992284118049e-01
1.834370199627667786e+00 -2.343349531204120817e-01
-6.058405745937271991e-01 -2.277000399693289157e-01
3.777290343286981433e-01 1.468085922229228180e+00
-8.081802283778308782e-01 -1.736022248496847942e-01
3.089400348302556498e+00 1.570421795350205318e+00
-5.709594838152339813e-01 3.101139603273045942e-01
6.434412911882080310e-01 -2.723712215117722324e-01
-4.280788712738534674e-01 4.666729936217802605e-02
3.888997192953095317e-01 -7.424815406035277787e-01
-1.046404061232632188e+00 4.321165828953810184e-01
1.160387438370267477e+00 9.942292212573977661e-01
4.702538902848769908e-02 1.064639415077233808e+00
7.100435467967857184e-01 1.284125523840687455e+00
-1.451220031693492896e+00 -6.739848775426371397e-01
1.522104992452217032e-01 7.686034317955401374e-01
1.123896045888167272e+00 2.834067457418647240e-02
1.256065759524718883e+00 1.116222756091271195e+00
-1.424397359321564471e-01 -9.720678629007435678e-02
-5.726400940710014709e-01 1.532060916973960740e-01
-1.711773718935599709e+00 1.761999087351894921e+00
-7.191265027886118988e-01 1.999599611288179479e-01
-1.343265292236570208e+00 9.744089916489713232e-01
4.007555351991133885e-01 -4.942909063948322523e-01
2.904703028232447970e+00 -5.710241239491316290e-02
1.028243561635256098e+00 1.878014627599354336e+00
-1.514435443733603837e+00 -1.224915199004967370e+00
-1.936510736318469927e+00 -3.227614085409585831e-01
-3.956357129769786374e-01 -4.497118094353455553e-01
-1.320558113168960879e-01 3.426381319333897668e-01
-3.522808248403638265e-01 7.327713736450692794e-01
-2.957327047015265165e-01 1.722759753079574629e+00
-1.894207032936454649e-01 -4.726813387921067200e-01
1.284603592902959113e+00 4.861634000591420479e-01
