-5.454387254723026546e-01 -1.006907402477453140e+00
-1.607435122511694514e+00 -3.351750354676938382e-02
1.830577261764963215e-01 3.312083705751556750e-01
8.475483809958626047e-01 -1.197774209680247948e+00
-1.809282415961776525e-01 -2.009915581355011249e-01
5.242690324668264346e-01 -7.517214137626320181e-01
-6.411790435017067358e-01 1.860415945831475071e-01
8.723965775195756667e-01 9.113489038407578124e-02
-1.055370387888828754e+00 -1.218447346717650870e+00
-3.933710066499517266e-01 -1.566715421553764587e-02
-2.644714920974211014e-01 -1.574696438398156983e+00
1.050786910083418180e+00 5.819083551222126172e-01
4.703818129170108664e-01 -1.652661902908319380e+00
4.145314742152323428e-01 1.701887320698493855e-01
-1.901957389679584109e-01 -6.473244433086752236e-01
-1.203690626240896622e+00 6.834367975207160661e-01
-7.429990068017646720e-01 5.724846124155451577e-01
8.331477720569118173e-01 -1.757271329791701531e+00
-1.389901887582896567e+00 -6.111566988813995627e-01
1.361413746916589229e+00 -2.692791441842339317e-01
-8.156484077674720501e-01 -9.741650337565547213e-01
8.943290262143217539e-01 3.023948077838009008e-01
1.375912661416535565e+00 -7.661570756794774395e-01
-4.823774476926726007e-01 -1.901261624931792626e-01
1.198828061321905114e+00 -2.174340245490810272e-02
-1.084759695016130232e+00 -1.425752736309269020e+00
1.652143868709477381e+00 2.538799028967823057e-01
-4.825748300986864581e-01 1.309937794559015711e-01
-9.726471265827197898e-01 1.886440830089205933e+00
-5.149054086513209505e-01 3.484172126640338596e-01
1.276046829408392647e+00 1.584079126428516560e+00
-2.986887466613618036e-01 -1.700704010057461524e+00
-3.931818333427174461e-01 -1.743218859763104422e+00
-1.973732650233727348e+00 1.219576124329224409e-01
-5.650599787991504863e-01 -1.495895392591948259e+00
-1.395117627910637204e+00 1.448986651006762383e+00
1.549283227688948550e+00 -6.109017888844932020e-01
-8.687920562393056656e-01 5.846008490518177503e-01
1.231567034516321962e-01 -2.406827909087704553e-01
3.495929934634021130e-01 5.117525433594521944e-01
4.462375228335341837e-01 7.288297877597156305e-01
-1.993957874032385447e-01 8.478975346325220430e-01
7.191034350445629775e-01 -7.363360038337323221e-01
-2.990574966764361631e-01 1.408344262258733215e+00
-2.576239936899075156e-01 1.631941461901549983e+00
1.100730671532170968e+00 -5.157143671080838265e-01
7.109588569024286042e-03 5.627787089220566141e-01
1.692649235599886559e+00 -5.299492031305136353e-02
-4.781221900088817867e-01 -3.823677186873795097e-01
-9.083926323663698010e-01 -1.009374679716153356e+00
1.062675761057991330e+00 9.988971291144317366e-01
-6.256279904188387642e-01 5.876054894139611795e-01
1.991280327860130983e-01 -2.088151564018990713e-01
-1.516464741094700197e-01 3.080892032527869917e-01
-3.726283976715459301e-01 7.828456128346820142e-01
5.511448040021764694e-01 -3.333929870885947722e-01
