3.287248170087948007e-01 3.560962732398884056e-02
-3.110452982570109381e-01 4.090784617619042107e-01
3.567443985354620262e-01 -3.106447369642814649e-01
7.887801440440310730e-01 1.565723029780072384e+00
3.146562130499415688e-01 -1.023575285541773239e+00
7.251170395228101473e-01 1.742295907606373317e+00
-4.334705305223570115e-01 -1.559445471151852392e+00
-1.973593473840127566e-01 -1.264882329166080011e+00
2.199097298412072909e+00 -6.369596882644304459e-02
-1.510945434038162283e-01 -1.164068922166282549e+00
8.784134520729769413e-01 -1.917974160270817519e-01
5.366366923981009673e-01 2.498093849650311338e-01
5.896472913423355111e-01 -5.171880187837436527e-01
1.523017568145050016e-01 -4.501933414340927309e-01
-8.028643670068823512e-01 -1.001848624966426904e+00
-4.642692675172203076e-01 1.270894683216936549e+00
-2.049738120233845773e-01 -7.289918318729612379e-01
7.873050783073145542e-01 -3.611814641854887431e-01
1.094205656232170254e+00 -1.988950343725589820e-01
-2.421312171293605320e-01 -7.368738496566356044e-01
-2.093514505655765134e+00 -1.974789667809357718e+00
2.729707934935659552e-01 9.200174597795448550e-01
3.920844451507336514e-01 -1.356889755919115093e+00
-2.178426101424960626e-01 6.544996766535463584e-01
-7.888551795568442548e-01 -8.446948889899040802e-01
8.157021258980616807e-01 -1.630450486747114791e-01
-6.928628457935587237e-01 2.911955396272640217e-01
-9.210595566991642835e-01 -1.088421452684799950e+00
3.647718997855786127e-01 5.472344841401952098e-02
4.957330343896274583e-01 -6.403649239987859731e-01
-2.077784775456123223e-01 1.633365975121438551e-01
2.882404280525465712e-01 1.630389448304588040e-01
-1.087237870420559860e+00 -4.334875245928551113e-01
-1.424808373840374731e+00 -1.842159432958841769e+00
1.578887913257938314e+00 3.925681150316815554e-02
-1.731683673084719599e+00 -5.501078373193148963e-01
-1.285731669012404044e-01 2.388316268743566687e-02
-1.664330995311609884e+00 -2.433759615960660871e-01
1.092427649480449237e+00 -1.758843123677784615e-01
3.224156130091757055e-01 1.587239502612677045e-01
-2.242271847220565828e+00 8.617330838199899201e-01
6.068592917426627320e-01 -6.632196815430266845e-01
1.218893869436726396e+00 -7.781188949844154434e-01
3.968558153466217875e-01 1.861050323913896687e+00
-6.434693427966708956e-01 9.204875658181495002e-01
-1.803484519407215325e+00 -7.916399561780845806e-02
-1.972330576718962225e-01 -2.073773658559614486e+00
-7.938289405225542605e-01 -3.638899288300241897e-01
-6.957859394997431002e-01 5.792628756929527750e-02
-2.060878794011358761e-01 3.943359263914230084e-01
-1.018833562072621213e+00 -2.037318900099103769e-01
-1.066544839910566811e+00 -6.631558667298593779e-01
4.985386899729290500e-01 -8.534606000069988596e-01
3.480184071178569760e-01 -8.239960916022252002e-01
-1.972837793013818009e-01 3.393648202255893781e-02
6.807514274975725588e-01 5.726170984506260275e-01
