1.717961737723338878e-01 -9.100181267859495104e-01
-1.104150697613926813e+00 2.535526862793076597e-01
-3.882309281383710675e-01 -1.576103742037922251e+00
3.114963631918490905e-01 -1.446414941874167637e+00
5.209673924674566164e-02 1.988252968437293766e-01
2.685825901792922576e-01 1.822673332207090047e+00
-4.243739536894572395e-02 7.945992362263634146e-01
-1.021465675168926834e+00 9.705414459909473823e-01
1.226306847809794931e+00 -6.663525592374804074e-02
1.827837741590324083e-01 6.818005604066795788e-01
-5.011066056270117031e-01 -8.755867807135344627e-01
9.239901776698073999e-01 -1.383903327761917490e+00
-1.420626536248934535e+00 -8.793091973160261920e-01
-6.685763701175928553e-01 3.441100449007376827e-02
-5.463837270583684624e-01 -1.200147085132685421e+00
1.035836918042719379e+00 -5.339381231139904704e-01
4.381684077585445425e-01 6.742754984571535104e-01
5.894391645150085651e-02 6.839877721399016675e-02
1.935833855768454459e+00 -1.442783461039475634e+00
-2.054407517198710398e+00 -1.390817644337388748e+00
-7.080856840590640244e-01 3.727996257716545414e-01
-7.244345307608227591e-01 -4.052406313307168606e-01
1.869404099618082182e-01 1.105430811890832699e+00
-1.371430801799478294e+00 2.597160691270174182e-02
-2.257367702572494472e-01 7.456156935135315189e-01
4.438818484775917672e-01 -5.729607996714409790e-01
3.721427366346027887e-01 3.251203849365125187e-02
8.213322379268971352e-01 -7.524237688684647374e-01
-1.080875445519190015e+00 -1.418775583276369878e-01
5.438635304623328226e-01 -7.447457750775739183e-02
-6.695733043372192883e-01 -9.819587475541603494e-01
-6.127620987442969694e-03 1.246029913476285778e+00
7.969897339347421783e-02 1.686457078707923746e-02
-7.127122285520941514e-01 -8.453973642287461177e-01
9.275255119851324448e-01 -2.144244537639333092e+00
-6.921266943425086193e-01 8.224633130612847287e-01
9.085291359583466120e-01 -1.769244968939173823e+00
-2.263673155880892018e-01 -1.240628703912995068e+00
1.029911046810660036e+00 6.818894307874719951e-01
-2.334649113219824934e-01 1.295386625170638517e+00
-4.292915875549490057e-01 8.585937012829454318e-01
-9.390620111990012342e-01 -1.482550298306126724e-01
2.147475134676677666e-01 1.657588950081175128e+00
2.087666868262429531e+00 6.056099031505868258e-01
1.525975581203993681e+00 7.198379019975127413e-01
6.389406995005981749e-01 -5.769885198416300209e-01
-3.427754216810456334e-01 6.179390707862096876e-01
1.463193937695545843e+00 -4.981213916716120127e-01
-6.029678385078492964e-01 -1.396230542656602625e+00
-1.693484799836704191e-01 -6.405077229378952630e-01
-8.821230910201974806e-01 1.806707152802564886e+00
-1.884712517919749919e-01 -1.834967332828357556e+00
-8.364378040734056219e-01 -4.472282994376476362e-01
7.959595324816035600e-01 -2.063082808531412418e-02
-5.091454517013463965e-01 -6.051622143576940172e-01
-5.028106561306605604e-01 -6.368006789233922049e-01
