1.152144750819786623e+00 -1.826519751929385205e+00
-3.654618439637228877e-01 -1.537329897500342712e-01
-6.030698977072155298e-01 -1.987161348378662373e-01
-1.800053588448810582e-01 -1.273736111798821735e+00
-1.101847610457141968e+00 -1.373762949778018605e+00
-7.843501077402003085e-01 -8.845327030881657837e-01
-6.439369687676851362e-01 6.740269940920718961e-01
-2.345814841923067051e-01 -3.136985181187194049e-01
-1.779041375874771180e+00 5.141127463100905182e-01
-1.502927636478035289e+00 4.685197311172222823e-01
-3.233483821018154347e-01 -3.948719660694563482e-01
-1.771634061223553047e+00 -7.154045444589822722e-01
-1.437004852652986886e-01 -1.550783165229083105e+00
7.743887525163102303e-01 1.765002230230415803e+00
-3.127604019127687152e-01 -2.886957177551776055e-01
-1.709931369755737451e+00 9.056149216301603300e-01
-2.017208849752367139e-01 -3.180597521959883101e-01
2.224832372285659721e-01 6.576628828043412645e-01
9.462829693865226766e-01 2.412468873253473145e+00
-2.280322387554263752e+00 5.242336238730734843e-01
-9.876548470498891508e-01 -7.281573182165815838e-01
-7.833890828063441170e-01 -2.545931159402893940e+00
7.746282055863831784e-02 -4.102342631035645892e-01
-1.547043398505669742e+00 -4.226360212731798960e-01
-7.688689935290364819e-01 -7.903302522064507007e-01
6.756214285910043804e-01 -4.709096458209267588e-01
-1.321664661052155409e+00 -8.859734034090828159e-01
-3.893942442524860881e-01 1.190627362990337890e+00
-5.917143482338466098e-01 9.517422901737415675e-01
7.699483404611087156e-01 6.237105623326867354e-01
-1.377279757161145479e+00 -7.018701986336752796e-01
-6.099088463517230579e-02 -4.048943482913086034e-01
1.561988550700075029e+00 -1.259057085166726653e+00
1.025838662621118669e+00 -2.702421494001759350e-01
1.694156962898779151e+00 1.234580566629204457e+00
4.776804817038239892e-01 -1.158271961163728631e-01
-2.479041051472776203e-01 7.729430349797371536e-01
7.760859080729800574e-01 3.249064279567794866e-01
4.708249706008614255e-01 -3.980784227588165525e-01
-1.341563348443690629e+00 -1.888433454354939034e+00
-9.457247732183994282e-01 1.182391768699534856e-01
1.059231325053310746e+00 1.502614434214220251e+00
-8.057405288530652410e-01 -8.037865437997445683e-01
1.225123611084374398e+00 -7.194517391238050008e-01
-7.717204160679724811e-01 6.152881919586861148e-01
2.090322858035919065e-02 -9.294109127194446485e-01
-9.240395750797592012e-01 -2.433525355469173146e+00
-1.178477725121643283e-01 1.132494361202789568e+00
-1.340965734234226714e+00 -1.427699689837716779e+00
-9.167788483573896530e-01 8.280210157051879349e-01
-1.472783013535669649e+00 9.622426166887028398e-02
1.972031061007323838e-01 1.182088679994838021e+00
1.518360958083285750e+00 -8.501569532922050032e-02
-2.819036691504121506e-01 -1.054851402975964358e+00
1.180888013502083833e+00 5.197949699127805134e-01
1.508889074968150723e+00 1.585339184634597220e+00
