-2.078636092603513230e+00 1.376830106590403613e+00
-1.384421503850754798e+00 2.084789454790864305e+00
-1.474156457385894292e+00 7.466693734532803273e-01
-5.886268792794627780e-01 1.108766329303656262e+00
3.616245896622001799e-01 -4.673977162953147496e-02
-1.548749582776386413e+00 -4.205300596067680363e-01
-5.257577881756284599e-01 2.278583645852625128e-01
1.784961369160296130e-01 -1.425175141735499196e+00
-8.514803531442175499e-01 2.521723382624657672e-01
-1.769755734664050228e-01 -1.370228782358086761e+00
-1.596894037157352841e-01 1.544884612201202989e+00
-2.026245438399779442e+00 1.556320464182797680e+00
-5.153153667307514008e-02 -1.588851942837949283e+00
5.462333138337793770e-01 1.402864869792721292e+00
3.230057455792347265e-01 -7.267297631748337317e-01
1.062437106423867461e-01 9.946013457140747693e-01
5.362624699520477378e-01 4.595080484242033414e-01
2.652263169578278346e-01 -2.456480260849946085e+00
5.069730225013904246e-01 -3.962357153131863541e-01
-1.341589433363581607e+00 1.662817813375609521e+00
-1.020245684693001031e+00 3.261811430967293535e-01
-3.258049036145094779e-01 -5.043841282817658200e-01
-1.765910642953124427e-03 -8.831768192112052773e-01
-8.060032710990414628e-01 -6.165155582241685917e-01
3.980712054753295925e-01 -2.411863468547053913e+00
-8.596909609669539654e-01 -1.105935106277695423e+00
6.839833283349235904e-01 -4.402615594956545836e-02
6.465371192384264942e-01 1.083652873685834406e+00
-1.934482931818257145e-02 1.296598182077319139e+00
-6.973418017158151683e-01 -2.503718899065965342e-01
2.531697248740585326e-01 -6.878588858935590356e-01
-7.609247155987765021e-01 9.945354344245195266e-01
2.331682150875162007e-01 5.299537301845871351e-01
-6.744999517317844528e-01 -8.897410338902213001e-01
7.520743117475017225e-01 -6.332005061165161264e-01
2.942581717537265037e-02 6.654912595939137532e-01
1.167921340395193519e-01 2.532041043669721159e+00
-5.745360367495060405e-01 1.447912674804333832e+00
1.703417685395254733e+00 1.387840453753863112e+00
8.038016644058167959e-01 -1.252572081785965796e+00
1.250491898224449505e+00 -4.517495034417762789e-01
-1.065032338840541382e+00 1.801185418600043109e+00
-1.235210256912169235e+00 -1.030874074562077913e+00
-1.859619875795707200e+00 -1.013100744450293966e+00
-1.455935069284194916e-01 2.786638927799020213e-02
-7.847056774781704380e-01 4.112876930065020309e-01
1.165750502758140739e+00 -4.780179172924253761e-01
1.932288610802253226e+00 -1.018245168767832665e+00
-3.778360002541629736e-01 1.086428054417345024e+00
-1.403207922995612478e+00 -1.425368277139228201e+00
9.135743636244704480e-02 -3.256733826501618800e-01
-1.189057631538193577e-01 -3.172149179908583666e-02
-4.565661202040256494e-01 -2.666355909930097634e-01
-6.407416923813350484e-01 -1.273253645709360171e-01
1.368611580256750893e+00 1.809754843588511630e-01
-1.036716081473157081e+00 -7.256253869477997664e-01
