-7.849765506900243661e-01 5.089429135458131137e-01
-1.304740701968970962e+00 6.299733890645135004e-01
8.505385827038922653e-01 -9.312129459084651506e-01
-5.996113900604228553e-01 -2.660548326620919557e+00
-6.937310909872720366e-01 -7.009675562756207956e-01
-1.246432747007256037e+00 3.665171534634408257e-01
-1.645713841139789579e+00 6.155049998239615627e-01
-1.577382732172720292e+00 -2.596688612263296503e-01
-7.777603089995799301e-01 -8.565747136086461211e-01
1.980346005887919203e+00 1.192529899428878659e+00
-1.909846333895064197e+00 5.721531347964400327e-01
2.486741746129673275e-02 -1.007492518330018516e+00
-5.019512181248957372e-01 9.688141232554550175e-01
-2.710884988891051339e-01 1.487805629298053711e+00
1.822143802068119767e+00 -3.929010604811402074e-01
-2.823350760176565610e-01 -4.419454730331481146e-02
1.640069486729840709e-01 9.312314242677351972e-01
1.904526590955128995e-01 1.076889431712972467e+00
-2.024802098363461533e-01 5.579236782383391047e-01
-5.895248905442204146e-01 1.098831886047692441e+00
6.986844917915661091e-01 -9.674124511958710759e-02
1.260398087561983294e-01 -8.399067694409098062e-01
1.183117263622118776e-01 -2.560561865285746266e-02
-2.780986972575340554e-01 1.102776971773282488e+00
-1.014368734238176195e+00 1.584630308384718855e+00
-5.652873796844036791e-01 -4.175656234174608405e-01
3.765164181523145692e-01 -3.428610545637866269e-01
-9.259978174714019739e-01 -1.262496024311307918e+00
2.003207791823153061e-01 1.866343446787386950e+00
-1.088350826963301543e+00 1.127305542159800611e+00
3.950960072009623292e-01 -8.363565106300331342e-01
7.016673826230900024e-02 -8.936801553649428298e-01
7.032581791972379870e-01 3.374592756757482936e-01
9.817408914590788349e-01 1.510830891728455194e+00
4.598253832509958672e-01 1.042331309761984404e+00
-7.809446363047685136e-01 1.046924838595749696e+00
-4.309308170473554189e-01 1.854073198937221667e-01
7.714002422702914696e-01 -1.048795857520956165e+00
-1.850647315219441924e-02 1.823597267448626158e-01
-3.790323337922845148e-01 -3.555377809959694296e-02
7.751249465223594703e-02 1.473922327609373140e+00
1.135183143328597044e+00 -2.159720726791556800e+00
7.196825104846944765e-02 8.537489077638393820e-01
-1.628119930529293491e+00 -1.865682469324687065e-01
-9.684368510931919971e-01 -3.035702280726025326e-01
1.606695814996769167e+00 1.416737318155201208e+00
1.657272601067212081e+00 7.696062531309850741e-01
4.096215011520846355e-02 -7.668098113976030972e-02
-1.770943564726175756e+00 9.780365015121157413e-01
4.346246404045963629e-01 -1.053427736141017590e+00
5.976940447422720570e-01 -3.507835633802884878e-01
1.238453921275699754e+00 -4.004123476657889813e-01
2.414095404039918735e-01 -1.178296316916455089e+00
8.597150857528916834e-01 1.142747326244238470e+00
-8.212699618242198518e-01 -1.268171368668934207e+00
2.037397988783015701e-01 -5.393005413222971001e-01
