8.226866734701313577e-01 -7.022214451613865149e-01
-3.714104377390629041e-01 2.015009766450489292e-01
1.516002386864464091e+00 2.021600993455925366e+00
-1.215430895380898546e+00 -1.223994285017046879e+00
-9.609655983674254554e-01 2.122458254346056172e+00
1.599572305531407890e-01 -6.276094077989996523e-01
-1.934436007583540118e-01 1.332500416498016094e+00
1.275506836155767543e+00 4.380321218304543129e-01
-2.340542868735141779e-01 -2.499230926233481309e+00
-4.443945862262781987e-01 -1.526683766138567044e+00
1.397153767808623437e+00 -1.393253003649373101e+00
6.763110909582705776e-01 1.921252350475879611e+00
-1.461397556154226118e-01 -4.507500298933586613e-01
-1.246658532452415091e+00 1.413479322876290967e+00
-2.359326947086278548e+00 9.078455540343297603e-01
4.318766676966495632e-02 -2.149537172423255926e-01
1.297809616828346391e+00 2.357625577777245685e+00
-3.618043927992864450e-01 -1.292073028843679250e+00
7.218286777186283532e-01 -7.502631663409867757e-01
-1.162427369910304931e+00 1.866597741086548412e+00
9.577091753715615274e-01 9.864551941387282863e-01
-8.616667127886683542e-01 8.811960024701418481e-01
5.526329636184899030e-01 -1.266705556453981085e+00
2.266554450800425613e+00 1.299351840705977201e+00
9.511741810976899192e-01 -5.364491723947647506e-01
9.064828073239925565e-01 -3.304650075478454685e-02
5.411819653626105397e-01 -3.431577107578431263e-01
-3.670914873310101578e-01 1.945101620140334553e-01
-2.168319395966731733e+00 2.876923558567856531e-01
-6.471957726936604649e-01 -3.231045682047666290e+00
-1.342627637659540574e-01 4.165334961527663582e-01
5.166586563485393579e-01 -3.644177291299773858e-01
-5.359276760336848522e-01 -1.659931222547472718e+00
2.999029462312476357e-01 -6.374056282214831670e-01
-4.971088816377807751e-01 -1.195319855130477560e+00
-2.195778901495243574e+00 2.454787543355604063e-01
-1.344953976825258302e-01 1.445975840838958026e+00
-1.413596385893658880e+00 1.461660938948317057e-01
8.314873373689543046e-01 -4.375417066290052115e-01
-3.473586951047514804e-01 2.731296675919873129e-01
-6.755942426167697024e-01 3.822902133231427801e-01
-1.822203603432977770e-01 4.758481941725404840e-01
-1.048707978814840125e+00 -2.021238478960272478e-01
-8.069402047072524731e-01 6.274322887943768468e-01
-4.079316530444330180e-01 -1.089705208042679008e+00
1.082188523203182928e+00 2.293715063781712971e+00
-3.508942291273753900e-01 -9.230612498331446369e-01
-1.134698478274886319e-01 -8.704136805861858450e-01
-1.692316251432594010e-01 5.492022551811864828e-01
6.171003260935865598e-01 -7.277370330615812177e-01
-4.434203010373282128e-01 1.227069495920118936e+00
6.022398873013796727e-01 3.475836495436522566e-02
-5.718398947052076853e-01 5.566593282420784217e-01
5.407022134400815139e-01 -2.392681110495185615e-01
-1.080788323042896071e+00 8.062075726247464047e-01
-3.151980839646605359e-01 8.905063983228671542e-01
