-1.462983829433207816e+00 -1.166598173040803266e+00
-1.614243395702327499e-01 -1.243508910612339674e-01
-4.142174607087790728e-01 -6.114389839790664860e-01
-1.877696406715013921e+00 9.705070788453553643e-01
-4.157822158274406266e-01 8.454181449968853346e-02
3.610520652289748722e-01 4.031267626617589250e-02
1.760013996913059042e-01 -7.907650254798875844e-01
-4.753206957390862519e-02 1.533804078719951169e+00
6.000497507683582032e-01 1.528291078788886370e+00
5.281016290935268698e-01 2.107310678962809880e-01
5.322662868965408745e-01 -1.457833098815215500e+00
4.302548659726834201e-01 -8.858744849215292039e-01
3.016704551688790814e-01 2.400979898855829797e-01
1.071572436856127242e+00 1.310727710005807012e+00
-1.434414838719268559e+00 6.861132713800062455e-02
1.699439955699907134e+00 -4.057831475803164167e-01
-1.417701398816626934e+00 8.779982627885229984e-01
-4.445190946329646287e-01 -7.026355790503557852e-01
4.749929760943493173e-01 1.653761101218475735e-02
1.301830941381654672e+00 1.354697450331768804e+00
9.628206069360798480e-01 6.900700640337020797e-02
1.050666025902046607e+00 -1.582630009911369262e+00
-1.967666055363464839e+00 -1.778348253518104161e-01
1.975434958954302767e+00 -4.380003391800374457e-01
-1.689660804019383622e-01 1.309163715224997304e+00
-1.494771983928968595e+00 -1.372386308304996083e+00
-1.208426059022039978e-01 -4.823269807758620575e-01
-3.690345525485910771e-01 -5.766376245646253479e-02
-7.813745061457665342e-01 -4.799381811209157966e-01
5.329190815713678031e-01 7.923489435661047464e-01
7.084235064157312634e-01 -1.430335281837753270e+00
3.939994415446373410e-01 8.639863288831647337e-01
-3.785089644869361614e-01 -8.119325314656674619e-01
4.245487759509571912e-01 -1.437559232694032296e+00
3.213178449189766361e-01 1.642685519809263139e+00
-3.002234822009509085e-01 7.302532850766592087e-01
2.586839984875286103e+00 1.275339875508435528e-01
9.843247126444373274e-01 -8.823640618935175983e-02
-1.189190028491414086e+00 -1.379105472366702445e+00
-1.776280867912911621e+00 3.985308902936849501e-02
7.484684240260451871e-01 4.035220361016926827e-01
2.073118737271590017e+00 4.028778094106560959e-01
-1.673856212122348253e-01 -2.471302858070369979e-01
9.627165491321862945e-01 9.796234014592954953e-01
-6.989783592096862064e-01 3.205577844646844698e-01
1.419799508723535109e+00 1.059908424135778349e+00
1.377256321735819133e-01 1.661859671047275278e+00
-6.621250384881820494e-01 3.397837336866094682e-01
1.081765339310852614e+00 -9.077782042636802773e-01
8.826704625886295785e-01 1.687196301270249110e+00
3.606021154969017428e-01 -8.224978639824459536e-01
-9.791904971809989311e-01 1.621515869145756295e+00
-1.773478957927011823e+00 1.119811040385399137e+00
4.892215734885069778e-01 -5.674975400636930178e-01
1.268023775393900765e+00 2.096029783226655563e-01
-2.585408134146191528e-01 8.467027125487308625e-01
