7.534638193196326883e-01 -1.180026726597546149e+00
2.665536302239441824e+00 -7.689176298377784491e-01
-6.670405820808071595e-02 -7.657469422176895746e-01
-1.231200386038039107e-01 8.373672815245958301e-01
-1.111419175662371917e+00 -1.104344759302161583e+00
-9.487821703239562865e-01 2.511827791079734307e-01
-1.024118729042484272e-01 1.795438485124997152e-01
1.602541133986427058e+00 6.867161720360583921e-01
1.040919821905314180e+00 1.298934857525785747e+00
-4.532432028226785481e-01 1.003175494375866172e+00
-1.314451656121448930e-01 -5.070860711804640042e-01
8.094258984406070834e-01 2.295984190554834214e-01
-3.812223624890750950e-01 -9.279154501867408200e-01
-1.631456521747169708e+00 -5.961007211257194349e-01
-4.608549760872602818e-01 1.054926218177740571e+00
-1.515810789492630262e+00 1.060312496714523878e+00
-4.538407801744520076e-01 -6.243674319453786925e-01
3.803878870400469459e-01 -4.412667651047651463e-01
-2.013039632953048663e+00 7.524286693870091414e-01
6.005318177516243416e-01 1.797943690955578377e+00
1.336875015570347491e+00 -1.274256096228690849e+00
1.125146553170170094e+00 2.448022255917253087e+00
8.422277361664065598e-01 1.341078720798805746e+00
5.143135496263137596e-02 -2.273222264221874123e-01
-2.573862515657816541e-01 -2.706696120430649444e+00
1.753688619395856296e+00 1.709651910938637664e+00
-8.279069057303911627e-01 5.326668159108425282e-01
-4.885364316173084753e-01 1.732126612393830367e+00
-3.677535681938822743e-01 1.298628875566063989e+00
3.575527482533987222e-01 1.495680502283269486e-01
2.410204860697886808e-01 2.576260736768993809e+00
-7.255454841078267103e-01 4.194826476460230408e-02
1.721971690779094510e+00 -5.753056277557359044e-01
-2.832688436352208239e+00 3.698218112492817622e-01
-1.878795584239643657e-01 8.020096711115954902e-01
-3.853893955802633053e-01 -3.980247648820153250e-01
8.482659980752492446e-02 5.389735317020572652e-02
8.566897819320140606e-01 -3.670418150397854462e-01
-2.892852941614534323e-01 1.089647474799269267e+00
6.677878057095572029e-01 -1.884374245498142419e-01
-8.673214614475509565e-01 8.191104327742582125e-01
6.844244312121006146e-01 -1.394044135270284146e+00
3.925921573072743143e-01 2.221354615134784605e-01
7.817733779822926277e-01 2.851677680429292039e-01
-1.472039737579822649e+00 2.882672054640597614e-01
-6.834788887094190857e-01 2.730745189557775454e+00
-1.647706238665717082e+00 2.291606981588150405e-01
-2.023208222858829397e-01 2.062766889668654180e+00
1.335687554665910159e+00 -1.252915977429281291e+00
1.133491892712367388e+00 -3.302417739235803951e-01
-1.224891776445836467e+00 3.487894036362892969e-01
2.554552016338244580e-01 -7.489521518171636805e-01
-1.068845036203211363e+00 1.366767552129808383e+00
2.654279324943749963e+00 -4.838477355423714266e-01
9.515804001647406585e-01 -1.137697526462471798e+00
-1.110560347614320431e+00 -1.793439293431206283e-01
