-2.603152879448080159e-01 -3.843169128680496982e-01
1.222017986766564812e-01 3.540646686283189792e-01
-2.101540725164140477e-01 1.186208340607194378e+00
8.594093929589676772e-01 1.650240381933104405e+00
-1.012853125552545946e-01 -6.482406222058902968e-03
-1.192674445780806280e+00 3.525818241551726406e-01
-3.560141567741674784e-01 -4.796086880632141058e-01
9.867467165532149975e-01 1.215273818341605361e-01
3.432119360311479683e-01 8.420809331815376497e-01
4.143728507317884779e-01 -9.761678184600336428e-01
-1.826776792722382414e-01 -4.328935961870261639e-01
-1.521260498826677798e+00 3.547295339622927313e-01
-1.997214349633448238e+00 -7.748367664704610691e-01
-1.489891394183506801e+00 1.419380153854124638e+00
1.279391407485987120e+00 -8.947332069821257727e-01
1.802364783346297017e+00 -1.617466086177888673e+00
6.937397670652322157e-01 -2.965201400022007827e-02
2.137046829769815026e-01 -8.987851473552459503e-01
2.018106929015282880e+00 -9.995451733662257254e-01
9.232103748518757369e-01 3.581364414536012952e-01
-1.197722020036684709e+00 3.222463856401153182e-01
-3.100493797343186874e-03 -1.945775599527743704e+00
6.766672264950213123e-01 -6.266257762266708164e-01
9.965717439783520204e-01 -8.772650956362839647e-01
-1.107873576853287245e+00 2.157995865811956460e+00
9.783244231259642376e-01 9.991133603271724895e-02
8.901995901665336053e-01 -4.237763212576892147e-01
-3.516669814287705087e-01 6.506491937483541710e-01
3.118394567436078568e-01 2.218052039430818412e-01
-1.010275701859054243e+00 -2.364583905718398160e+00
5.654016109850166227e-01 1.356109472233078206e+00
-4.626158578207669736e-01 8.068015032242669138e-01
2.820699523809492848e-01 2.210008667816480421e-01
-1.292419919759481450e+00 1.078155090501014213e+00
5.879573795564447813e-01 4.862735298954037194e-02
-1.236555587792334820e-01 -7.406701697939880313e-01
-1.805721069780084620e-01 1.772099924217679645e-01
-2.038612759665494156e+00 -2.132577702690659216e-02
1.277503598862779643e+00 4.617738062434206259e-01
-1.028013931332906333e-01 1.011826787759324997e+00
-6.003418012877310694e-01 -6.542987311944530315e-01
-1.160040692164495013e+00 6.755154449815187201e-01
5.196190679657927136e-01 1.346446848661323026e+00
-3.818891203943202695e-01 3.668502793279571073e-01
-5.157385912621498258e-01 2.665414964004779279e-03
1.477481053028522284e+00 7.730192416999823735e-01
-5.498481058071793548e-01 7.423970988544581484e-01
1.891714646967758706e-01 1.484311562033013843e+00
1.966195808611224116e-01 -6.934894832248839069e-02
2.462513937764089889e+00 -1.409213976762198728e+00
3.656509192826317561e-02 5.665600619327406662e-01
-5.627775736983297028e-01 7.073817311936299312e-02
1.231537620070202621e+00 4.628588129666706408e-01
1.866834278993723562e+00 -3.999577509492131533e-01
7.841768148062953914e-02 -1.213356263484694164e+00
-2.854434004874759068e-01 -1.128109476355165564e+00
