-1.098750030252035881e+00 -1.233364993403911036e+00
-3.935230175520195717e-01 1.741513592959639256e+00
7.204575188187796186e-01 -1.006219895437448608e+00
5.761538473838087038e-01 8.705471450228096097e-01
3.265522968579709917e-01 2.050703048211345969e+00
3.983132142314961543e-02 8.188480126198242059e-01
1.083597902293005344e+00 1.035286207318955487e+00
2.049787696923578206e+00 5.222293460910664153e-01
-6.928790018665031969e-01 -9.840293951821600382e-01
5.976987633054691162e-01 -1.595785145434671426e+00
4.357439764638537105e-01 5.793872962893128337e-02
-1.081768056855628046e+00 -8.863879027110550535e-01
-1.932637947930563982e+00 -6.139808595968701543e-02
6.266550845881273535e-01 7.434424267474774028e-01
4.322566051333601167e-01 5.793857497413050783e-01
5.468013887768312653e-01 1.031103230742549171e+00
-1.627097125178197601e+00 1.262126477116615630e+00
-1.086736508695800296e+00 3.177590895333626264e-01
-2.210962883520370403e-01 9.992522656933826575e-01
-9.103534883107611275e-02 1.531999914846781941e-01
-1.316290967920581423e+00 5.424179969471218943e-01
-2.229091563966254796e-01 -3.919450231201011547e-01
2.219162362123445198e-01 5.121703240660778755e-01
-1.240208064079197925e+00 4.774582067724422729e-01
5.197170599964398008e-01 1.388815288439786411e+00
3.798892185282183309e-01 -4.813185896079268944e-01
-1.556826420623707463e+00 1.047793259272285837e+00
1.676320816432514960e+00 -2.169689523202504855e+00
5.772297889576696178e-02 -3.727949239324064301e-01
1.445752375774145060e+00 -2.203536068550827842e+00
1.757613829997676014e+00 -1.106862833293612014e-01
-9.333416340978767378e-01 1.174781734632919239e-01
-2.469014772045759476e-01 -9.652616983310892129e-01
1.743014978519956237e+00 1.865092861323185969e-01
-1.262326610795486692e-01 1.587533137406649031e+00
-4.673449736473658245e-01 1.279374700876861226e+00
-2.566053685050504907e+00 8.994409024924973073e-01
-2.115200167448202662e-01 -9.665374854020993833e-01
-1.150760003166747092e+00 1.829044821558944101e+00
-8.988099336860855271e-01 7.233045427312670417e-02
1.801705758967768745e-01 -6.400836266379127115e-02
-6.050018734069814164e-01 -9.239214198701087635e-03
6.904252012801128657e-01 -1.251067568975713140e+00
-1.512040243685054408e+00 -8.869441189405434800e-01
1.709090400833303658e+00 -1.041545738707635227e+00
-6.093326299974007043e-02 2.286829456343455469e-01
7.963505175157834515e-01 -6.403464007741407338e-01
-5.813589832860518447e-01 6.179991555741815024e-01
-1.630375052635756328e+00 3.166249460137144506e-02
-1.825444812335028089e-01 7.688733458851197688e-02
-9.317314439277487592e-01 1.224881089885750729e+00
-3.641872045123882851e-01 4.232905369127775153e-01
-3.973227027888753815e-02 1.167705244607506687e+00
1.084499864092035804e+00 3.918205774594109014e-01
6.028260650649190922e-01 -7.541129947665191624e-01
-1.700491686439560945e+00 -4.959447302843057459e-01
