4.598293171998327211e-01 -3.346060011775364162e-01
8.806409598403935890e-01 -7.919120422214341870e-01
1.759639194624680991e+00 4.842163670233552708e-02
6.529416708857417317e-01 -1.945914629783949357e+00
1.158058372232298794e+00 -7.845252212986075779e-01
-7.545182090922412099e-01 3.726686911804182739e-02
1.312061962637625312e+00 -3.098338525961480405e-01
5.418399754747924568e-01 3.123759455520296324e-01
-6.485331274870892448e-01 -8.235460994576907501e-01
1.003324058346746241e-02 -8.336317497703588097e-02
-1.054167138694216632e+00 1.914955961605651513e+00
-6.988994875024318043e-01 5.244012338364704984e-02
3.862865115563169360e-01 -1.242363971464001793e+00
-5.584429758922444809e-02 -4.196353782593073567e-01
7.628833299215898034e-02 2.800000200616976562e-02
-6.125828462903951666e-01 7.493538154895094117e-01
1.073436960821508579e-01 -9.098922407582908933e-01
-4.023172610662621440e-01 5.969695118699174241e-01
6.226363599942398297e-01 -1.904051061361839770e+00
-8.439471048541586917e-01 9.065400347284993110e-01
-9.713927049895227928e-01 7.796252238580058114e-01
4.945937138433523783e-01 1.362854282402086170e+00
-8.915498604395505344e-01 5.336608921038279441e-01
-9.490015047055593289e-01 -7.518598669207839091e-02
-6.855567997816650605e-01 -9.584447136437764803e-01
1.795156865611529318e+00 -8.318670142420665492e-01
1.566822921372557520e+00 -5.129526304821417915e-01
5.232352206904229419e-01 -2.171366237384408093e-01
-2.748881233131807433e-01 -6.715855884858213942e-01
2.486724528899660613e-01 3.747865495469131225e-02
4.184840610667807659e-01 4.390261213231971826e-01
5.668963077745957646e-01 3.535851522868294627e-01
-5.479015562719821014e-02 6.033712830305579811e-01
1.316827609327847481e+00 -1.017444338943002957e-01
6.821233869805912731e-01 5.323852309004111216e-01
-1.132856582117244715e+00 -5.956118698509154860e-03
-9.847464020386445527e-02 6.237877152301138928e-01
-2.122902191887560408e-01 -2.201305932365641149e-01
-8.502813320241819905e-01 1.029819934684283567e+00
1.259290459440963184e-01 1.173819956141951337e+00
-1.795039135117654228e+00 -7.979475469676581278e-01
-2.783392101827955253e-02 1.884649869098909747e+00
-8.467425535841889284e-01 4.706020690743857593e-02
-2.607748255988052155e-01 -1.856308493490379796e-01
1.772830622757826449e-02 1.033073847950889634e+00
-8.553847287429090507e-01 1.037569965892693347e+00
2.160936623351663144e+00 -5.651349015348772209e-01
9.877963790545731815e-01 1.198340012517967956e+00
2.186087252701028605e-01 1.938731596471851212e-02
7.165844177830711370e-01 -2.777348577802699059e-01
1.134954028000752846e+00 1.038048005926861944e-01
-6.458668361469251940e-01 -7.755337308858786249e-01
-1.238665409277338814e+00 -2.284058080120694723e-01
-7.037178140523006054e-01 1.204771308075996750e+00
1.110829223220710427e+00 -2.499241879788719201e-01
7.584707626799207236e-02 2.454356961125753467e-01
