1.358494281740238563e+00 7.831604921385941775e-01
-1.415501174332000345e-01 1.213015462361513586e-02
8.748932273377998392e-01 -5.973301709805187848e-02
7.005628151410437932e-01 -1.443029645010045714e+00
4.524457310209480387e-01 1.164762193672854718e+00
-4.767492033230233406e-01 4.646631995136375481e-01
-1.949212924075579778e+00 1.155053284134622132e-01
-5.932466874994695161e-01 -3.190419456882246929e-01
1.564390681367213487e+00 -6.742240005170954120e-01
8.044117649325187580e-01 7.201751148941794023e-01
2.522656706620965417e-01 7.882152389809223003e-02
4.776877256125944271e-01 6.411018330494755446e-01
1.472818812847822345e+00 1.586514348310406497e+00
4.718917908012327245e-01 6.913663485066945391e-01
3.324242838311358694e-01 -9.196657715727980520e-01
-8.804603706139723096e-01 8.082848057603038150e-01
1.140453455621377454e+00 9.053878488869633312e-01
-4.089057024794072182e-01 1.658156760247682326e+00
6.826262123154412942e-01 6.913898640500866222e-01
1.414528609953400462e-01 -1.435045762840933659e+00
-2.512348333808812062e-01 2.071932368905036181e+00
-3.206048276506872630e-01 7.216928083428370000e-01
4.943478925043488514e-01 -4.662188450707338561e-01
5.771655846127927703e-01 3.230767471700203508e+00
-1.657519592327598046e+00 1.135182170422297077e+00
2.116522790435381385e+00 -1.810982736173760932e+00
-2.620260148942079592e-01 4.063574124940603216e-01
-4.592049373733239070e-01 -1.505601750923165172e+00
1.635130720284293737e+00 1.189970305448386813e-02
1.060228112813304646e+00 -7.025356382973036995e-01
1.467709176036557039e+00 -2.852450555233822516e-01
-1.062484837620575995e+00 1.396962441024572898e-01
7.784595438089156882e-01 1.215062175053777532e-01
5.049847786178124354e-01 4.373444539393514519e-01
2.311621578237575747e+00 1.626752624688919402e-01
1.948215297354598308e+00 -1.083918035397436697e+00
-5.126512169951096265e-01 -1.494971893836808952e-01
8.716544302268356414e-01 -1.038325499487648074e+00
-2.840942710435190866e-01 9.082492814093097167e-01
-3.281078241457729416e-01 -6.105193476452569490e-01
-1.120478809101904449e+00 8.999709356821585793e-01
3.419655473512113186e-01 -5.483311228894154343e-01
2.147196738440766139e-01 1.604167762371111916e+00
-7.811923465475635320e-01 -1.011825124360859807e+00
-7.814045574672787708e-01 7.814068590602850639e-01
3.168691366629491357e-01 9.877965155656448504e-01
-2.010173162501746713e+00 7.085120485450917549e-01
1.168183371378525015e+00 -3.181442809805433147e-01
-7.452435207943006734e-01 -8.480997645068309998e-01
1.193237173232102544e+00 -2.021869137542194661e+00
-2.643545568484976793e-01 2.532117914040984408e-01
1.981493632619480902e-02 -5.668320062009273713e-02
1.352261201578802696e+00 1.113644962565010221e+00
1.508567710097330039e+00 -1.691664679846675234e+00
2.969666358915572235e-02 1.035468218508929228e+00
1.331049639530250905e+00 -1.165883393303362547e+00
