7.448011097257141166e-01 -1.178560544769017504e+00
-1.545965559888101248e+00 1.186284305521700944e+00
-7.281373140145959155e-01 7.605977415539226516e-02
-2.057658303835876001e+00 1.193798874967937129e+00
-1.367804752138509217e-01 -1.001934859561822710e+00
1.705891600669789954e-01 -1.821049346243780898e+00
-6.863944269212695071e-01 -1.081023387640462907e+00
-3.801559869228888222e-01 4.646945271719453707e-01
5.067582488863175971e-01 -1.377317909796976547e+00
-5.894895831902894345e-01 -7.778494648474811868e-01
9.212929780274383695e-01 -1.299703981924439811e+00
1.268733402722543202e+00 -2.911432964263408474e-01
1.093036857218391056e+00 -8.280261810996439875e-01
-2.377198131683064264e-02 -1.398528918022634848e-01
2.073577091002012818e+00 4.665146532604200202e-01
-5.947786650295606714e-01 -4.525038355086358766e-01
-6.936080869036893859e-02 -1.240468053241789770e+00
-1.950886942145018954e-01 4.655031154636543045e-01
-1.452499339173877635e+00 -2.500782738327979704e+00
-8.824615023341916276e-01 1.987856130947653066e-01
-1.396121742014289957e+00 1.434098269453869534e-01
-3.141030639722061646e-01 -3.967154951493790938e-01
7.544694646629388490e-01 1.846679085784857843e+00
1.222471542311912795e+00 -4.655263945329026765e-01
-9.686185110510577845e-01 -5.542515910679193247e-01
-6.683095374502513453e-01 1.426511252643704042e+00
9.593833653238176273e-01 1.158603354042557321e+00
7.530746652941366914e-01 7.387673746762570826e-01
3.749263146155866477e-02 2.517952510744242856e-03
8.593256342256935243e-01 -3.703915175826629769e-01
-2.705600415690246896e-01 -6.008409690239127077e-01
-5.521864196359050903e-01 -1.403853129435670144e-01
-4.278747980143369212e-01 1.618899478749898438e-02
5.460522724791641025e-01 9.243986865193851710e-01
-1.468738155014925439e+00 1.066356316548900063e+00
9.201737593736366572e-01 -3.729623148377487346e-02
-1.253818081924222394e+00 6.025070107653082152e-01
-7.984365216401409504e-02 1.163565482348844160e+00
-1.106737439433189252e+00 2.694784312968390716e-01
1.132651299094240338e+00 2.148588236173003985e+00
-4.293109413710460148e-02 1.281604348249582026e-01
-1.661855211552872025e-01 -9.986194734494688863e-01
6.561196895263952944e-02 -4.169303670408555096e-01
-1.398809626322475630e+00 1.675238432567107472e+00
-1.474999309566868977e+00 -1.434572715555810563e+00
-1.140219287339569565e+00 1.415228808912937897e+00
-1.086630011249159589e+00 8.800975455473484255e-01
-1.414808290295964666e+00 -8.513022108727216208e-01
6.980009883168015739e-01 2.605312282673342139e-01
-1.818468071790471985e+00 -5.970712565150369106e-02
4.662241450125667597e-01 7.325556446171193059e-01
3.199946547071364500e-01 -2.292889770838159258e+00
-3.097467007469580924e-01 -4.632639807125242815e-01
-3.808143322879380954e-01 -7.087674908872989565e-01
-3.895518148076035914e-01 -6.996870727438361248e-01
2.498028008787466503e-01 9.074928567203826013e-01
