7.908381472053445105e-01 -8.222487848776625918e-03
2.503538234086717384e+00 1.357836410054255594e-01
-1.143662890729049697e-01 -7.533632340589083709e-01
2.687954758659731325e-01 -1.122707011344978856e-01
1.288085327210430897e+00 1.368682030581116926e+00
1.018052436845950370e-01 1.859343059451657787e+00
-2.080234730686684408e+00 -3.808066721074969130e-01
6.874296580965840731e-01 -1.106110544268886775e+00
-1.276338741555125056e+00 6.865737098619272283e-01
1.532662606257242155e+00 -9.046705804172984200e-01
5.202069562616188358e-01 -1.370411089488542844e+00
-4.827610522159008211e-01 2.777195176607941685e-01
3.391776211764118559e-02 2.882071727154867258e+00
3.274848189173692470e-01 3.141456589231224061e-01
-1.743872342262811292e+00 1.379704379378782431e+00
-6.666916425616997710e-02 -1.230326256902297688e-01
-7.637649097437323453e-01 -1.121086172726891927e+00
3.684323803266349451e-01 1.407031927879385247e+00
-4.165367524069940042e-01 -1.840078617612491252e+00
-3.465935357985830967e-01 5.219818274456449192e-01
7.306253286922480550e-01 7.027961725844082963e-01
6.778245085700486117e-01 -1.517140642763533220e+00
-1.094913682207822925e+00 -4.436710451005024258e-01
6.483902491802144841e-01 2.336674544867108419e-02
6.717001374203558361e-01 -1.304348062603858001e-02
-5.385915787887681772e-01 -5.911231222390869178e-01
5.839843428501099165e-01 4.240963567968810549e-02
-7.066334965120800726e-01 -3.558745316593530661e-01
1.644176566561110497e-01 -6.784620812545745505e-02
3.294117724164851158e-01 -1.900105157665362698e+00
-9.729444349039449991e-01 -2.196495144841939806e-01
4.311521859315692873e-01 2.053356013918108847e+00
-1.139073162896756752e+00 -1.170257241433711792e+00
-1.053254702648561469e+00 2.992675205712400088e-01
6.508432869471898474e-01 1.482432363285536514e+00
2.204404419739557142e+00 7.675402508729459727e-01
1.318732109293705712e-01 -2.211476229917973824e-01
-7.820083829773915030e-01 7.107894788555337851e-01
-4.341588307148413484e-01 -1.596612193603065721e+00
1.954563748687004665e+00 -8.168865251888317303e-02
1.935505645708784694e+00 -2.766670740550037921e-01
2.788917334336223353e-01 -6.475728570494766467e-01
-4.384799330258015715e-01 4.242108185555463207e-01
1.726285681568966224e+00 -8.139326701134074193e-01
1.362784374851552793e-01 -3.478862907525992476e-01
6.531507078405034139e-02 1.202307960250586394e+00
1.317486362910981423e+00 -1.311085476076796263e+00
1.295118392651235961e+00 -1.439482472079443465e+00
-6.284552474570934688e-01 1.866483121987243532e+00
4.079247881140737886e-01 -3.105668846771816871e-01
-7.768380320218959412e-01 -1.715451553422150388e+00
-4.677705383354812674e-01 9.251572084156393094e-01
1.692245782352114425e+00 3.300348045604108438e-01
5.672667469720071853e-01 -8.342202641210186842e-01
2.167614583510761861e-01 -6.617883102008987883e-01
1.180050774916803491e-01 2.582482418018009707e+00
