-1.173092218138296755e-01 -1.246449338364240322e+00
-1.063644059407971854e-01 1.838107917077651088e+00
-1.050090397783613350e+00 -1.344032736161049069e-01
2.684615707019221142e-01 -1.550415345932530942e+00
8.102467893894705897e-01 -1.987631218067408001e-01
-1.029194847014416769e+00 1.082286350682009068e+00
-1.039969305100595598e+00 -1.005769310431709584e+00
1.852539427482611245e+00 3.188853109986644618e-01
-4.186157316375244131e-02 5.583373419058652587e-01
-2.426512854325588997e-01 -4.930978768621002706e-01
5.928069629619898695e-01 2.460707754272713821e+00
8.819119006475071298e-01 -9.213163181147733249e-01
-3.465049506875516605e-01 1.337363636210889606e+00
7.329208916417622177e-01 7.638335526747300763e-01
9.047712264553314787e-01 -1.323433608986910759e+00
3.721643734936412318e-01 -8.833103833776981828e-01
-5.564033992238479609e-01 -7.275695872849599066e-01
3.198785389029114579e-01 -1.669934684572244477e+00
3.521069329061495279e-01 1.513675137340990684e+00
-5.314083423856288402e-01 -1.352136238830447201e+00
5.461870483853885627e-01 -9.819277554567031885e-01
3.235818016297237198e-01 -1.147853378548159275e+00
-1.369330733178504733e+00 -1.952361029368180345e-01
1.275713983808987928e+00 -3.098129800199135309e-01
2.265325606734171493e-01 1.761284612130012306e+00
6.424287954560040648e-01 -1.476312389956623505e+00
1.002318191878568188e+00 -1.109673636691816401e-01
1.114805397906884599e+00 -1.441734614588389973e-01
1.895884374881299461e+00 -1.166406934173381954e-01
-2.070165368430081088e-01 1.962117788567016463e+00
1.018047909329657386e-01 1.093272413739655002e+00
-3.230819752990678473e-01 -5.741411715226374390e-01
1.940284176718297671e+00 3.405505540570639700e-01
-1.409904306593254608e+00 4.095814821185423948e-01
1.272379114226034558e+00 1.724636713077079886e+00
-3.493566761822408662e-01 -1.701303493359516805e+00
1.169118099980714920e-02 -1.566403086439962955e+00
3.363153409234458796e-02 -1.065262500780379679e-01
1.365209944774800510e+00 6.482599210684190094e-01
-4.554969946413832682e-01 -1.385448198971944489e+00
-3.160516808558589963e-01 -1.441632574816499313e+00
3.310365263086652021e-01 1.357741460896620289e+00
1.118112284409532364e+00 7.510827399509965030e-01
1.062905706414339013e+00 2.702739947784603691e-01
-1.321503261872543744e+00 -5.236247649571891261e-01
-2.704175488406329042e-01 1.134798987955788485e+00
1.443489716162565051e+00 -2.003846194956566684e+00
-1.526138130450414687e+00 3.701811318206472690e-01
-9.359488582479789098e-01 -7.531233657604191611e-02
-1.710518255242952756e+00 -9.118552147675417219e-01
4.445538927868367129e-01 -5.853946102687415110e-01
-1.751078166335843900e+00 8.983636688678725557e-01
-7.658890146598436033e-01 -8.097411472459576931e-01
-3.409146571777627588e-01 -2.294545985477848937e+00
5.676721341517488861e-01 -1.681822577684724540e-01
9.171361513346600880e-01 -6.133104627974592660e-01
