5.599401492203511799e-01 -5.334460921272611289e-01
6.856823725981199269e-01 -8.126898013700899481e-01
5.916867683518646226e-01 1.927085406695785208e+00
-3.574988049432507031e-01 4.720391058652921856e-01
-1.817658626030997648e-01 8.487973073969466709e-02
-5.063426084592297372e-01 -1.487449305512033249e+00
-1.209262452499452412e+00 -1.364910066431311186e+00
-3.761297895149023351e-01 2.886462673556602909e-02
-9.586055779580049396e-01 -1.687951668683377315e-01
-3.984494780867485764e-01 -1.552087325656693606e+00
5.467227709018522841e-01 2.026063061274840926e-01
-8.242450793394472397e-01 1.759833938318216884e+00
1.584690698411289622e+00 -9.820466090539787807e-01
6.678356603242925349e-01 -1.513190771219810937e+00
-2.292789427509970945e+00 7.048279642693423552e-01
6.325568784680915546e-02 3.437235866421068931e-01
-2.340545223888221560e-01 1.495771184294879319e+00
-1.095430625638622868e-01 1.607337329323868524e-01
1.763835022828696308e+00 6.219555037428070587e-01
-4.210196383573492351e-01 -8.715291010444768949e-01
-4.170987013629828266e-01 -1.950864562287285331e+00
-7.379325394077409506e-01 -1.746338986799993442e+00
1.400615010724223453e+00 -7.604044905231854834e-01
-1.160790714512866639e+00 -7.507016408458825341e-01
-1.709941822139691148e-01 -5.808396894273929467e-01
3.456205539496806645e-01 -9.236559683703385870e-01
-1.046974870070064956e+00 -1.998208328749336182e+00
4.718673015584525787e-01 -1.008587409678731062e+00
5.760987878889043401e-01 -2.621902664085428158e-01
-4.486151470814901399e-01 -7.993347818749348965e-01
-2.638663041137302212e+00 1.316054444548808267e+00
-7.502013002415784948e-01 1.590408965912798012e+00
-3.647763316221096508e-01 -4.168157354950475235e-01
3.173567133606908786e-01 -9.518409597033619107e-01
-4.808129314507471053e-01 -4.628298648101078494e-01
-2.051308845221585242e-01 1.258684873756071854e-01
1.320821390798522232e+00 -4.576078832990006506e-01
-1.143134317213171158e+00 5.186877018164898212e-01
4.882646920355429021e-01 9.589288070002338626e-01
-1.075474234318694933e+00 -3.385872615820479381e-01
1.174557497147564300e+00 1.039190937095948675e+00
4.841806534570565201e-01 1.746344853363260397e+00
5.018826406475960233e-01 -2.923801518333629668e-01
-2.356486820596434828e-01 -7.278000368921881957e-01
-9.900447852679027383e-01 -7.692919531254795995e-01
-1.518148659374666032e+00 -1.565700753805702616e+00
-7.087216093060046962e-01 -6.873303253433853122e-02
1.890236974166422446e+00 -5.281315000639758006e-01
-6.775861998885257531e-01 -1.365126630241896011e-01
1.056774739616619163e+00 -1.158101946026246221e-01
5.758557727032345142e-01 4.557396253728974722e-01
1.875194542857367752e+00 -1.009678591045895413e+00
1.072261009191206149e+00 -2.055304316179222546e-02
-2.213720260394589079e-01 1.491276133439586538e+00
-2.952435277540171321e-01 -2.030393870174345972e-01
-1.097308631855498443e-02 5.178537038228897549e-01
