9.918687647335641122e-01 7.330566753613425579e-01
2.365090895264537196e-01 -1.645094439022170840e-01
3.348898368929164593e-01 -6.333151187237447965e-01
4.397834359994203801e-01 -6.720957371903861777e-01
-1.407832285454083954e-01 -1.104831104908238437e+00
7.253838567610315646e-01 6.344427484321956134e-01
8.124628960979924930e-01 -9.826337783783978264e-01
-5.908366759834882131e-01 1.108871300443995178e+00
-6.403787614908580395e-01 -1.095965673455647549e+00
-7.499539692368569765e-01 -3.411336303491216415e-01
2.662492714075123112e-01 6.830088074989207891e-01
1.358357082267265925e+00 7.577208556638996839e-01
-4.166093586037071805e-01 -7.190326833089490111e-02
-1.111356626383559698e+00 -5.000026398319387666e-02
9.282267422143561930e-01 1.406144919755337952e+00
1.209561098040706328e+00 -9.280733086048038594e-01
7.034743778232487033e-02 -3.142629102408062702e-01
-2.989708275997001730e-01 7.099750906949288121e-01
1.392665484395072817e-01 -2.176156178601480196e-01
1.789884978107535662e+00 4.643013914837040845e-01
8.708386250618178615e-01 3.964304583609814525e-01
9.339448246725283731e-01 1.208745689883514440e-01
-5.763712972988976890e-01 -1.605502135191599233e+00
-1.901621326955424074e+00 -2.650804265879077359e+00
-8.848049212167914401e-01 6.372404170609113905e-01
-8.754912248083838167e-01 -2.032416604434999496e-01
1.083902793951536880e+00 7.434575434886760148e-02
-1.926492023138216825e-01 -3.591373919677317006e-01
-7.121326286368032665e-01 4.514790512530173494e-01
-7.624792459358360475e-01 1.939013067742379803e+00
1.081880618709362807e+00 -1.194589910636944419e+00
-1.803369709353636052e+00 6.664100129281588236e-01
1.042858574540459715e+00 -5.178653160188123605e-01
1.160201952308437701e+00 -6.141715054493494114e-02
5.538298603582794133e-01 -9.670429386003623340e-02
-1.551648012695722390e+00 -4.156195377899686849e-01
-9.759719860950528680e-01 9.736500402119389053e-01
5.846496262159021073e-01 7.524666563349108328e-01
4.560817487562723871e-01 -1.040226008074751185e+00
6.902471052224211367e-03 7.996143472889184756e-02
-5.321292664071830547e-01 6.917705272034038178e-01
1.835435997108802120e+00 -6.245323924040143554e-02
1.328718588471712092e+00 5.296373307167477895e-01
1.944044232374136094e-01 -1.355057957468350560e+00
1.235154820343585369e+00 1.614992473349196933e+00
-5.180771461988371851e-02 -7.753543514085903254e-02
-1.172103379419378477e+00 -5.413140664062867508e-02
2.431591825114275407e-01 3.930022002265726733e-01
1.288356128616612306e-01 1.617541226019382883e+00
-9.530629593176461745e-01 1.130480445888443208e+00
-1.323886222108630495e+00 -1.399071889513640699e+00
-1.308255849495677081e+00 -1.626221675274509559e+00
-8.908803480968620070e-01 1.221167553519657112e+00
-8.711186721617428796e-01 5.895307595119193556e-01
3.837542888799969076e-01 -8.677181737483501411e-01
-4.545325290970645971e-01 1.349072849313990075e+00
