1.052068064682928489e-01 6.492294216408117657e-01
-1.846935188926765559e+00 1.207902232909893625e+00
-7.455958354950821265e-01 -4.734226132624012595e-01
-1.032090741681711138e-01 -3.625209734201559897e-01
-7.348106357912314035e-01 -7.599937112634601588e-01
5.073569591994773198e-01 -1.049294392187432312e-01
7.207373926548044096e-01 -5.456118755220108474e-01
-1.173589871515009486e+00 -6.222620524875067671e-01
-1.593367188133994472e-01 -1.065219633201328620e+00
-8.644671615200821835e-02 -8.617070395924411041e-01
3.380044365406077445e-01 4.554593406209260231e-01
-9.456022116453245419e-01 -5.716222167448455904e-01
1.178986677648209414e+00 -1.165712083622501227e+00
-1.968654179326681797e-01 -1.349250158971008196e+00
6.352377903948150939e-01 -1.619463232671517483e+00
-6.811250954059060170e-02 -4.544753081683211016e-01
7.164623249096734314e-01 -6.788925798619219742e-01
-4.862643324100580228e-02 3.760445381699113465e-01
-6.488140300515038428e-01 -8.764425125724956134e-01
4.083569056613198800e-01 -2.111571396667714762e+00
4.189920189352791535e-01 -1.236700854029049168e+00
1.674584894999765039e+00 5.353042502327741703e-01
5.202568692683041673e-01 -1.030152242143879127e+00
-9.783659325970123222e-01 -2.175774216213675061e+00
2.794462137676004265e-01 7.554430472657568396e-01
1.650213919530662876e+00 1.608399760523893385e-01
-1.907932705096262005e+00 -2.162773001794001948e-01
9.840939072648204056e-02 -8.564834652377109059e-01
-6.491017459777965737e-01 -1.722158267440936585e+00
-1.336875573447803944e+00 -2.713498735693373742e-01
-2.435123464620929101e-01 -1.123093339459082518e+00
7.545691401852853142e-01 6.272553515662471213e-01
-1.047830077103583779e+00 3.124978130972282386e-01
5.707931056904952394e-01 5.462244994864292602e-01
-1.301508933313196392e+00 7.484103880133933240e-01
-5.247631118975036868e-01 -9.649714598392569176e-01
-1.543500585219373944e+00 9.292121780978104262e-01
1.738946189106377882e-01 -1.200692032404770293e+00
7.827745147136552228e-01 -1.300362905100838073e+00
-9.298743066831968163e-01 1.532117912061335963e+00
-9.388064705433831758e-01 2.980726474744886390e-01
-2.218421811447841563e-01 3.316781494262423247e-02
8.424400777505727800e-02 1.567600977607741308e+00
2.122880462269169377e-01 -1.132164499651265199e+00
2.542724428712103135e-01 7.189354962915532887e-01
7.499683309068234660e-01 8.704082644240865863e-01
1.011042283768485150e+00 -5.871928560049236578e-01
-9.960085439136315832e-01 -1.168224260669328413e-01
-1.449661377352133629e+00 -2.274453713233189622e-01
4.318620286738573955e-02 -1.064079580765001504e-01
-8.906897160333322738e-02 -2.629579934920407980e-01
1.134627954059451715e+00 1.133328741914916282e-01
1.256345784796575327e+00 5.082714684618336864e-01
6.986132748931550562e-01 8.999642932626844560e-02
1.275306677743097250e+00 -1.095261833640292615e+00
1.148819450444719253e-01 -8.423471712911054787e-01
