2.309088960784595468e+00 -3.548786030856371232e-02
-1.939837752250810898e-01 -4.215751037045492589e-01
-4.147203846354117207e-01 9.357680551357413501e-01
7.641910131368861991e-02 -1.692561599791215343e+00
-1.120347475578657326e+00 1.389449444970912051e+00
-6.388745052527645685e-01 -3.556370752472781116e-01
-8.281866297916793407e-01 9.290277796595585169e-01
-1.697231365401744452e-03 2.828117032398266506e+00
-2.708950474346074055e-01 2.683609986293003402e+00
1.164796574989291011e+00 2.168513995726823185e-01
-7.891392190341559587e-01 -7.008665897662644806e-01
-7.348764473276752085e-01 6.409651581322525216e-01
-2.065405943769181185e+00 1.801808833587865422e-01
6.834877319035918830e-02 2.845865565471690853e-02
-1.353946877296788032e-01 -2.044105776183814949e-01
1.319625827245680227e+00 1.428721995641700770e+00
-1.438743206775301209e+00 -1.590200446346882401e+00
-2.196288653425235271e+00 -1.643460638027585408e-01
1.028638992838487587e+00 -4.515638523191929932e-01
-2.191830499623668160e+00 -1.906798647185219409e-01
1.013091000091835170e+00 -3.749045723411626452e-01
5.549950050926243383e-01 -1.532166641269195217e+00
-1.252980122198556368e+00 2.087128499058449993e+00
1.152068337031193074e-01 -1.679278438923517969e-01
-1.991635087555206685e+00 -6.283210247117269583e-04
1.374607256753770601e+00 7.973498365144051636e-01
2.909605682613637390e-01 1.018376099455617689e+00
1.180830096386505934e+00 9.539790590387512426e-01
4.196251854615803412e-01 5.276038291540131181e-02
1.427926455358038416e+00 -1.795639335017163107e+00
-2.484330228339884927e-01 1.188564025179811745e+00
-1.348092452668047558e+00 -4.518138885577424047e-01
-6.819516782139082300e-01 -3.671561043249926826e-02
1.611508747854033308e+00 8.778125595916530521e-01
5.520715996566246675e-01 -5.331634866263380568e-01
1.250497380012634663e+00 -8.538749186955680859e-01
2.021793842449148837e-01 5.488237170625973604e-01
1.030920777207078531e+00 -5.324513815594188459e-01
-3.537552176035831386e-01 1.494150477956396994e+00
1.002309249691949455e-01 6.511834394881773624e-01
-9.681128200916980231e-02 -1.249760119004839742e+00
1.721420097457024401e+00 9.227393482254714341e-01
-7.274795399496603032e-01 8.988512610378892598e-01
-4.376125968209254036e-01 8.788263483275474686e-01
5.096609843468170586e-01 -1.796364413768681834e-01
1.919154093731921140e+00 -7.535461526649831487e-01
-4.108063308918707274e-02 -1.152773613761597371e+00
7.947294687315274997e-01 1.114006509118539295e-01
1.121784152193802786e+00 -1.483208507923247543e+00
6.409967440804162919e-01 -6.399999291280439317e-02
1.608719516913390324e+00 7.155455862979959170e-01
-1.062867575811884402e+00 -4.938605113652520529e-01
1.519819599390643539e-01 1.499721422678512717e+00
1.126129960991958390e-01 5.964322631343981218e-01
6.354718748523189298e-01 -8.518363344677416515e-01
1.259181671554759685e+00 2.527641359127537068e-01
