5.224236450836688972e-01 2.631972344279234211e-01
1.767750694366388320e+00 9.167257978255319295e-02
-4.439918851882490580e-01 1.572960011776309563e-01
1.806432182676777520e+00 1.085730356536996011e+00
-7.846070148387833398e-03 1.380157883762780147e+00
2.517212446355932443e+00 -2.346056309521103778e+00
1.889300693588830127e-01 -6.561227289117026462e-01
-1.350856531546710260e+00 1.247109319438610475e+00
4.986592533154331486e-01 -5.416253631638756616e-01
-1.698626702272504896e-01 -1.122362580978199381e-01
9.223868366080002490e-01 1.033420941667458764e-02
-3.825093447324680596e-01 5.532524080071550276e-01
1.061845336086077118e+00 -2.835044569696967484e-02
3.043149730440692508e-02 -3.137555907492476336e-03
1.608963453511869091e-02 -5.076926441888856070e-03
-7.120666263900767012e-02 -1.238027239318605144e+00
1.433704707617842855e+00 -3.088495373060113902e-01
5.168059994361426934e-01 5.632006205407245059e-01
-6.603097203291187212e-01 -1.533838725815379611e+00
-1.470411640093335803e+00 3.029532515210624055e+00
2.083502526718134656e-02 2.320916902978731877e-01
7.567446797082677534e-01 -6.012813870022319929e-01
-1.339989952951075480e+00 -1.058744152709621078e+00
-1.904656825786370522e-01 8.220519766272856854e-01
7.179643574495948588e-01 1.512699669429244276e+00
-2.116432747955935278e-01 3.057960005436609618e-01
2.087752905766024902e+00 1.835661030548175754e+00
2.628516538860296570e-01 -7.240419531910029516e-01
8.155971416497399817e-02 -1.622449798547935806e+00
-8.887001538964715008e-01 -1.190631895581808708e+00
9.462669277578269478e-01 -5.768928613237389591e-01
1.750579517755904257e+00 -3.392778597256314588e-01
3.391645486914871555e-01 -8.595739298543567664e-01
8.378259333490981620e-01 -6.545784500260769523e-01
1.095175996677795194e+00 -3.218585516288757081e-02
-1.221211956470512061e-01 -3.207182563008389997e-01
1.399544877770213080e+00 -6.957044987493986588e-01
-1.734911365556585983e+00 2.069793189405407574e+00
-2.734494538306708744e-01 -2.710893376844042968e-01
-7.130328012833813123e-01 3.692782533151912905e-02
6.999269856858188199e-02 4.524473886982192106e-01
-1.574188758671192456e+00 9.133101042280901138e-01
2.990276628339163523e-01 -1.167135879992201142e+00
-6.608108696784495972e-01 -1.342136892175297413e+00
-2.050350069256199337e+00 -4.358317995995028560e-01
3.430828217446098005e-01 8.454198480972140439e-01
1.964033107557887403e+00 -1.399479983522891935e+00
6.047512167872785838e-02 1.233997465669468108e+00
-2.600668278704269643e+00 -9.517451886345711376e-01
-2.307055012484457102e+00 -8.622226334634537359e-01
-2.289694934318970421e-01 -2.205403936113159158e-01
-9.371052986195418377e-01 3.084492222911826564e-01
-9.521493815548367490e-01 1.070037862819320340e+00
1.674336717092404225e-01 -9.918371498681362031e-01
-2.498787685583231166e+00 1.043187466665749907e+00
-2.290413885140445971e-01 -6.584754746087189137e-01
