8.186694110893226739e-01 -4.716135339213766153e-01
-1.397684740859169050e+00 9.967304907384709756e-01
5.573662534447603178e-01 -1.462575673547188648e+00
-1.866740381210887367e+00 -4.505500049261815243e-01
-7.948619852211714631e-01 3.661824236040198133e-02
1.281606340065294170e+00 -7.764446577655541581e-01
3.659869537103020987e-01 1.095036829211336826e+00
-6.458321595685070360e-01 -1.953457653379986614e-01
-1.708480134770193892e-01 1.066381887668774509e+00
1.018295129889303485e+00 1.318027294703282726e+00
4.778326080965170607e-03 -3.720821855647410414e-02
8.131667691566329959e-01 8.050358609419481226e-01
-1.336732633055851771e+00 -2.137622521640731854e-01
4.839398676754194314e-03 2.555680640780672586e-01
-1.196560245486670837e+00 2.965944589867503534e-01
-1.456470514362124380e+00 -4.434178803247511569e-01
-1.335096782217669142e+00 6.331555699659370540e-02
-1.649889735152358650e-01 -8.362529392726989474e-01
1.085402350521926129e+00 1.717422331615283237e+00
-1.483732226527599174e+00 -9.679138835930772844e-01
-7.662753790186059843e-01 -6.767591499889239470e-01
7.513466654926030941e-01 -2.058833953405684591e-01
-9.115353758806392648e-01 4.280295420337240087e-01
-2.745683453404970664e-01 -2.496635940341121185e-01
-2.169186650893620838e-01 -6.375064527004671577e-02
7.404001166087605945e-01 8.141417567943027428e-03
5.571354888101073266e-01 -3.720812899257185946e-01
3.596655377302066525e-01 1.223903244439167981e+00
-6.108360952803390184e-03 -3.097647987855262075e-01
-3.037505633412488359e-01 2.304276269528739096e+00
-4.014911303580471769e-01 1.061084662594817596e+00
4.835789075372421975e-01 1.328744295283514010e+00
2.559610226272296174e+00 1.029066919331414809e+00
-3.578780358402804396e-01 -5.301312266986386579e-01
-1.129573486263706572e+00 -1.074669243929877505e+00
-1.451223699735853523e-01 8.217060111284858748e-02
9.965598813996401351e-01 2.102830921179155155e+00
4.731125279011712537e-01 -9.055961414231952222e-01
2.430708976726089487e-01 1.336966948160668744e+00
4.274985096616511493e-01 -1.161242836774527332e+00
-5.250530097908461258e-01 9.827919743014806864e-01
9.704723696009442957e-01 -1.852973781573235001e-01
-2.063328341013974665e-01 -4.228174849184145323e-01
-7.570807300768691572e-01 -1.402876927873500268e+00
-1.700161396409596501e-02 -1.027984383707841287e+00
2.561169043415894464e+00 1.806996991819313614e+00
-5.427913087749259846e-01 9.133672043376851457e-01
7.902880626411699083e-01 -8.967923796803070058e-01
-2.915146222098108364e-02 -1.898015848593908872e-01
6.424618325146665976e-01 -1.816603795375396624e+00
1.264359047973334649e+00 -1.530597908337757218e+00
2.008097205358041482e-01 4.615934031191270548e-01
4.215656915879729683e-01 3.598207321509592771e-01
9.625130700063404543e-01 -1.528696985729387059e+00
-3.001205527823107566e-01 -4.051084574033955166e-01
8.942534532722036522e-02 1.519432119266731218e-01
