4.523351305269370237e-01 -1.414214560046618274e-01
-1.330010280222038155e-01 -2.818982784924283780e-01
9.742251931406872290e-01 -1.784853097332750882e-01
-1.487307358934992996e+00 -5.430009935335246007e-01
1.324997105652134799e-01 9.688613643596450942e-01
-9.499961386894567594e-01 -6.932466894888199560e-01
4.627935238802061702e-01 6.192965858046982630e-01
-1.003870079077580080e+00 1.481289153485382259e+00
-2.968027808591949812e-01 -6.326068837164361414e-01
8.708206493884180777e-01 2.387276612525650599e+00
4.439044980579471278e-01 -8.827013576966918906e-01
6.691574255206917954e-01 -1.237831371918709733e+00
1.885729227499379212e-01 -1.609678853510436936e+00
-1.450099162950062581e+00 1.331811097632498386e+00
-1.004581218477573201e-01 4.252794045010636070e-01
-1.550890914001373133e+00 1.625105677618650768e+00
2.901935034838073468e-01 -6.952949783583770582e-01
5.975110047092671017e-01 6.645932157234858417e-01
1.652302023649677265e+00 4.717647735931520536e-01
-1.233617646531883327e+00 3.170001506613206566e+00
-6.986535288032867941e-01 1.046469078297251193e-01
-1.016571044346237462e+00 -4.897118641658722987e-02
-2.210245244855408298e-01 -2.508478870089821400e-01
1.646308769791115845e+00 -6.966547119932363641e-01
-9.999624450461681580e-01 5.014949253484382585e-02
-2.366731229189848462e-01 7.735845843815192246e-01
-3.231688628285398629e-02 6.850035160479973628e-01
-2.157856354308995694e+00 1.627621465569458303e+00
-8.009517755963079244e-01 -1.180544327907554703e+00
2.442444879871996932e-01 4.240042834799268578e-01
3.311573448225577643e-01 -2.363082509998295777e-01
2.167816703330605055e+00 -7.669761767920872941e-01
1.732841858748425667e-01 8.842640394152992966e-01
-8.803399440070715232e-02 -7.470590732663018319e-02
1.573784918130537447e-01 -2.466563856200650329e-01
7.983482074033765308e-01 -3.995628338914702926e-01
-2.582418790399341746e-01 -7.985414990956508641e-01
1.831526428127389305e+00 1.080291209955090093e+00
-4.991541412439258196e-01 1.489201141229046899e+00
3.363129144951581551e-01 -7.901203099929510199e-02
1.251367457905276037e+00 -5.162358663628786593e-01
-1.409794734764187873e-01 -5.549971463257570292e-01
-1.728967671800686612e-01 4.383544796356238504e-01
5.292194486638429618e-01 -6.569299349060325754e-01
1.176226936367577858e-01 -1.222734826807011954e+00
-1.013391940425905968e+00 6.148356441194099409e-01
-2.005322043929292919e-01 -4.893011648617493492e-01
6.080565781411831905e-01 1.220501300574413195e+00
7.597730217384766060e-01 -5.447527093376598462e-01
7.320976068155109484e-01 1.785655029507367209e+00
-4.200499815076035870e-01 -1.571331045586673136e+00
2.232342880866358570e+00 -4.134241305975445702e-01
3.238020562391355495e-01 -2.007590908042521938e-01
-4.211546813571068748e-01 -3.516101728316591846e-01
-2.322141367317567540e-01 -2.281658612323279378e+00
2.123820008987875596e-01 -3.806838592518716480e-01
