1.424531968286776085e+00 -2.698983615148270676e+00
1.693816390819248285e+00 1.135729038817836933e+00
-1.607895075006862573e+00 7.663082561168241269e-02
3.622592552554699807e-01 -3.491894503451505732e-02
1.211079825939207044e+00 2.519359861242380649e+00
-7.515073754069641065e-01 -1.040448741211461137e+00
-1.191752529242729119e+00 1.735365398031905038e-01
-1.727205087886899193e+00 -1.583186687204628296e+00
1.839230821173872543e-01 -2.213579569598074226e+00
-5.306951866416337316e-01 -2.155130891755228539e+00
-1.058415291152368765e+00 -3.983297633128305426e-01
-9.249129598193820412e-01 7.484416834135994012e-01
-1.117978053096171584e-02 1.635574767705810340e+00
-4.974415768668419835e-01 -1.314313888473704228e+00
-4.320034292297567635e-01 1.284919409393781464e+00
-9.390277308676978629e-01 -3.861666104013460887e-01
7.092955659480653097e-01 -7.858106716552100135e-01
-2.484434317015905780e+00 -9.595859793776759794e-01
-8.957416383689532913e-02 -1.568682134802512396e+00
1.309631409335528518e-01 -2.364823485421440719e+00
-1.946601581374297396e+00 4.834178218115339210e-01
-1.091104211561446879e+00 -1.410486850884030252e+00
1.011869870269661575e+00 -1.209155139716129090e+00
-2.557282767481134367e-01 -1.122688462099650925e-01
-8.504812251693140424e-02 3.404215462560590821e-01
-1.215014671793719359e+00 -2.002600222869206081e-01
1.091671858782438109e-01 1.563012684453504164e-01
1.310017334834222336e+00 3.754341321264122455e-01
-1.431144736626775771e+00 -7.588244143166632538e-01
8.902478958026613931e-01 -1.431731415431569232e+00
1.882087186914072952e+00 2.202945960114123469e+00
5.436401174333665987e-01 1.610998449024071633e+00
1.556008754361943858e+00 1.030301648280228077e+00
-8.520298123957724679e-01 5.384948538657415851e-01
-1.700624057046518089e+00 1.206408925722118219e+00
1.240025347647395249e+00 -3.665917096380140738e-01
1.780303292579207830e-01 5.896027192993694710e-01
1.710869072618169007e+00 3.099869247127138849e-01
1.435308544482468696e+00 1.683286848266291491e+00
-1.636718254828025909e+00 -9.552551135170455066e-01
8.414853008031637494e-01 -3.477088043714245402e-01
-9.269401649016780764e-01 2.196295452594264341e-01
-1.249639816080052812e+00 -8.944835616264361633e-01
4.153296216703120103e-01 -2.445732074195111350e-01
2.856794194822417920e-01 2.401454153128987024e+00
1.498953331491231333e+00 -2.570446139290799015e-01
2.856955635682070782e-02 6.688569490906663972e-01
7.906825566112325732e-02 -3.422873129422725480e-01
8.251303820240789566e-01 4.696905870021251261e-01
2.704168711494581157e-01 5.725038416910808170e-01
-2.285385724914487382e-01 1.597829472985151433e+00
9.038356542762207568e-02 -1.526977107319358873e-01
1.431973608394256026e+00 8.249429354115103141e-01
1.263587084068536377e-02 2.095963499995575852e+00
1.040322479553293045e+00 4.367305640558938329e-01
1.645905992933027973e+00 1.448896405996075831e+00
