1.545229239487463102e-01 3.444676980088068330e-01
2.898395480559048387e-01 -1.371528226863437450e+00
5.667025552593507598e-01 -2.016965605654162275e+00
-9.210567603371999645e-01 1.338098468302341804e+00
3.416786504587996376e-01 1.664544438625714384e-01
-1.463168641130605518e+00 -1.953583267887785135e-01
5.698384768708052439e-01 -1.917560658688320485e+00
1.161356479070030145e+00 -1.761229493547492364e+00
1.237607530058963068e+00 1.884587656708374581e+00
-5.343952418041730823e-01 -1.185678842079412182e-02
-1.301004173355998716e+00 -1.219586417138467938e-01
-3.380367750502458191e-01 -1.024828585052573793e+00
-6.647706494785772247e-01 -8.299211621560023122e-01
-4.795636067238344680e-01 -2.126266962694002560e-01
-2.187115279193404260e-01 6.846827304341207565e-01
7.817962311380468599e-01 -1.078997427905107998e+00
6.644388275884217654e-01 -9.282554360054330322e-01
-1.070753415381819479e-01 4.805693459901891895e-01
3.959822389644037099e-01 -6.771051111926881250e-01
-8.008164652702339792e-01 -1.630381955778177128e+00
-1.626967794373287632e-02 -9.912553581865769514e-01
-6.702649491072497634e-01 7.085053730304153863e-01
6.153466766316382230e-01 -6.637657751836112396e-01
-5.361709857499901144e-01 -2.437642196080405943e-01
1.845929347525118613e+00 -6.438392824627505728e-01
-8.621965341167513452e-01 -5.362634500944166716e-01
3.045605700522136527e-01 6.734663856710271235e-01
3.055999341481537845e-01 -5.362705847250082147e-01
-1.020160786486408844e+00 5.307433704744624059e-01
-9.029182030418366756e-01 6.450854469544337055e-01
-9.705387105080258425e-02 1.444852789772407720e+00
1.587094840697869769e+00 -6.954634675427019408e-01
1.149299744118848166e+00 -1.928242973383967440e+00
-8.486080741373152048e-01 6.733558785363829013e-01
-1.243535178741513869e+00 -3.096265430478803982e-01
6.759597144761594345e-01 -1.049039243629892315e+00
4.151419828497285858e-01 -4.838620861181275878e-01
-6.617697828364279555e-01 4.238505799223767356e-01
5.387276515881062044e-01 1.031051300913184310e+00
-1.896632904476090453e-01 -1.099724414188526067e+00
-5.233319738717798764e-01 3.654317594346400133e-01
-4.084521304039929190e-01 3.910902809714497108e-01
-9.781814203465217794e-01 1.596068100497213704e+00
1.175028594728221742e+00 -4.316069534223447302e-01
4.186833987209948593e-01 2.762629325771071565e-01
1.415917030634386287e-01 -1.390846410658096444e+00
-5.381596656795932798e-01 -3.876255851253629925e-01
2.803817253545570209e-01 -7.648018195331177660e-01
7.750671778179060029e-03 7.814412692324677057e-01
-5.076744126613000896e-01 1.635339039901116287e+00
1.143816310829855354e+00 -9.386807832227514470e-02
-5.220227400546108010e-01 1.301673461613779559e-01
9.706088592684197769e-01 1.449718985884540290e+00
-2.251073722741412930e-01 3.108077956849273904e-01
-6.499584910369892166e-01 5.509511296404252523e-01
1.538987927704488001e+00 -1.991393909207147539e-01
