1.017270596439791674e+00 1.163592223332216430e-01
6.111892065326571810e-01 1.871520028761673782e+00
-4.291825432247700078e-01 -1.022071281395371678e-01
-9.387929094879399194e-01 9.148450631830903346e-01
3.402865676501184988e-01 1.015324945639481946e+00
1.256802093275400933e+00 -2.180808283867637920e-01
1.256773058904416374e+00 -1.222878647395843343e-01
-3.994421743172511530e-01 4.572338382393803524e-01
-4.243803824026704530e-01 -5.524334483023509712e-01
8.405712874072240881e-01 1.096097265677219657e+00
9.164085415334791707e-01 -1.529122528853317231e+00
5.342232677957705622e-01 -5.710069074225825325e-01
3.502366254401793610e-01 -8.970833226097316704e-01
-4.599342097422422504e-01 6.408597014231749434e-01
-5.425766045909837798e-01 6.905271545544776624e-01
1.314996724790939542e+00 -1.560285918789254822e+00
-5.873336906945273578e-02 -1.040141295645356512e-01
5.950951315481232129e-01 -4.374550577296134612e-01
1.528787933454235137e+00 5.031727485965132862e-01
-6.926266462090437948e-01 6.410842509343306350e-02
-5.091773863284658752e-01 2.039498849661836921e+00
3.483675184511983436e-01 -4.145743440741709307e-01
-2.028419857746312172e+00 5.875096150093350039e-02
-1.891055733582513554e+00 6.346674216944065972e-01
8.249004490186070404e-01 6.922839277567890415e-01
-4.513904514529816780e-01 5.922663487250839909e-01
-2.620294861868766381e-02 3.152552045077040566e-01
-1.541622564660993788e+00 -1.064608672252308486e-01
-1.164476988603377006e+00 3.570203048992062200e-01
-3.504028905744157596e-01 -7.090248883077020503e-01
9.848468071322634687e-01 -1.380116026900605752e-01
-2.077486989575843268e-01 6.873175191309210952e-01
4.142420378998684094e-01 1.025230307552783104e+00
7.603877893096848695e-01 4.549890391097757142e-02
-2.155052273225236625e+00 2.195624208597701355e+00
-5.461469151406995737e-01 4.346976462359707916e-01
-1.773347300490631939e+00 1.407706906841438288e+00
3.950051367173178507e-01 -1.381944765548287490e+00
1.098924392887428603e+00 -4.677532055949003009e-01
-3.643601809284699455e-01 1.865004353417757610e+00
-7.011763450711271384e-01 2.215071460453642560e-01
-1.959580931572248108e+00 -1.986161804489002591e+00
-1.281290128826702901e+00 9.084309364824881827e-01
-7.673960969868784954e-01 9.945797110006270314e-01
1.014153771889634514e+00 8.166106739770880862e-01
-8.043161223753422240e-01 4.080716312436610260e-01
6.642972236627928684e-01 1.069857232187742535e-01
-1.844512718367852522e-01 1.022383230741283455e+00
-9.759627017592421572e-01 -1.320296649871147476e+00
5.507397281693832830e-02 -1.206860981210768902e+00
-1.372338460234326651e-01 1.262425731344238411e+00
-4.218970785290700187e-02 -1.044649630716721830e-02
8.985910919497157590e-01 3.098926436489009562e-01
-4.133032535744931568e-01 1.730926496654440427e+00
-1.418350166475570218e+00 1.708850980964119248e+00
1.339911927557926041e-01 -3.898721370392767005e-01
