-4.550265649486676112e-01 -2.407861381090205644e+00
5.950164860729605376e-01 4.258822435630083003e-01
1.360636178261215301e+00 1.740237545528568575e+00
1.044175583150294129e+00 -9.744306543712403235e-01
1.127237411817573060e-01 -1.953867496918237634e-01
-1.074282149773761796e+00 6.434334661987916038e-01
1.061017102010800128e+00 1.387532861878592927e+00
5.215312704533557608e-02 -1.967346430789363998e-01
1.235785958404745255e+00 1.129339022861435948e+00
1.116431856641598053e+00 1.576921860907365136e-01
3.530981372900160453e-01 -8.353078609562826218e-01
-4.492414494297592986e-01 -8.169310683087797065e-01
9.880837275694318578e-01 -7.848429463329570366e-01
-4.603981169949132868e-01 7.985642256518378224e-01
5.054408049336959197e-01 6.812164413926352635e-01
-1.752499239414795351e+00 -1.443210032960443368e+00
9.863295963634841623e-01 -1.097807923304828126e+00
-1.352625837268723430e+00 1.182167928474460616e+00
7.681975399962629458e-01 -1.286297489152501194e+00
7.405150040154560021e-01 -1.260382351667510004e-01
-9.878025792903131208e-01 -1.172163188643752241e+00
5.291844225055221118e-01 -7.459985362633888561e-01
-3.844257965606810989e-01 1.769912303358894157e+00
-1.833372303347688748e+00 3.407711611076267300e-01
8.830931331877445167e-01 6.641100891302462728e-01
-8.473382403453606493e-01 4.272352054628515972e-01
9.210052993784434427e-02 2.698975413809544532e-01
1.699034821819983776e+00 -1.039212622154709553e+00
1.678235035952657106e-01 -5.149048375094059660e-01
-1.312314532415772117e+00 -2.444247023383997464e-01
-1.177381839113817996e+00 -2.304703628104230795e+00
-2.648339710605787101e-01 -5.169437649125611101e-01
-1.362269797141372862e+00 2.984767954893934316e-01
-1.524511097296452844e+00 3.249899503650600929e-02
1.149871168970967528e+00 -3.242562342605871395e-01
1.860955574389064227e+00 -4.365226063577823390e-01
-1.047028525850977498e+00 6.365334504879465172e-01
-1.180281731185519822e+00 6.538810177489415842e-01
-9.274055722440227578e-02 -7.262222172401525677e-01
1.434908002334410071e+00 -2.211171089966227354e-01
2.430748542491910635e-01 1.480379375319451185e+00
1.867226350588868877e+00 -3.484624910204629500e-01
1.151032280744500147e+00 -3.667651252789798644e-01
3.389708762968058342e-01 -4.969989586957564986e-01
-2.716076729337856932e+00 -2.936198189821961346e-01
-3.272308767159278764e-01 8.120354331952754912e-01
-6.023568582555015316e-02 6.282327160669347599e-01
-5.673167213966670008e-01 -6.715863985677679171e-01
-2.855698559773853229e-01 -3.018422979651359528e-01
-2.268333075376349761e-01 -1.302999897984068456e+00
-4.483531466365616169e-01 -7.972983186331664696e-01
-5.996679782705655049e-01 1.184660603368180798e+00
-4.523612349015039280e-01 1.289700013266415368e+00
1.232512890403133943e+00 1.059088102480585158e+00
6.666407232554446560e-01 7.035382334410922311e-01
-7.481464767949808081e-01 -6.061351137032916503e-01
