6.519838435347313776e-02 -1.520722588055185842e-01
-1.682765997884876352e+00 -1.955384408118634176e-01
9.579013492487790105e-01 2.737635315044710360e+00
-6.381446159181143329e-01 2.791279938419286566e-01
6.351371086937923627e-01 2.983320626564446854e-01
-3.118872531072817700e-01 1.659663724270693086e+00
-6.928790524348806823e-01 6.941112360915883128e-01
-8.567431805151710933e-02 -1.704484214602608905e+00
1.650090730144564422e+00 1.446878644564343563e+00
-9.665389551954932656e-01 -1.059264863551226510e+00
-2.069572326279315866e-01 -3.608168714379724751e-01
3.675328473267536200e-01 -9.600481300879664115e-01
-1.055246651127664725e-03 -4.137163249708795260e-02
-5.589760847683491463e-01 -8.465143099562366658e-01
2.676991670787517985e-02 2.737105997385445022e-01
1.191182566431023604e+00 6.484414354203136277e-01
-7.954445137342904815e-01 1.492387623682761788e+00
8.388271029127848388e-01 -5.497792059407282661e-01
-7.500736602640013517e-01 5.689627611518021100e-01
2.287431232298233308e+00 -1.966951275097599705e+00
6.368293344941091672e-01 -1.544030961631485566e+00
-7.471085497592372393e-01 5.118240226127007686e-01
4.113113436567557568e-01 3.456327498769150991e-02
2.898020076353810537e-01 2.822747776586016499e-01
-2.208651438287002833e+00 -1.014092763804617769e+00
1.036987193552824316e+00 4.894211167398284656e-01
5.903261953165836462e-02 2.018613296685852487e-01
-8.579344067140351471e-02 -2.164628134817514926e+00
-2.834799753277168488e-01 2.121860519633271824e+00
-1.724043285462431019e+00 -4.555780893306382029e-01
1.280502282212402365e-01 5.670692002049148028e-01
9.226601648040126669e-02 1.525192035006623259e+00
8.190811549042447126e-01 -9.637055733832305959e-01
5.187767767047781753e-01 6.340792609791543466e-01
-1.200704302898568221e+00 1.146878926659557374e+00
-2.615609637374507468e-01 -3.746477827149211071e-01
-1.683882573251669790e+00 -5.558793046921363112e-01
-6.286232578412555005e-01 -3.802387185105682299e-02
3.299671047971282634e-01 -9.464095470268336641e-01
-8.414676079968629319e-01 1.636308478704746161e+00
-1.576704631794198397e+00 4.877299418016071697e-01
-4.814222383828682950e-01 -1.085848394341902168e+00
-8.330180166722297441e-01 -4.147378736988581727e-01
2.425193884306303116e-01 5.167097401102028753e-01
-1.127425659258425306e+00 1.106241437373915559e+00
2.575910962571061336e-01 -3.954170063194740181e-01
7.180098478535430484e-01 -3.864814832948202938e-01
5.566607817808441050e-01 1.781259195778190363e-01
-8.270521436634348245e-01 -1.722274228107907978e+00
-9.540190704531261723e-01 7.539915116358504310e-01
-1.075338325417383445e-01 4.246261019073186982e-01
-7.180984467468143340e-01 1.543424714866286074e-01
-3.693223157163164072e-01 -2.261308475686428787e-01
-1.291698862953592153e+00 -2.527906904328409803e-03
-2.128874556386733952e-01 -2.038496137075893611e+00
5.243848952189307244e-01 9.102764318449422243e-01
