3.687213052009703507e-01 -6.450217073479601326e-02
1.381951560794995038e+00 2.654506140820113713e-01
-1.437771664983059638e+00 -1.477488084824161441e-01
3.031912291666193360e-01 -4.901958374295052601e-02
2.677255321366255325e-01 -4.856175173559648672e-01
-8.817336773044924803e-01 1.560900602531297976e-01
-1.590365836838208757e+00 2.303438317796563384e-01
1.606939603418195972e+00 -1.684562304975950608e+00
-1.389214077821817606e+00 7.129659483467438719e-01
-9.196157594754993114e-02 -6.158406220585367352e-01
1.593075889950525070e+00 -2.402928483250283409e-01
3.604746176809894287e-01 8.288012361157898189e-01
-7.385105574393160399e-01 7.390934749407154780e-02
-8.004614426785987558e-01 5.320054217627142590e-01
3.740156058885601986e-01 2.225764790277926786e-01
-8.642122274911216984e-01 -4.732055157102044718e-01
1.083798330918870345e+00 2.006017279886056215e-01
-1.378889764535655260e+00 2.919475645359583815e-01
1.225793495937761213e+00 -1.431018532695682799e+00
-6.071009923386592178e-01 -1.838571080292464632e+00
4.837379599345645875e-01 1.171624488648200346e+00
-1.064391488131612329e+00 8.605538115448645164e-02
-2.575873240937925912e-02 -2.492301385398029978e-01
5.145835937202449806e-01 5.597205277829473413e-01
4.401124033997868418e-02 -1.736390099560918276e-01
1.036464684872974162e+00 3.712707146774166245e-01
7.295233143042353929e-02 4.224324232957345493e-01
2.442356623692178985e-01 -1.492623756479604380e-01
-6.724915983160903998e-01 -9.973389020705243357e-01
9.224821842441930375e-01 1.843211548062922978e+00
2.302122306371230942e-01 -8.850459113942710232e-01
-5.912453013139853386e-01 6.690586171909657098e-01
5.433874504380714621e-01 1.085719841049918866e-01
1.197575192079398221e+00 -1.279614957461288303e-02
2.168630110661502020e+00 -1.036826523056141758e+00
6.576223436746317930e-01 6.791634529971838363e-01
-1.997901526904197977e+00 -7.110972576848019200e-01
-1.247437179783291050e+00 -4.980627491209753677e-01
-1.175928670925318498e+00 -3.595668015578350474e-01
3.737557167333504515e-01 9.311966754429406024e-01
7.841429679441838108e-01 1.012634631241517980e+00
2.499863646755554614e-01 -1.294974406528076383e+00
9.220879386245690590e-01 -2.370472784902799113e+00
7.418583583442150964e-01 4.190205707356445819e-01
-9.462673902054660191e-01 -5.844139842938439466e-01
-9.616483732900887871e-02 2.975931079317596151e+00
-1.072073533236148402e+00 -7.850663074958954546e-01
3.620237612929328441e-01 1.295902317425388306e+00
-1.299880162760454150e+00 -6.610929087896784129e-01
-2.161001603527312742e-01 -2.046362639471549782e-01
5.503867109484336106e-01 -1.334198370902939246e+00
1.691446797926596357e+00 -5.350143051883435863e-01
6.525269211091007104e-01 4.313738630994113921e-01
1.273819876705193366e-01 -1.176071426652002705e+00
-1.449219522031688800e+00 -1.745367269467542837e+00
1.169011286251125492e+00 -8.213752063203066944e-01
