-1.298035274579412590e+00 -1.315543476676013679e+00
-1.082863521010921870e+00 1.060739072095167046e+00
-5.797005973335840334e-01 -4.588562544647913355e-01
3.759864462535187912e-01 -9.534531071146523651e-01
4.489492693956284586e-01 4.647560546654549429e-01
1.559152087172921197e+00 -9.494046549091736953e-01
-9.582063485203073938e-02 2.530589414335294718e-01
-1.407593606002766951e+00 1.545791775942428892e-01
-3.250562142326790527e-01 -1.785330003221483608e+00
3.399314430911879459e-01 4.416555160699083826e-01
1.435272092221417106e-01 1.336367887442550861e+00
1.645917478723866401e+00 1.300753763106548000e+00
-2.451957281772969843e-01 -1.335511330286040854e+00
1.508614043794293202e+00 -8.265404708100272668e-02
6.438302926635526557e-02 -4.032487661901233422e-01
-1.255332884611148198e-02 1.361471301017534441e-01
5.901298789053071037e-01 -5.844849021750438134e-02
-6.781985782755344250e-01 -3.587008891470279681e-01
-7.751360442459978017e-01 -4.244252710680832541e-01
1.467661302734395656e+00 -2.589324180489311900e-01
2.225302936751389349e-01 -1.706724626546002599e-01
1.378494247853320420e+00 7.111524994228887175e-01
-8.101574366207446865e-01 -1.615508932306097156e+00
-1.099966296712202363e+00 1.205468538195847428e+00
7.475970096112308227e-02 6.685158270694030458e-01
-4.972594824598475793e-01 1.764656486500428612e+00
8.826855357060118257e-01 -1.165392733704805561e+00
-4.492152966583614071e-01 -8.818557783964378061e-01
-1.740380548788760473e+00 3.451292753293284665e-01
1.797969850036009731e+00 -3.106563723360046270e-01
2.256221164680457802e-01 1.075388121272299324e+00
2.778754304122564300e-01 1.626939898047975175e-01
-5.340416844452989809e-01 1.380383793235855638e-01
-2.891587776817720612e-01 -4.446100546984909641e-01
4.122870733261024823e-01 -1.168926586672042633e+00
1.717476156671803977e+00 5.429054342934136468e-01
-1.425564438543440726e+00 -9.048886274411588326e-01
-2.908297323178014038e-01 -8.311906593663297427e-01
6.990525447947711080e-02 -6.576975762037698958e-01
1.211131567494687422e+00 6.714487746956866454e-01
-6.104792357990012075e-01 -2.532014736260140841e-01
-1.619493050936111178e+00 2.834794592262700252e+00
-4.155931133729627303e-01 -7.277038428671346315e-01
-1.569971867720392877e+00 1.176091329177582773e-01
1.344677301566277627e+00 -3.801305147660525852e-01
-3.335640971133570498e-01 6.395485904409570210e-01
8.239324017979071657e-01 -1.091813483060231738e+00
-1.423886479942506056e-01 1.636044682476214263e-01
1.060356753141363573e+00 1.105568206017044641e+00
1.069191408784457398e+00 -1.525394542932288600e+00
-3.009969577340221858e-01 -4.523162849527889717e-01
-1.814135428838350661e+00 1.052162342191396371e+00
9.357977896406473317e-02 -1.521176792737714223e+00
-1.541520961925992639e+00 5.200992735502893982e-01
-9.310436689752493722e-02 -6.197142632562536724e-01
-9.373947015266951288e-01 6.452420587893278325e-01
