-7.879286349763058306e-01 -1.213674356211712491e-01
-9.238369924426982349e-01 -7.311470122699895713e-01
2.931803513359232394e-01 6.951372409960697718e-01
8.506549629277265767e-01 2.731207163859803444e-01
4.793169104238139688e-01 -3.236263251641200434e-01
1.048180772512051329e+00 -1.008913017366166898e+00
2.855940675700826548e-01 2.242496796742558252e-01
4.430051617273640940e-01 -5.542819280286551686e-01
8.784209296190876870e-01 -1.491768120056378155e-01
1.146858609418012834e-02 1.036825502852088271e-01
1.247351678932670849e+00 -3.105738586728897244e-01
-9.401000829604134745e-01 -1.459040719446540235e+00
-1.089928461209487276e+00 1.301714338995209053e+00
-1.340575378926066152e+00 -1.442394884817274514e+00
1.645275932867348578e-01 1.429143179883571868e+00
1.302886661633020138e+00 2.611080912275449695e-01
8.579911565841901178e-01 -1.239054948580659898e+00
2.513841029290997398e+00 -8.165325045518383451e-01
1.409571769744438319e+00 -1.222073203839604272e+00
8.146129531622968711e-01 -1.097988877726163048e+00
1.279058406874968634e+00 -2.257561404412490536e+00
6.192882759197770870e-01 -2.666172148592941826e-01
7.644603132213795282e-01 -7.940356445642233751e-01
-7.275290981785802469e-01 1.412168093392511370e+00
-1.951642923878482150e-01 -4.510291584635868767e-01
-6.888144398234281596e-01 8.349157735731533858e-01
2.983893398407959641e-01 -5.423390657857473512e-02
2.036886619025978784e-01 -2.138840066301646470e+00
2.055132536294461687e-01 -9.511025261818133458e-01
-1.298884404725831443e+00 1.217481175545729766e+00
1.414130560515539425e+00 -1.101895011934074020e+00
-1.878897052294910830e-01 1.840911240688323791e-01
-1.195477685973513449e+00 -4.907636085714954244e-01
-9.484855169580049816e-01 6.735194788847140845e-01
-1.157483050434639171e+00 -5.234921060674706528e-01
1.250470777315032311e+00 7.292551357494668762e-01
5.700230770377846534e-01 -6.706376235762927518e-01
3.861897323596895082e-01 1.247275226404391590e+00
-1.888495267345645101e-01 -7.619813615039638943e-01
5.440985364688422088e-01 1.252161241479260889e+00
-3.139353178036499714e-01 5.057897909651153379e-01
-1.140142935442661987e+00 -6.794421694980383730e-01
-5.245338938156117736e-01 1.164400379878299391e-01
1.260651797372734251e+00 1.839536574282625514e+00
-1.726613949884055366e+00 -9.777958025202213577e-01
2.947335070968728488e+00 -2.418720774315825217e+00
-1.419105756118691497e+00 1.019482844911788755e+00
3.214315839943573394e-01 -7.011111551897175609e-01
-5.452128495203218961e-01 4.221633276758188780e-01
-1.766172837039541310e+00 -8.861412669621210325e-01
3.720369755376459198e-01 -1.386064434893766073e+00
-5.617976419638841534e-01 6.309733397659981202e-01
5.338361278670403776e-01 -1.530039565481203345e+00
-3.246632626901716501e-01 3.185197175355231058e-01
-5.969514385615427854e-02 -4.965660585622780898e-01
2.335373113975182324e+00 1.397698806666442639e+00
