-1.038973178279588155e-01 2.111624179329115170e-01
-1.790953485933388878e+00 -4.968361650560573772e-01
-1.040405884471155895e+00 -7.276238652406021856e-01
-1.714156443819520037e-01 2.803343749573364851e-01
-5.073685586665754865e-01 1.442783201096177859e+00
-2.313494203892088874e-01 -5.475372761020557144e-01
6.322058303264070644e-02 1.615382118536656808e+00
-2.305141585479104638e+00 1.232145543950098759e-01
-1.412112622830266284e+00 4.275278586481009446e-01
-5.778199917044254397e-01 1.342179567045862054e+00
-6.192312454068261696e-01 -2.064632572699999224e-01
-2.606649711717594076e-01 3.521481162218763616e-01
-2.827478971387174855e+00 7.383931623079116324e-01
3.477109540145844613e-01 2.759846282477972923e-01
8.116065600566307880e-02 -9.546296652365944546e-02
-1.201435543635899911e-01 -1.217380036348819417e+00
-3.385851964631967359e-01 9.976806744711345099e-01
1.711780285412163316e+00 -3.941227378638326173e-02
-7.292857247154782563e-01 -5.972512838058655626e-01
-2.224490896805305928e-01 -4.618830423831432608e-01
2.072797832035901067e+00 1.586516213577381651e-01
5.362977204976872025e-01 -4.080625219258633973e-01
1.281437714358730995e+00 -1.520265108190109515e+00
7.136944567621117397e-01 1.034391989314411120e+00
-2.057713854439228718e-01 2.088203612625815442e+00
7.244448038712567595e-01 1.691265373106328074e+00
1.347450193578016098e+00 -7.809220521306306506e-02
-5.993458322287791296e-01 -1.770742627686086035e+00
9.452562890524480732e-01 -5.666506450283826934e-01
9.277548767532486917e-02 -1.447693688379672605e-01
4.644995639002755250e-02 -1.003321817817621531e+00
3.912657458790245735e-01 -1.936666226269397661e+00
-2.014206230978644874e-01 1.122779305436665931e+00
-8.365743368442260519e-02 -1.150945811706049066e-01
2.254584043992931830e-01 -8.641464907934277573e-01
-6.952913403207834353e-01 4.558053548705490177e-02
-1.410156559715078695e+00 -5.664402117930041891e-01
1.891716244860874863e+00 7.567026730947166158e-01
6.048666948301016921e-01 -7.145511055433694247e-01
-6.982432794411074228e-01 4.793981129065597591e-01
1.400225400334749848e+00 -3.086802395975388524e+00
9.758231536644418336e-01 -1.241885640545741382e-01
5.281352185860698212e-01 1.497967928735900012e+00
2.692292106236857663e-01 -1.318710476993391723e+00
-2.163202010357011262e-01 1.294431178532612581e+00
1.198927671753740931e+00 4.802935914098536707e-01
4.640565000916060945e-01 5.295162932389368970e-01
-1.984336056274575710e-01 2.731782843511179615e-01
5.276383759143989938e-01 -1.393883332998087088e+00
-2.720839040475568904e-01 -7.179033455250108386e-02
-1.859064354782169748e-01 2.021673230470668325e-01
-6.031371385003277963e-01 4.249314863260419961e-01
-1.039389443536381075e+00 -1.110445605948695347e+00
-1.076994587963830297e+00 8.339064440442722770e-01
-8.357259446862616015e-01 1.287917441421299714e+00
1.107924143214388479e+00 1.617815737593019332e+00
