-4.974456515133648393e-01 5.532982703321849272e-01
-8.013558938977277668e-01 -1.044475186918564669e+00
1.474065217478226719e+00 -1.654397491490638972e-01
-6.852757936282715123e-01 -5.352416237840803559e-01
1.210883454067304132e+00 2.251270109889860205e-01
-1.550384474680267972e-02 2.500797232899543143e-01
-1.408608915033785269e+00 -5.987537895815787659e-01
7.918161185733031404e-01 2.156987957776557718e-01
1.917373002280755301e-01 9.199644847065570064e-01
-1.713394779493949027e+00 1.133099956450760670e+00
-1.186236770178290545e+00 -4.004823854815920958e-01
-1.226920878325397757e+00 1.425083432715958498e+00
-1.600492826246087796e+00 7.985120046114555503e-01
-5.511283452250385073e-01 -1.687675968563421003e-01
1.233935097763827260e+00 -3.189735629147263385e-01
-1.589657726737668364e+00 -1.839131082000759407e-03
-2.512974791767182414e-01 1.124091342513307001e+00
-5.423225742585668918e-01 -9.964438334768322969e-01
1.537263948539366210e+00 3.408009659957558779e-01
-3.385597200271207863e-02 -4.486390151834602352e-02
9.443195870447536056e-01 1.650605441144849195e+00
8.204232925315656511e-01 -1.314663071915231907e+00
-5.625394260511166339e-02 8.931660552666421671e-01
1.970637684577248416e+00 -8.828466652533534242e-02
-4.806820271827760283e-01 -3.233088507460598615e-01
7.097716988302090746e-01 -5.713902529590006996e-01
1.211444495007582001e+00 5.900562097101029746e-01
-5.156398900926060236e-01 -1.125585136373915995e+00
-1.261894451447469256e+00 -6.501961000996281381e-01
6.089633665269684748e-01 -8.076818235916729538e-01
1.961646904951618753e+00 -3.778644888778582844e-01
7.311518288298202162e-01 7.915140381667526981e-01
1.531686333687495294e-01 -1.109465125597724589e+00
2.431946701685682832e+00 -1.096166984948345302e+00
-9.239596523389941723e-03 -1.077157159724732027e+00
9.233568009740882321e-01 4.296964609053914863e-01
-2.594989585549254407e+00 3.318921986583749928e-01
8.260014104881580055e-01 -1.137318365668428921e+00
1.209468902303629134e+00 1.714682135667995988e+00
-1.035421322424142421e+00 3.603569889389700298e-02
1.352511415695037744e+00 -9.498577428196897099e-01
1.408463363870917640e-01 8.753564515561064185e-01
1.285041632003337764e+00 -1.531166731651873725e-01
3.371639999619017170e-01 8.994923034781812654e-02
5.830074706667042195e-01 5.959612312973416870e-01
-1.255261972269771542e+00 1.373481933765873242e+00
1.006052457652183846e-01 -5.541231692755307359e-01
-3.004963471884173898e-01 -1.372944440885108808e+00
-2.987152070632752010e-01 -1.626292788722806693e+00
2.535518829837728472e-01 3.823125991092259923e-01
1.145744541612133682e+00 -1.278587973255928434e+00
-1.873841221372577470e+00 -3.448520147109409018e-01
6.710421094528514763e-01 1.757477305602608564e-01
4.192003341807410410e-01 1.351620142446045558e-01
2.024790480242067314e+00 2.321118187105611352e-01
3.775318922712184722e-01 -7.461943299581000888e-01
