1.715374218500202996e-01 1.140636121818964094e-01
1.501961575180230657e+00 2.335187137448974659e-01
-2.651177225446494923e-01 5.514489395045804043e-01
-1.074517406762698801e+00 1.078499485127779378e+00
-1.658855315557591137e+00 -8.683696901058591822e-01
4.121069051661381266e-01 5.963662161461843469e-01
-4.292709576200427479e-01 -4.618449871554296537e-01
5.216273279135414942e-01 9.923702580522053562e-01
1.051069738622212313e+00 -1.341596470745449521e+00
-6.116454544708274654e-02 5.791539764623570008e-01
-1.784903136842040106e-01 2.309085604855078411e-01
5.061177734661655991e-01 2.772861246472879682e+00
-3.028429035280762183e-02 -1.271476736700743793e+00
-2.058976700256294645e+00 -6.934945946059483113e-01
1.640773855274269222e+00 7.139544304900946603e-01
7.455015112929634924e-01 -8.430887105203022092e-02
5.923964656003590790e-01 -1.445724999795321652e+00
-7.802158578396484190e-01 -1.230770325542067001e+00
-9.695339983480136814e-01 -3.275830045306198368e+00
-1.686276731388116623e-01 1.860198068349983302e-01
-1.006781330648076067e-01 -5.378683950839696637e-01
-1.115542768508988480e+00 -4.251243579177386156e-01
1.861133421700702062e+00 2.947638561085635933e-01
1.501339803221237057e+00 7.246658849018322579e-01
3.870937028674299452e-01 -2.393507365650735075e+00
-2.580609144465941807e-01 -1.836788101119310790e+00
1.744524477216283509e-01 -5.805216018131077738e-02
1.355582197025486879e+00 -5.254577153907882270e-01
2.185823012834321677e+00 -8.304003010525120576e-01
-1.721108258231174026e-01 -1.227286553854562312e+00
-5.122291258762403654e-01 -1.513106245138723605e+00
-1.127656488329094708e+00 -1.625733511736420223e+00
2.920768110007670337e+00 -1.425049024729228453e+00
-1.534127908155265008e+00 -3.244332797855575129e-02
-1.344177082458603012e+00 -1.443756930564414009e+00
-1.679217193398481744e-01 4.171834452904162327e-01
-7.454804971970353522e-01 1.728611195067797368e+00
-2.293403833788561774e-01 -1.419589269974052215e+00
7.248043348976263012e-01 -2.429636834246940991e-01
7.903118065301595330e-02 3.416605719793349705e-01
2.272206102001631756e+00 2.918394508386903952e-01
1.105362626853353625e+00 -1.077073363621290220e-01
1.019494641311038841e+00 -7.434447798103425153e-01
-1.260462615070075953e+00 1.749677018638574194e-02
1.301672940723368921e+00 -3.240917067051957146e-01
1.651315341235350398e-01 2.214468791120157154e-01
-9.742840344895061519e-04 -3.569464784736320340e-01
4.393041938023125037e-01 1.661093140622658670e-01
-8.819372096869254607e-01 5.780130528340668983e-01
-6.071926078513234515e-01 -8.374064636052116484e-01
-7.772659182963294056e-01 -9.171275567437324749e-01
2.153271996700161783e-01 8.331773096864868444e-01
-1.506122513173738797e+00 3.469959582190077496e-01
-1.180366594954611381e+00 -1.723443998165463675e+00
-3.293478181956158712e-01 -6.654756550947885652e-01
-3.904711828254876504e-01 -1.394264604989453149e+00
