-2.912502584930397598e-01 8.545534838454934556e-01
1.998564473008333842e+00 -1.469916581197243222e+00
-1.376389075539583340e+00 2.420682354634623668e+00
-2.453525638558065325e-01 1.024955012916791003e-01
-1.103974388857194011e+00 3.425189671980063966e-01
6.823403690137929134e-01 -1.028822564478502205e-01
-1.338668672293161777e+00 -1.141184159227707662e+00
9.941924465489492269e-01 7.672167731448360506e-01
8.061340660014527648e-01 -2.799246054233232167e-02
-3.002549860705879259e-01 -6.491085015165112271e-01
1.547026779761554449e-01 5.449050082652341365e-01
-7.750711169742358075e-01 1.528522371771152910e+00
1.029288608347095568e+00 1.732790999333419790e-01
1.486144162922745426e+00 1.137566140262294967e+00
1.523953404452376814e+00 -6.824752594622917057e-01
-5.298423971942641808e-01 -6.287037601494881445e-01
5.808350654773054567e-01 -7.885019840659831525e-01
3.269712977526237178e-03 1.064243623567724173e+00
-3.214175411579034414e-01 -1.159607944803014545e+00
-2.580912724397799729e-01 3.253968734654175687e-01
-9.021615081697949012e-01 -5.524642042592170510e-01
9.510756567376593695e-01 -2.081945603127666189e+00
2.261869098796987498e-01 2.537771952982573187e-01
1.267818010124954986e+00 -4.755280715334850306e-01
-2.795023622797399715e-02 -1.029552413578095349e+00
-4.641504578644235490e-01 6.766857492963155307e-01
-1.384733493973470397e-01 1.108640115434346818e+00
-1.759485591121683568e+00 -1.521410684312334005e-01
-2.966051212757879196e-01 -9.729270517451257261e-01
-2.180280304619445497e-01 2.024479800906647142e+00
-2.630455047398031106e-03 4.107982839144775355e-01
-1.273242934004290117e+00 2.421314297908740698e-01
1.148829367085239195e+00 1.123014965669481668e+00
1.628930033823224655e+00 1.198354086785385908e-02
-3.718468000718265221e-01 -5.352611161525278050e-01
1.140629943918456624e+00 -1.829744511461031953e-01
1.846228497703309712e-01 6.142866828097727216e-01
1.133364766865547768e+00 -2.547064165844121764e-01
1.142790692986628970e-01 -1.742954084541068260e+00
6.206074587021203071e-01 5.606428902761365629e-01
7.973832383104237920e-01 7.196707657734110475e-01
-8.746687450785947116e-01 3.596197537417087364e-01
-1.140645826420662923e+00 1.029221724933527149e+00
5.002700847126297923e-01 -8.309492995839052876e-01
-4.329986339189473843e-01 -1.205207830990136397e+00
1.143152168071845276e+00 -8.508816133329361042e-01
-2.138814903693353198e-01 1.549590838498757561e+00
1.197159500839865665e+00 6.172321014188153487e-01
8.122728777220776797e-01 -5.751450672248351603e-01
2.597702169351445156e-01 -2.201899400308362370e-02
4.814273555751609202e-01 -1.253515657223175817e+00
-1.082041912032904341e+00 1.097850395346120944e+00
1.259190275102857859e+00 -3.393719048349662648e-01
-3.006954882758883230e-01 -2.785305521192513734e-01
1.152050543548936323e+00 -8.581271949555410172e-01
4.168959038794670113e-02 -3.351955747362896365e-01
