9.466181954268154675e-01 -6.465441321948183218e-01
-8.155223799756950998e-01 1.073080404977438507e+00
1.440146430330623561e-01 3.358651298527466911e-01
1.151589725122528662e+00 5.033215215634779804e-01
-1.159697916567141052e+00 -9.868797095670180930e-01
9.689046115579667134e-03 -1.934068704649008374e+00
-1.641851081191598505e+00 -9.744395991979041272e-01
7.236636328826466791e-01 -1.403075797062884211e+00
1.102463043411096022e+00 -1.210500143434897868e+00
4.722180597152625947e-01 -3.708270533206076830e-02
-6.326796293159148155e-01 7.609634692578519655e-01
-1.476143777367759036e+00 8.098840141015255512e-01
-1.421225364583418749e+00 5.767926683931229315e-01
1.392972482521889210e+00 -9.925345741570156255e-01
3.758115372885727917e-02 -4.509945157387243997e-01
-5.648571422727981239e-02 1.573115330790630262e+00
4.879905886319865771e-01 1.413368768290608202e-01
-5.177819236477546605e-01 -2.186697400332800356e+00
6.478907799928862454e-01 -2.523666336772142915e-02
-4.875429876431277565e-01 2.327056776412040673e+00
1.825273318171726666e+00 -9.015727716728666463e-01
9.480408063695952015e-01 1.255954537265557835e+00
4.689720482752058883e-01 -1.236120995849283810e+00
5.387164971227518251e-01 -1.251167533804655951e+00
-6.355418403294998964e-01 2.853741622885943019e-01
-6.834581665918151305e-01 2.271649221281405673e+00
3.662847082951032895e-01 -1.048635356052068257e+00
1.451918211135527770e+00 -8.504479071934849532e-01
1.143980079237204989e-02 1.108896908562125860e+00
-2.051749699363982327e+00 -9.909373097788343188e-01
1.045127723412163867e+00 1.293828952176282687e+00
1.314913061765107249e-01 2.005588341804555308e-02
1.502494777410484206e+00 8.514320361456286790e-01
9.322443892203929883e-01 1.364700177120023561e+00
1.427692354076561143e+00 -1.422907033061003412e+00
-1.273153648390021209e+00 5.979057904954752090e-01
-1.114569430846151787e+00 1.397093065257771327e+00
-8.800846095772059119e-01 -1.239103957086404195e+00
5.439781560380606562e-01 -6.141585145622766029e-02
-9.343654130520087087e-01 2.153961893506264325e-01
8.534700492178659559e-01 4.423640016321889745e-01
-2.260218221575879816e-02 9.521996322350393394e-01
-1.379247520218870759e+00 2.768926912885364966e-01
-2.581877804355027783e-01 -7.424554153426866643e-01
1.019781599628716506e+00 6.719457506449063589e-01
-4.468076707400831515e-01 2.024967868938466253e+00
-5.603059339197482246e-03 -8.334223032540345744e-02
7.809858702239490524e-01 -9.624894929907644101e-03
-9.333406436846943821e-01 6.766262492681939245e-01
-1.105024484508356108e+00 -2.290658093284914987e+00
-1.042623931752384436e-02 5.665603681280009241e-01
2.420334553225208518e-01 -1.800259311319646782e+00
1.796746250615185447e+00 -2.270388395151716476e-01
-9.533950409051160646e-01 1.141173824532878855e+00
-8.687376013363653504e-01 5.802921377792800151e-01
3.424752772611980994e-02 1.385284511255104045e-01
