1.725331340220979115e+00 1.285536299348735423e-01
-9.976724289636096366e-01 1.121921126095783317e+00
1.395172788043372858e+00 -2.303405680960761981e-01
-2.714093315093756842e-01 -3.795626818745910791e-01
8.316575239110957085e-01 -2.041655676699885902e+00
-2.982098693577858839e+00 6.319905801760137276e-01
-8.253394084984021217e-02 5.730861948770411551e-01
-5.144647297704473266e-01 -2.063890449115027004e-01
3.992599625935830954e-01 1.927849799933571306e+00
7.228105574533482125e-01 -1.215358151540031129e+00
-9.833620463394666666e-01 1.251479226701019076e+00
-1.498415500990542271e-01 9.240828796759574804e-01
6.023876730125277135e-01 -1.192933692398222334e+00
5.172271328388897693e-01 -1.210889268598990487e+00
3.639634297431216248e-01 2.617898281187941434e-01
5.540604583139016048e-01 5.933826714856770268e-01
4.936773319595903486e-01 -4.326445204992100391e-01
2.147052357620246876e-01 6.746121392665639371e-01
-4.276392917653446535e-01 -8.840466418124144354e-01
-9.493314365341553041e-01 2.647731548565764648e+00
-6.193761628795333429e-01 -5.587551468093034934e-01
1.177538462261857433e+00 -8.902155227090593481e-01
7.293388202877122417e-01 -1.123465226679009277e+00
-2.535633524768581837e-01 -1.075804327356239959e-01
1.280350503091813641e+00 6.034835318574558460e-01
1.916487870795994697e+00 4.529566663381857650e-01
-1.222363801679639206e+00 6.925199521536384850e-01
1.205587659337711504e+00 -7.130816741953045490e-01
-1.050579567216973542e+00 1.193519563430197827e+00
9.710258523241201978e-01 -1.077464662928668160e+00
7.494148756240879283e-01 6.669840935520318093e-01
-4.212348945631935043e-02 2.004928591130384685e+00
-1.731848771304415058e+00 -7.641230612527052379e-01
-7.692532078215518210e-01 -3.864422046419691004e-01
-1.468691014057650346e+00 4.458240378137332538e-01
6.429011741917070033e-01 -3.150747251757675116e-01
1.343830071038305096e+00 -1.242391203365333041e+00
-2.144812966356956507e-01 1.858691093930273652e+00
-2.293521123852733101e+00 -2.207531945241174576e-01
-1.877261618145009414e-01 -1.705898661432927232e+00
-8.102113644820184424e-03 -1.775402298825340619e+00
-1.590402379290931090e-01 1.119103103208832328e+00
-1.103350613265408509e+00 1.886272494317225712e-01
1.482015889554333388e+00 5.288350189185269112e-01
4.017411704947371764e-01 -6.444410704957674874e-01
-1.225331042110425983e+00 9.638192325342120892e-01
-4.115665993252288352e-02 -6.738884479729408961e-01
1.029826389390128494e+00 -2.721510033450207366e+00
7.153038364729696896e-01 -4.452472925102055612e-01
1.068442098083357994e+00 -1.515404474598063045e+00
6.591807054283450595e-01 3.300285705517139179e-01
4.068963411593567447e-01 -6.820017828921943748e-01
1.421806007274601269e+00 1.383533986585843423e-01
3.917764537075892894e-01 7.056430864405233150e-01
-8.232885239478711092e-01 -1.032948494228651315e+00
1.425503572237217520e-01 -6.142783812013286049e-01
