-5.259747781783882248e-01 -3.091896788417636821e-01
-8.621451618534163863e-01 -1.611834758033882320e+00
-7.621524786298862209e-01 5.343602458272127265e-02
1.166074570586349335e+00 -8.696741692528350276e-01
6.578665426417938666e-02 -8.440026343277073906e-01
-1.329122976341625406e-01 -2.057299393859136211e-02
4.349822174608627967e-01 1.661462778519763095e+00
1.325702138755359139e+00 -4.227592598288254511e-01
-1.924783053095351359e+00 4.926870365141952091e-01
5.832574794139594454e-01 2.644799225404739218e-01
1.131078435250272074e+00 -1.890296257154844839e-01
-7.716372319234995336e-01 -1.075162798989126145e+00
-5.335240986646436895e-02 4.160124638276244124e-01
2.512557621087927018e+00 -9.342859372716469935e-01
-9.249017555857044770e-02 2.586989517515861925e-01
1.884076056518011244e+00 -2.317527191171336653e+00
1.989399772579160952e-01 -1.199177585283936587e+00
9.869818280644152564e-01 -9.956098048063062311e-01
3.510884631734084715e-01 3.598852108973349950e-01
-1.474651379667124340e+00 -7.875072859819723936e-01
1.327441363350503056e-01 -7.530769896355246629e-02
6.982060658420720101e-01 -7.288249594882612037e-01
-8.608898268570056578e-01 -1.140304927618428499e+00
1.474068929615431234e+00 -2.046008284617503836e+00
1.017215870197852590e-01 -2.843420732740783663e+00
-1.064381698487714800e+00 9.524631692059940535e-01
-5.109643183501952901e-01 -1.764818446696179155e+00
-7.526530563155287012e-01 -3.752202443786439856e-01
6.163289448551811933e-01 9.701856710499561220e-01
2.238121984637946385e-02 -2.670125765614625446e-02
3.990829861457484973e-01 -6.896125934483846587e-01
1.199038917097312362e+00 2.037441170849778604e+00
8.405215365180952469e-01 -7.238060296893882306e-01
-1.348757705807691831e+00 2.699871408715870946e-01
2.494382488890375948e-01 1.758118898832731203e-01
-1.023808739625935882e+00 5.576364852007805739e-01
2.207125124879302791e-01 1.877094293150352589e-02
-3.758054688135740729e-01 -1.533472876308924482e-01
1.058899893055734509e+00 -5.960409845262922834e-01
-1.912670070472007322e-01 2.152786299023410066e-01
-1.249490694381500955e+00 -1.520798299047578572e+00
1.198597124773723932e+00 1.840874573752813992e-01
-6.881858233887022669e-01 8.890652787928593481e-01
-1.030161080520811234e+00 -9.329147920288954898e-01
-7.542835051420645476e-01 -8.084988722342648648e-01
9.378267803376089118e-01 8.330277028638162218e-01
-9.133630287731351327e-01 3.581189305466941919e-01
2.088106590925888462e+00 -8.597857127229889818e-01
4.303651645542326265e-01 8.216560641374616170e-01
-3.636203017562800177e-01 3.172797916537050678e-01
-7.708740725608450445e-03 5.970630607540630130e-01
1.614928035570991349e-01 3.355227185915199972e-01
-3.541803097239635267e-01 -8.866995269417006220e-01
1.117566626752612757e+00 2.565400191086384396e-01
2.205326397460073196e+00 8.419110487186010072e-02
8.700960767967762244e-02 1.113212502979061824e+00
