3.448589987440995319e-01 9.042538164825815183e-01
2.434360805710661602e+00 1.446706472124033027e+00
3.256908530746600583e-01 -1.401515406339777670e+00
9.163847178105555269e-01 -1.593093014293882392e+00
-3.737660978722883165e-01 7.519243035327232150e-01
-6.165684198007910233e-01 -1.723962990278279150e+00
-2.999792405108417381e-01 -2.787078862999552431e+00
2.651754774755125665e-01 -3.466241852621578245e-01
-1.370251854837325700e+00 3.114080024355517784e-01
6.806651423351247621e-01 9.512276646239863354e-01
1.152803162521925273e+00 1.508022246690750856e-01
-2.372948984761658886e-01 -9.680486340178472426e-01
6.498006720062965424e-02 5.318927277586913416e-01
-2.609401641882091449e-01 1.470694043330341261e+00
1.672767109479551539e+00 1.410473408650768423e+00
6.309985446538559639e-01 -2.219836959404604126e+00
-1.420618884413252792e+00 2.170096911546945395e-01
1.541198199993884410e+00 -1.351126555225977022e+00
-1.766006758877255306e-02 1.806802176905228374e-01
-1.726599775582263074e+00 -2.239986677850435981e-01
-1.492635647583191894e+00 2.097768736008503332e+00
-3.857117514451454676e-01 -7.895425944687421982e-01
-6.530790472003545899e-01 1.595812736465213488e+00
-6.253481272387982903e-01 4.191366683361472112e-01
1.145297848616368075e+00 7.068545486592435478e-02
-2.142565768875320242e-01 2.558979249516999954e-01
-1.133902749713470159e+00 6.537025898792063472e-02
-4.013053818477788637e-01 1.349692245837912141e+00
-1.082101283572795891e+00 1.464014403578263401e+00
-1.445681151141114673e-01 -1.732244639775694761e+00
-1.930720622579060741e-01 -3.123069417744496201e-01
1.305665310486480379e+00 -1.121849208165097478e+00
-1.167695793050142594e+00 4.567548708470037244e-01
-3.085269828224887143e-02 -8.014196186192187321e-01
-1.214007432581711843e+00 -6.322329112448208388e-01
-8.284212808751181267e-01 3.467744560565908518e-01
1.078866348847030032e+00 -3.832425089549288955e-01
7.928139662700131041e-01 -9.948938388555494949e-01
-6.121848476366346103e-01 1.871354535449017087e+00
9.602217274465363328e-01 8.362359941732940838e-01
4.845574916110800823e-01 3.881154163060997891e-02
-1.420043986252315094e+00 -6.183602475794750530e-01
-8.619352759974524547e-01 -5.867116103818066364e-01
-1.422355190515825818e+00 1.141094129958619523e-02
-6.332431090894556913e-01 -3.509378636492180292e-01
-1.842616260536242834e-01 6.275521336453059318e-01
5.101636242815394962e-01 -5.292281777899838779e-01
-9.735757026767515310e-01 2.894803916458328352e-01
1.364217590589342333e+00 1.100163942701553266e+00
1.085889887474288384e+00 -4.170768549335591713e-01
-1.183169948710058428e+00 -1.086489754195709478e+00
1.364668844347326215e-01 8.643670878322711193e-01
5.197447584258727549e-01 1.909245359918604334e+00
-2.121589877223775678e-01 5.080241908854760124e-02
-1.090915643850240757e+00 -1.697047823989974669e+00
-4.417059979873149134e-01 4.450867539428441932e-01
