7.298889024316354002e-01 3.434881814715934345e-01
-2.261024016985095642e-01 -2.393090086621063317e-01
4.158499488884053186e-01 1.727080409231313896e+00
2.008748349854031723e+00 -3.646212964602932316e-01
-5.837047857277655877e-02 1.942647749140770097e-01
2.944363039688719930e-01 1.262216665003584204e+00
-2.077377928352624192e-01 -4.717070740286765096e-01
-4.392894685695773460e-01 1.938307211304310496e+00
1.239932535100725097e+00 1.009956620439067670e-01
-3.924832597606626172e-01 -5.281039113773635663e-01
4.664723011750550596e-01 3.060142367209498504e-01
-6.172950896482076732e-01 -1.265184037825995311e+00
-1.230696971907299542e+00 3.749160784754314302e-02
-7.256482812047859721e-01 8.397751430885803670e-01
1.543611178041356835e+00 -4.693238928509462643e-02
2.558682421138697816e+00 2.799226368377047414e-01
7.640501854365244760e-01 7.561870847211180635e-01
-1.473372546540973493e+00 1.054636984362540275e+00
2.357309623542243326e-01 -1.815344314066692777e-02
-4.700926227763294052e-01 5.461697935494861517e-02
1.832143649262539586e+00 1.009594793536861657e+00
-3.141848701185214615e-02 -2.201748865250779286e+00
-8.423178425170930739e-01 5.768366201525932935e-01
-4.539695900509397308e-01 1.412145247403339798e+00
1.362304960417868971e+00 -2.224482172508507050e-01
-2.983666831723946200e-01 1.017906791548691237e+00
6.147117895700233703e-01 8.049787986200858392e-02
1.234031822107421128e+00 1.669950008766754937e-02
7.059862340211945364e-01 5.294591601685899596e-01
7.923905643633226692e-01 2.407001296853842343e-01
-2.061302748955069042e+00 -5.874624516420329928e-02
-1.605132289045920757e+00 1.920703737339138628e-01
-1.383529406931522932e+00 8.723126451191912656e-01
-1.612339447124238490e+00 -4.682699240958851927e-01
5.771613060796236816e-01 8.336450434163166223e-01
-8.514595273228661165e-01 -1.226279462810450749e+00
1.639778756611337818e-01 6.576642966432857396e-01
-1.794487251997064936e+00 -9.151101652966850963e-01
-4.420932509226677687e-01 1.166787122254623194e-01
3.572897276145094558e+00 6.290724186388878536e-01
6.447972256963601101e-01 8.473598971358141385e-02
7.202623689970210075e-01 1.951248484216732970e-01
2.152482418381198304e-01 -5.716089240071534627e-01
7.067385204722582692e-01 -2.103893664280001019e-01
4.972774911645831963e-01 1.314468072417610267e-01
1.077286048122475082e+00 4.245594467076287959e-01
-1.454748381521108413e+00 8.779951265725829401e-01
-4.632706474047976752e-01 -6.250226565255234679e-02
-2.250406990545963826e+00 8.580650333855736056e-01
5.287293166870108418e-01 -1.852393264142820684e+00
-1.286451966708107020e-01 -1.958706024163739290e+00
-5.549080060429455452e-01 7.702532797431402845e-01
-7.400735516067131758e-01 2.845943809798421875e-01
-2.036368207779463813e+00 5.984274778600577882e-01
3.046027833025070214e-02 -7.944998025906436778e-01
2.062557962503122344e-01 -2.774207457984345648e-01
