3.460079749414886607e-01 2.718908151468282242e-01
3.518417539525535154e-01 2.386042909649020993e-01
-4.631577605307317380e-02 -1.234924041564652519e+00
-8.644431034662437563e-01 8.576091484375194529e-01
-5.864337381894455525e-01 4.077086212993624725e-01
7.514409731001934212e-01 -4.971569573386729890e-01
-1.988200353402379550e+00 -1.929148763903954400e+00
2.580328274408772327e+00 -2.481421729027319945e-01
7.996535009539589289e-01 -1.174514248782907000e+00
-8.943306377838164956e-01 -4.128272774926837752e-01
-9.491933529997440555e-01 -7.464423526807465459e-01
-4.802959972554057821e-01 7.769300755531414193e-01
1.137161361117228875e+00 -1.194617531396321874e+00
-6.459846485352633838e-01 -1.252747864740905159e+00
1.253092512682495663e+00 1.034219892836293564e+00
-2.867123663480944384e-01 6.943837854748859950e-01
9.181651898057409389e-02 2.064130022101791972e+00
-1.096859278241497204e+00 4.591512819664236855e-01
-6.757613237740480935e-03 3.440044681861052500e-01
1.541664054659665217e-01 1.271041192944378784e+00
-8.569531991204905053e-01 1.629473108823336069e+00
-1.108389124331758957e-01 -4.444166453591939514e-01
1.928548213726667182e+00 2.477130488152345100e-01
-2.472578000389130004e+00 -1.372670470047873570e+00
1.364863001886625904e+00 -2.702308601090640749e+00
-1.259226647357602813e+00 -5.843487383345618014e-01
3.298771299104958921e-01 -1.173356453906138075e+00
-9.870464292526357486e-01 1.183588916635632593e+00
5.329404393209475899e-01 -1.512853998918239684e+00
9.094020173039452093e-01 1.542750969556619500e+00
2.433254367379051319e-01 -8.657474720628558496e-01
1.053478153988959276e+00 9.120989024263862488e-01
-2.485937554015649475e-01 -3.640268545289050417e-01
-5.256667170255252541e-01 -4.609852389033117226e-01
-5.907971327980315879e-01 -5.658206123807940635e-01
5.207473793048200683e-01 7.012428124636263527e-02
-3.530635713573021528e-01 1.080419039494990630e+00
-6.053151138584357271e-01 8.905098707942676883e-01
1.987008904707002754e+00 5.826993362093844109e-01
-3.991717774487909542e-01 -1.119184776240081503e+00
1.708699738189840556e+00 -1.103683887751839121e+00
-1.018966764637774913e+00 1.056308870718673659e-01
1.456418725130538716e+00 -1.472834448298983245e+00
6.076733960829797665e-01 -1.769149468034103556e+00
-2.990105936781995988e-01 -4.905884158210785939e-01
1.342577632358501249e+00 -1.017466046475835884e-01
-2.334108805440573420e-01 5.918908898519513739e-01
-4.335053831609722574e-01 -1.405187453530201414e-01
-8.229429704082216190e-01 -1.289053870810092484e+00
1.619810388984225524e-01 5.414107646076884439e-01
6.359938769150568216e-01 -1.357095489615472550e+00
-6.456437306407404320e-01 9.903106742690802600e-01
-3.514133077812980344e-01 7.530475760242509864e-01
-3.325779677412113011e-03 -2.682533082153757853e+00
1.605599339956042648e+00 3.997491161840703855e-01
6.576661908853731475e-01 1.922680716598207606e+00
