-3.586109405962072394e-01 -8.611139463873531685e-01
-8.828607225463577235e-01 -5.383022299567193913e-01
-1.060472858106726868e-01 -5.111934794314785258e-01
-1.080942657907753901e+00 -1.072517964818330838e-01
1.510511645865608432e-01 1.185715219082589034e+00
-9.834799157611611164e-01 1.140504514438350103e+00
6.843463075544353735e-02 1.183312236333036310e-01
-8.833721905053459889e-01 3.451999248777553042e-01
-9.919790985007617135e-01 8.136373807789439860e-01
5.076809385063858482e-01 9.051900646523342031e-01
7.688457822579266576e-01 -8.892914691718677433e-01
-3.680482304069049304e-01 3.615642793884220607e-01
8.297793370055804932e-03 -1.275231867438322508e+00
4.464460972255633875e-01 1.103906764950415287e+00
-7.179611972454064128e-01 8.706110480765141268e-01
-2.079928920865842024e+00 4.426107004141480727e-01
3.876143788455463923e-01 1.480872716413939305e-01
-1.316544991532241082e-01 7.533009296131211174e-01
7.665859342666605514e-01 2.112603416789551880e-01
-1.685313077354172462e+00 -7.177949661170567319e-01
2.058195855489066695e-01 -1.062641581148495162e-01
-1.670293794315037550e+00 -6.158145161855554939e-01
4.108302546427947122e-01 -3.263976378705449877e-01
3.856353566562085999e-02 4.419286796658308258e-01
1.226796985763417780e+00 -1.049270068775660203e+00
-3.856479494255239393e-01 9.814039798164126971e-01
-8.057897886108298380e-01 -7.475734916458527390e-01
-8.940976459919124375e-01 8.531851296875908597e-01
-1.532385721229152065e+00 -6.335497994761837282e-01
-3.670641869948764180e-01 6.606262955643558143e-01
2.034821831431765093e-01 -1.211466860164420289e+00
1.087288346423340046e+00 1.168714594504608018e+00
6.821280782565894985e-01 -6.170081251934482758e-01
-1.410017253095076750e+00 9.931314971765948796e-01
5.748786689714366904e-01 -2.505153485865365237e+00
-1.580405467683456688e+00 -4.888732683978393445e-01
5.682681795755234466e-01 -1.171606989832865153e-01
-8.515440564903606901e-01 -1.517342398547561144e+00
9.855524758036934840e-02 4.034085776684548375e-01
-7.315955674988109392e-01 4.632339208197293334e-02
9.098009233278548935e-01 1.154709906723854873e+00
-1.318463919616680524e+00 1.180155178654057786e-02
-3.234405699500182974e-01 1.066198394165161378e+00
7.661800908834263124e-01 3.708074226232503934e-01
9.088112338532742390e-03 -4.275420956387533389e-01
6.848860234178938411e-01 -1.126376014264245384e+00
1.734545017038721992e+00 -2.121283864373611772e-01
1.005587675543165416e+00 5.015993291252073272e-01
-3.502310598798067387e-01 -1.988747927576175190e-01
-6.377562302105919123e-01 -1.023919844695707182e+00
8.655198692855694542e-01 6.500857394691667013e-01
7.064850623978718991e-01 -4.327855729682265895e-02
2.005952490051818859e-01 -6.522427782603241742e-01
2.711908473488584478e-02 1.062018695850116545e+00
1.606035466588871419e+00 -1.650399800933030958e+00
-1.560447939431141018e-01 2.613915954441367262e+00
