-9.143143312821394586e-01 2.925254044637555229e-01
8.862239498882267252e-01 2.038037157681082512e+00
5.311768923496191785e-01 -1.584765065067755552e-01
-6.004159964335448185e-01 1.261503679579360604e+00
-1.748101619565975540e+00 -5.726139159025154385e-02
-1.089392404903114953e+00 7.045082439131390428e-01
1.675046877249099175e+00 -1.092462855608115957e+00
6.718883814097462714e-01 -1.208650614777961207e+00
-7.248587408763035311e-01 4.935457978617210362e-01
-1.201589009836321331e+00 -1.039557466622854920e-02
4.771050099107029818e-01 2.383711654444163330e-01
9.123554806478050005e-03 4.762761735439162147e-01
2.595100632667202145e-01 -4.438305019496585624e-01
-5.702588812898986559e-01 5.654391818923788088e-02
-1.015405670485989731e+00 7.894402046401379769e-01
-7.209982648607111688e-01 1.885261517186673508e-01
1.188420615525684010e+00 1.571888342214524448e+00
-8.765838411782799211e-01 8.586620247241562032e-01
-5.382550531815819550e-01 -1.433534465158317728e+00
8.567272652176581849e-01 -1.015526369168541887e+00
2.181855862621989994e-01 -1.067887575455720439e+00
7.535636186277034909e-01 8.804984453011572842e-01
-1.041027196945717437e+00 8.463938000715627574e-02
8.178572537514590401e-02 -5.697952147789714372e-01
7.867299346584193387e-01 -3.969981730306111622e-02
-7.575257015879611755e-01 -2.746619459340958747e-01
-1.626178687703718317e+00 -1.507995786482628997e+00
1.431367892339466374e+00 -1.348388784067930279e+00
7.484134172146020836e-01 -7.923517208459464056e-01
-2.526520972529979203e-01 1.607996413923677981e-01
1.252011739904557830e+00 -7.501844007616846888e-01
4.626252527085515653e-02 1.661025356257792795e+00
4.811019633978266263e-01 3.737068070529918629e-01
2.224302645372582710e+00 -2.819786099672418334e-01
1.972828567214209572e-01 -2.122248241231932675e-01
6.039275532695729254e-01 -1.398364982849988059e-01
-7.892579333809209841e-01 6.467417039938886392e-01
6.314496884809053245e-01 -1.928061353833210756e+00
9.428143237992964165e-01 2.565378182038964283e-01
-1.912743757161844693e-01 3.266544532926326516e-01
2.566289965396047479e-01 -2.282026721579047124e-01
5.281445867861772614e-01 -1.490674860652629052e-01
-3.433211657706162212e-01 -1.427234365117087567e+00
-1.874229813980878845e-01 -2.874139986948880954e-01
8.196410937203684188e-01 4.653449994327582551e-01
7.269492478508436939e-01 -3.643100994831228179e-01
1.280704807642990994e+00 -1.858635301255957328e+00
8.933319067533752600e-01 3.480762329639451869e-01
-1.060688336518210775e-02 1.163235492958550471e-01
-5.569021208322472161e-01 -4.529336880256997211e-01
-3.292479724602927482e-01 -4.666944790307784308e-01
1.386147492690227745e+00 5.070305410286056746e-01
1.143184272351484676e+00 -1.634810996140272810e+00
2.376437677337727372e+00 -5.727707434742521642e-01
-6.527598795113009889e-01 1.944595719224403302e-02
3.806011564239846212e-01 -2.651821842504866744e-01
