2.730040882819305015e+00 -1.219364921090871023e+00
3.611465940437834088e-01 5.649197035747921536e-01
-5.206804051649707166e-01 6.409030809574368659e-01
9.139426627586233476e-01 1.246557503899469621e+00
-8.920817805439437143e-01 7.792017990431325813e-01
8.966492067782512176e-01 -2.270407919040490774e-01
5.945918531658173078e-01 2.432970944875409436e-01
2.645497880803321378e-02 2.481526166697277380e-01
-8.815513709703656220e-01 8.666895898339729287e-01
-1.353437448849829750e+00 -2.302445376913099528e-01
-2.308043628707628081e-01 2.741959120569735786e-01
2.248539889010464865e+00 7.856329855657099293e-01
-1.140788191589541478e+00 -1.328218334248482124e+00
1.849898507595087171e-01 1.198666257723984163e+00
4.231248530022085341e-01 -2.229162269353556491e-01
1.149911593134979482e+00 -5.644331959759464334e-01
-2.819593296670390714e-01 6.317226100738588812e-01
4.258947793769307655e-01 -2.063157338559451492e-01
8.766828717791700365e-01 -2.397178616930084605e-01
-2.374247210127604923e-01 -9.156764778951230754e-01
8.656755742888951888e-01 -1.642248831207268944e+00
-1.693187584575423621e+00 -1.605445688105397561e+00
-6.410835119559382678e-01 -2.000713979732188896e+00
5.893569146642024803e-01 6.632913959544736726e-02
-6.146853744963632488e-02 -1.997107386203155421e+00
-3.969781031357351164e-01 -1.307561096872704498e+00
7.256109301748198126e-02 9.650842912887352965e-02
1.175988752362915196e-01 9.348385318709681036e-01
1.956707659032269342e-01 -6.805382291867601019e-02
1.212345777045044759e+00 -1.241913888712128822e+00
4.229352924354357612e-01 -1.100462552162262408e+00
-2.835528796960918640e+00 -1.102574762762242866e+00
-2.025884549193582629e+00 9.819806191385898053e-01
6.352699272090298055e-02 1.559211474058874947e+00
2.472058871322575513e-01 -3.821920236221942879e-02
-1.199131633099973504e+00 1.347111400054323838e+00
6.153333149804616209e-01 -3.621638344571799228e-01
-9.130170958692196415e-01 5.582255445352837242e-01
9.527830750430940077e-01 -6.430302900809999889e-01
-1.600392866695227179e+00 9.310622533685167790e-01
-4.021405160755358033e-01 -9.192478919745079857e-02
-1.436438388236273234e+00 6.824703522942613398e-01
1.848574408281767889e-01 4.749893024609815328e-01
3.473423370804891164e-01 -9.550535428919962877e-01
1.000769961528095608e+00 9.598728227693734683e-01
1.215012598089919571e+00 -8.873338187108004149e-02
2.209011697466740573e-02 1.643434355700315930e+00
8.533386640836065906e-01 -2.900778505315869116e-01
1.783196831333936361e+00 -8.052762457640263438e-01
7.891544656504879685e-01 -7.092925772655088723e-01
-7.220766031692166242e-03 3.606379509266349204e-01
5.042685118515068954e-01 1.762889768136874036e+00
-1.056083568493412894e+00 3.211594240323999983e-01
3.062899778413695207e-01 4.755758657228077446e-01
1.087462555056652125e+00 2.230601366200310132e+00
1.192691163415142031e+00 -1.787430016764323115e-01
