-1.481749046666684277e+00 7.463675323373875070e-01
1.890964414271776306e+00 -8.392036559040892685e-02
1.550457815315776644e+00 -1.440359888387508391e+00
1.347787623802380319e-01 -9.873534009375856124e-01
4.461363898846555931e-01 -1.692537219974872498e+00
1.560959534813678884e+00 -1.085746266889976441e+00
-2.923555419835424662e-01 -3.699715495558997813e-01
3.480556806336742692e+00 -7.928141958035418435e-01
6.420576785573048340e-03 7.705921876217564082e-01
1.660930911984993097e+00 -1.689057094350542743e+00
3.273265631080065630e-01 1.243438977501198694e+00
-7.718309077813351182e-01 -2.291034563098568178e-01
-3.140044768284686594e-01 1.265633692126049148e+00
-8.489448866377128367e-01 1.249822560111245817e+00
-2.184220361625642537e-02 -3.362310420247125009e+00
-6.303975536795731749e-01 1.163214750563626110e+00
5.072196416335938984e-01 -1.254810923515698562e+00
2.230036069337038018e-01 2.723463192898585850e-01
1.688391808468484134e+00 7.736937994062844659e-01
-8.287722991606594203e-01 2.828035554534382157e-01
-3.833739968656631469e-01 4.832559813280914440e-01
3.730120016962050200e-01 4.673896546313149880e-01
-2.185052577157843068e+00 2.520140613491468340e+00
-4.153312313465026273e-01 8.358174716794035675e-01
4.617231497766518533e-01 -5.213352150140015961e-01
1.715717226498970904e-01 -1.283802463552227158e+00
5.401233111197124570e-01 6.720522003790094789e-01
-4.703117044597035501e-01 9.706391017543226640e-01
-8.654069283912251276e-01 1.920607764187584277e+00
2.123774618296403904e+00 -2.066429388979373061e-01
4.595235123548238043e-01 -7.594989458573221386e-01
-2.835169901629860933e-01 -3.643034992701830732e-01
4.703006612598918390e-01 -1.381288596765333443e+00
-4.935608111512077012e-01 -1.901851685316930662e-01
1.057974863734472581e+00 -2.376841160305286083e-01
7.251843663050613897e-02 -3.978292919554117790e-01
-2.831547522815694440e-01 6.447147339279806211e-01
2.137364582997647755e+00 3.189909142911642737e-01
-7.632511608048900831e-01 5.019856064262261108e-02
1.088369282522335224e+00 -2.056524121481242973e-01
-6.574412415067276694e-01 -2.491267622058054965e+00
-8.260806722172978622e-01 1.241066908914546074e+00
-1.374562665281032492e-01 2.016519551121462028e-01
4.544099595721770579e-01 -1.394418787494582812e+00
5.723813539362312408e-01 -2.196700720460807332e+00
8.608669776608666169e-01 -2.571222144212437777e-01
5.541444450196770788e-01 2.344686973837702304e+00
-1.229885939421715868e+00 -3.572204526954144921e+00
1.207429462043133617e+00 -1.111154387267199173e+00
-1.421956128845370149e+00 -5.647082567660071106e-01
3.349435761151807744e-01 9.537920882768256003e-01
-2.381522348619582008e+00 -1.483158397906010784e+00
9.394214395529368877e-01 -1.283332767143735120e+00
1.731700606764470907e+00 7.844935589117375541e-01
-6.434135955878385049e-01 3.527740694447563663e-01
4.143058943597329735e-01 -2.798405264606627973e+00
