9.392569509054662369e-01 4.497129374836131288e-01
-8.558445173967380581e-01 -7.138330944075360618e-01
-5.995674172970496540e-01 3.575334891978230178e-01
8.813239897173813509e-01 7.908253621949186130e-01
5.702247071742752027e-01 6.571387759839839582e-01
-3.709786578778983546e-01 -3.113156547903619398e-01
8.253697616723052466e-01 -1.110150102035773800e+00
-6.572166855908612160e-01 5.732553818367294024e-02
1.406339066086157885e+00 2.330937224588443824e-01
1.091200336007717153e+00 -7.866265306827506798e-01
-3.384352764344623066e-01 -5.537705078492058952e-01
9.570805903881147714e-01 -9.773349508241895300e-01
-1.456319850179168318e+00 -7.968206300313233070e-01
5.279513590313689858e-02 2.304929946488946946e-01
3.777458299657271978e-01 -1.214632938630707759e+00
-8.727083561433877090e-01 4.222888943468061651e-02
-8.868649451302316189e-01 7.329751548820581109e-01
8.869874526367267364e-01 3.806860972155282630e-01
4.514609259335436442e-01 1.244338264443758613e+00
-2.526238545029733662e-01 -3.837961166102283883e-01
-1.385258225061028359e+00 -6.745840435747662012e-01
-2.750515062286233367e-02 9.278162135123317888e-01
-5.562099658859395168e-01 7.844756274851180100e-01
3.269060614858625979e-01 2.695095373875545652e-01
-8.061633002494096312e-01 2.019709029058894822e-01
7.979610139678146030e-01 -1.104494988719619819e+00
-3.518314019224639821e-01 1.321359665451200316e+00
1.942410251414398992e-01 9.148509051870878928e-01
2.589896244290663674e+00 -9.505810629452765559e-01
1.337234998675493447e+00 1.219586546571288649e-01
-2.705788195683865860e-01 1.714420491882574948e+00
-3.175387309987151019e-01 1.016153261991172618e+00
1.820069731082674336e+00 -1.667623961398112309e+00
1.120742752971567446e+00 -8.059704485970622390e-01
-8.987496409316509949e-01 1.446746412177110641e-01
-5.141189685712684865e-01 2.565163716740839206e-01
4.817743115865276704e-01 -1.207639523182610919e+00
-2.441798275589156519e-01 8.486911438028010846e-01
1.048711732384445261e+00 7.045777675461857292e-01
8.489465021539374656e-02 -6.047564474143365398e-01
1.800644078723302455e-01 -2.135561139086925020e-01
-4.133959312521355289e-01 -1.672233841247085850e+00
-6.469941097353060222e-01 9.957814062691699997e-02
1.065328627378446802e+00 6.921895450327191224e-01
5.538091572076950797e-01 9.432752745191219645e-01
-2.790726195572560964e-01 9.631451808988604757e-01
7.714114894513645071e-01 2.986322670705479632e-02
1.964571319250070502e-01 7.728845956914802695e-01
-7.835313023567546109e-01 4.615222543657298004e-01
1.228541087907113610e-01 7.747580332762477040e-01
-4.178698132849095748e-02 -1.395967853395589042e+00
-7.418218155374847189e-01 -1.207897200371038871e+00
-8.002262859433934006e-02 3.993899564826025594e-01
3.440032313169189004e-01 -7.098653078085847001e-01
1.097524319538781823e+00 -4.805864872142727728e-01
1.136877326337635719e+00 9.171139070723854925e-01
