-1.126699929968123515e+00 -1.563632312334192198e-01
-4.566762986525048640e-01 -2.019029982521320044e+00
-2.036385628487091815e-02 -6.934340037643989263e-02
-9.531747264174694756e-01 -5.930617201540692163e-01
-2.318361020405181327e-01 4.929068210053894061e-01
8.969088082048599919e-02 -9.794406622339844048e-01
-1.420010487872017668e+00 1.670292245768737749e-01
4.570555926764961474e-01 -1.885059472269701608e+00
2.070144415804589244e-01 -8.515633688453104755e-01
1.321176315432553150e-01 -4.543352724358772354e-01
1.663423704071877784e+00 9.373451746154262132e-01
-1.329515238964391388e+00 -3.442111523024684455e-02
9.518467274531502431e-01 2.239156663998457475e+00
1.748528636027233185e+00 -2.138739213487107493e-01
6.361308042743005764e-01 -6.395450247149562228e-01
3.512282288599216651e-01 -2.643191386429290940e-02
-1.089382138627231489e-01 -3.586754151948062797e-01
9.058612604514528766e-01 -2.341722496903851369e-01
7.423705985496863446e-01 1.161245557032651865e+00
2.575481634700410360e+00 -7.941706326094372104e-01
1.934804888630704267e-01 5.443270908200900093e-01
1.267169797296086919e+00 -1.837274176641451096e+00
-1.387430665541684316e-01 1.029962140625286127e+00
2.185493809307996749e-01 9.274144999926626776e-01
-4.412612794833908891e-01 1.180470518567138472e+00
-3.298389136371864816e-01 -1.308404915596460549e+00
2.262575544472962830e-01 -2.783166302980573992e+00
3.800704233603408588e-01 -2.561216689601594876e+00
-3.739651033550825399e-01 8.585880373870554694e-01
1.057383811194004375e+00 9.031320542043037580e-01
-6.434196027076314328e-01 -3.608689089526107008e-01
3.210949083232323975e-01 -1.001325817894576531e+00
8.201851704739433480e-01 -1.964198848626681759e-01
-3.838305956269451313e-02 2.306067446843557689e-01
-1.651382654460589627e+00 5.070118484853494145e-01
-8.842946651779672873e-01 3.856317623302552011e-01
2.276135481464137689e-01 6.569944950526512839e-01
9.329737057326638328e-02 6.712004553959866060e-01
2.159555348353616733e+00 1.658914229462243872e+00
-8.221374260030983594e-01 8.876736525110344722e-01
5.663414582987437162e-01 1.794564779160781054e+00
4.548303547879846698e-01 -3.317994026896674553e-01
5.492391745921590962e-01 1.396950096937927155e+00
2.174640406937433212e+00 -3.188599695644269150e-01
-3.532741450887941781e-01 -6.292255922896830000e-01
-3.244544123342613107e-01 2.668876318091105704e-01
3.440118549124686620e-01 9.183661021499056609e-01
-1.188611087620547874e-01 3.065394440903315351e-02
2.548156029360111319e-01 1.122764758534208651e+00
5.256534388545994751e-01 -3.988693643719551374e-01
-1.385263617521521162e+00 1.985399494309356694e+00
-1.879739937508429826e+00 4.101563942231720716e-01
-3.913423921475053802e-01 3.998534296985932213e-01
2.637521307245667579e+00 6.939938147978270688e-01
7.205536163562880070e-01 -6.164864342922957707e-01
-8.915516218908412505e-01 1.218741728527445778e+00
