2.193617400472002821e+00 -5.511179698505305202e-01
7.914363269198504414e-01 -2.462619217078705791e+00
1.062349546033070968e+00 9.957606254566757631e-01
1.674305254494260486e+00 -1.241989304973099895e+00
1.440092599242895233e+00 2.538949032452871624e+00
1.024406956870072438e+00 -5.407626247271348774e-01
7.306704382113547724e-02 7.629190626450684798e-01
-3.058725818354211534e-01 9.200608564519832111e-01
1.786981496871580477e+00 8.436528385469261870e-01
1.210375296889852459e+00 -3.534492775756450933e-01
2.396195396184511162e-01 -1.215845951909757972e+00
9.759385452827914476e-01 1.473418406184826113e+00
6.235041336541161661e-01 -6.884554635762727415e-01
3.050896333207845923e-01 1.010226523184454717e+00
1.111767838933661157e+00 2.169943889310789853e+00
-6.704344243538582493e-01 -1.081842042312651797e+00
8.670409634952366273e-01 5.197042444048031173e-01
-1.351211697817512880e-01 8.336336201778041799e-01
-1.199764114031026452e+00 1.236768680812047050e-01
-7.135291591972382497e-01 -1.352520874984018406e-01
-1.227860756893775607e+00 -6.502013501736243484e-01
-5.835656171459460695e-02 4.960661067437608929e-01
7.926202651700484658e-01 8.417695046161619565e-01
-9.005967190711933190e-01 1.799442403912567157e+00
1.197572897929451763e+00 -1.194672232036233961e+00
1.791123980158129125e+00 -1.319596552218502028e+00
-4.096628536996371195e-01 4.367264054528977035e-01
-1.119305332030150701e+00 4.014082339366426000e-01
-2.813794781546451462e-01 7.961879482104813333e-01
2.195301192442935534e-01 1.239350782085431868e-01
-1.500234173313876873e-01 -1.338980213464752822e+00
-1.786297414464829980e-01 -1.627803170634899155e-02
-1.407384694856044005e+00 8.893497871326437876e-01
-3.794127418321176504e-01 -3.684577875579838624e-01
3.483977591238294202e-01 -4.568668414094370078e-01
-1.347327516350286247e-01 1.501101658544140849e-01
-2.004448912896394375e-01 -8.875887297744809723e-02
4.060967766466074824e-01 1.053049824367153636e-01
-2.938689509759556673e-01 -1.779366736411942540e+00
-1.132653331148961717e+00 1.551066345436414862e+00
-1.731536427851773641e-01 6.846019947256706262e-01
-1.343375403333447182e-01 -9.179428715921299498e-01
-6.991164762480763795e-01 -1.557704435794264208e+00
-2.267013354699156213e+00 9.907298884922774995e-01
9.912932872390743944e-01 6.867635618158451916e-01
4.998187444232342624e-01 1.879170648734424853e+00
8.059032977937763409e-01 -1.307683487512730558e+00
1.531945278742520511e+00 2.628395441202420746e-01
-1.311035639966592337e+00 -6.576027161099465834e-01
1.010315020886202175e+00 2.496935730375587636e-01
3.289005796786133029e-01 1.983132621112357885e-01
-1.197127773361798819e-01 6.726997009924107207e-01
-1.595633208986825036e+00 6.305635393263048227e-01
3.277725331262243968e-01 3.857809437446983458e-01
-5.926338973200606652e-01 6.607613602076709558e-01
-1.189124504057923748e-01 1.169508966889879487e+00
