-1.923756822678789613e-01 6.271668149779231760e-03
-1.471308117720005582e+00 2.045588097508529213e+00
3.711850118854727598e-01 1.767078010070828598e-01
-1.022842309995974919e+00 -1.540813580567636620e+00
3.919534637409700650e-01 6.975096910374429804e-01
4.858386224883418647e-01 3.037783109702972828e-01
9.964628537399138342e-01 1.202122305641514233e+00
7.570105506239023230e-01 -8.701380514159912094e-01
4.305005360672513048e-01 6.613617006745539095e-01
-7.970918572170732075e-01 2.923605801155740661e-02
-1.099161390937574978e-01 1.445475351165761424e+00
-1.398727257854064376e-01 -6.609647580737002537e-01
-7.189711647308388853e-01 -2.851398522115350387e-01
-1.225426869284525377e+00 4.415164975126920632e-01
-3.400349791235345864e-01 -2.013390546783683455e+00
-2.230304888678251996e-01 -1.052653217011025433e+00
-7.738072971225408159e-01 -8.244627978157769155e-01
5.543426438285437019e-01 -8.638993974866111536e-01
-5.702440600115289415e-01 1.915324227363101040e-01
1.289897307684205741e-01 1.168861503990085426e-01
-4.726215234068366633e-01 -7.769691387999717591e-01
-1.124721955413046759e+00 -8.240732748970123200e-01
1.625258456137489982e-01 1.701356883505523165e-01
-4.922634582938350545e-01 1.406527786421482018e+00
-5.091912517640138081e-01 -1.373032476037790772e+00
-9.083397032093264434e-01 -6.963887767786769434e-02
1.317512059915058709e+00 5.005426405389111766e-01
-2.773106628991357070e+00 -1.124167645259274567e-01
1.705783746677543844e+00 3.679153284387129963e-01
-5.250104753116527911e-01 1.087905398087117170e+00
-4.161816715971727310e-01 -7.771524794621572640e-01
3.917608757732986002e-01 3.359918480425973186e+00
-4.671159429865001655e-01 -3.544942734430492348e-01
9.060032297058108197e-01 3.123399086524738522e-01
2.089620382388491723e-02 6.717741871021322142e-01
-6.739533984634434871e-01 7.299587985367241849e-01
-7.126133338344828871e-01 1.563985110553206770e+00
-2.568482396100596699e+00 1.045230509668254940e-03
6.046688728959088710e-01 -5.348664285561115506e-01
7.988244758684336366e-01 1.419307406465279531e+00
5.832969391643546553e-01 -8.987349586079702857e-02
-1.047561332639200371e+00 1.387104874962706014e-01
4.332664779264804311e-01 -4.112324259973601515e-01
-5.938298628051896094e-02 -1.832594517918712196e+00
-1.646071438285449551e+00 1.310245152990317852e+00
-1.101655489297904023e+00 2.377335563035367083e-01
2.336679275000395350e-01 -2.429964381609094892e-01
1.327166458573679320e+00 -1.439533359718851768e+00
2.886746114609250458e-01 4.113798454508653668e-01
-3.930082066908128363e-02 -1.244862615774675607e+00
-1.239327139240888886e+00 -1.660053059599590597e+00
-5.731351111852863722e-01 7.161642980674778336e-01
-6.823062784249741553e-01 -1.486182978657232923e+00
-1.794925514949295975e+00 6.071040059203371975e-01
4.918728999480154740e-01 8.459113954280568226e-01
-1.244740056864978572e-01 2.915463392366372114e-04
