-1.721400273224958088e-01 6.284585057291172117e-01
2.783305782472835221e-01 1.813835929445151707e-01
6.033124986568566550e-01 8.547880596129650010e-01
1.532225634865417740e+00 1.100514342806203638e+00
-3.699333917517347303e-02 -1.491740598788941385e+00
3.905533295053974507e-01 2.462219677763826386e-01
8.825376218886475943e-01 1.025446944401919858e+00
-1.422862162309179279e+00 -2.438778015136038035e-01
1.121531106532255156e-01 -1.919340880664153204e+00
1.902097302706077908e+00 1.460161574760141245e-01
-2.554209508132654349e-01 2.623282631298706237e-03
1.770598576791807099e+00 1.159923611670375276e+00
1.350804445103513274e+00 7.883690899633792881e-01
3.274462623012155266e-02 6.502865397027834948e-01
1.279739529813137100e+00 8.963138917067750011e-01
9.527249706601990109e-01 6.699206410339036966e-02
-3.125313693717504115e-01 -1.678448318690577867e+00
-8.271345822081728194e-01 6.410569099889276146e-01
6.034156203187847067e-01 8.708014098622194332e-01
-3.230482311831631703e-01 -3.185305228435587610e-01
1.780611756645887445e+00 -1.304835521588628700e+00
1.600672244892580587e-01 -5.240721466794360239e-01
-3.534682093473564546e-01 -1.087587608090866964e-01
9.517912354573317968e-01 -5.000716230015095354e-01
-5.063566708187703380e-01 7.576231154307966342e-01
-1.355986241341502474e-01 -1.298467748312959635e+00
-1.286617988973866700e+00 -6.984985599262982792e-01
-1.235755830747736095e+00 1.052364512729805135e+00
-2.257049660163159555e+00 2.244352088497612030e-01
-1.612104564785171723e+00 -1.185273369260595233e+00
7.509045403395875340e-01 -5.240607677079194282e-01
-3.238933186629148198e-01 -2.354438655355257648e+00
-4.788962509622644026e-01 -1.701915012406907790e+00
1.643140864240366650e+00 -9.784693399550404846e-01
-5.220367483289294341e-01 7.088257788874540166e-01
-7.793783729191541276e-01 -6.385246458538237357e-01
1.327870666799167709e-02 -1.819048080071925311e+00
1.935119300406876519e+00 2.048919175591501496e-01
-6.534507489264794744e-01 1.100617169010477792e+00
1.257991288597282153e-01 2.837604632797303683e-01
-2.906871550253222747e-01 7.745174502169765995e-02
2.075802613922758777e+00 -3.072275239421278226e-01
-7.476424471282396844e-01 1.810258840206652453e-01
1.178939656939345770e+00 6.187772755970719629e-01
-7.508172181354777486e-01 -1.014977383499256147e+00
2.366547540753400458e+00 8.355251122376179396e-01
-8.341573251820447177e-02 -1.053467482877367550e-01
-3.307919800202162031e-01 7.196999968272839443e-02
3.753474961596139359e-01 -1.054269229477291292e+00
-6.511080622685172514e-01 -1.655724309115590431e+00
2.571898845072231876e-01 6.621725845819033118e-01
-2.544514709255410456e-01 5.378467948808097754e-01
-2.225730825570138571e-01 6.935396506763918945e-01
-1.240086129606767562e+00 -1.335975180173938279e-02
-3.794916112888060966e-01 7.505638672815814760e-02
-1.003123667217188597e+00 6.942294497774589290e-01
