-1.090055149973438775e+00 6.458928182355964109e-01
1.859937302814998805e+00 -4.534988835929609774e-01
-8.430368725173222055e-02 -5.681296188703304217e-01
-1.886210842858883519e+00 -1.325948817985752148e+00
9.314388784122926701e-01 7.220667684691128851e-01
-3.916170038359423899e-01 -6.564382999655511419e-01
-5.534947851024624166e-01 4.910701285449912967e-02
3.804166563695103864e-01 2.688191061489554889e-01
1.329807226893440220e+00 -5.456507585069306776e-01
-1.800990179859562001e+00 3.275909169975583235e-01
2.809950301030812378e-02 -8.011997243802817525e-01
1.385248176719170443e+00 6.112300539792397958e-01
-4.927373300254234145e-01 1.520747163938045210e+00
6.573093173376954867e-01 4.682466467311985903e-01
6.526283748102067461e-01 9.486988512997203415e-02
9.990399454657432621e-01 -3.481140003284774576e+00
1.317404122903453323e-01 2.465134055257707790e-01
1.274213836104218345e+00 2.878896608168803328e-01
-7.210539365892877361e-01 6.603634790057765214e-01
-1.596547328097491780e+00 -1.353841653626657093e+00
-1.152598419278709319e+00 -2.905545436147425817e-02
8.189079529339086949e-02 -1.289601319895263387e+00
5.770258092905653502e-01 9.334406759426611133e-01
1.980058383393833887e+00 1.331785920015083891e+00
-5.616647520136284349e-02 -2.602657359981072702e-03
-1.148927766801735251e+00 -1.275649917007382728e+00
5.188732064994879822e-01 1.865955548159785149e+00
2.085841808364002237e+00 4.766530516922659055e-01
2.261321052057254366e-01 -1.964492237064346392e-01
1.122036270882671882e+00 7.029695278295003229e-03
-2.058545701949405227e-01 8.141920537174529571e-01
4.504908597775201251e-01 5.086982557893950929e-01
1.408768259835171621e+00 8.093113265506712839e-02
3.454035833762421626e-01 -3.398072141920603917e-01
-1.163215383172138573e+00 1.180568054579496540e+00
2.098779484889095492e+00 -7.182542954986042005e-01
-2.797583552771167326e-01 4.396804961593111377e-02
2.986337881141298278e-01 -6.249127839616714919e-01
-1.230361554694619830e+00 6.470382604363473789e-01
5.003193801759316939e-01 -6.122264528794976735e-02
1.532164248786677951e-01 8.587840670758311035e-01
4.157335105547795839e-01 -1.703506262410981131e+00
1.036718363013900301e+00 2.274987939961709560e-01
-6.495846075070582648e-01 2.056215590137726590e+00
-7.030956771340197697e-01 -4.947025775360980315e-01
1.132083125002850910e+00 -1.017803955559115181e+00
1.833536697001302951e+00 3.635089149325351210e-01
-6.025788440878856456e-01 -6.166684593815446869e-01
4.942447106555758474e-01 3.301748487208012173e-01
-1.324807112360909755e+00 -4.470549804895347923e-01
7.315780584293860578e-01 1.309469566080360581e+00
1.813066590604836825e-01 8.296195995749933161e-01
1.537581824162174371e+00 8.869922347619224601e-01
-1.056811670799812974e+00 7.439535503431221608e-01
1.441132562886850432e-01 4.045375385773042343e-01
1.306048029750722650e+00 6.524168546629780518e-01
