2.865216947690387150e-01 1.352916410779570477e-01
-8.514473084041922490e-01 1.260071886364923621e+00
1.144488013203940779e+00 -7.860760190603841568e-01
7.143527898703209145e-01 7.545227960497862263e-01
1.572432143625888679e-01 -1.134748877018981611e-01
9.525696606196942806e-01 3.789545041503927791e-01
-1.863544505393636419e-01 1.128963882432095334e+00
5.269240171008723328e-01 1.381933267546350819e-01
-3.341860297304443672e-01 2.143845886203037121e-01
3.879483566838330399e-01 2.905388989722028636e-01
3.758865663125985357e-01 -3.154477235319646383e-02
-1.153266857405631285e+00 2.853000992824227255e-01
1.843029680000158599e-01 -3.370548585205448283e-02
-2.746740478068790292e+00 5.924952454237740751e-01
1.878232018323018115e+00 1.600467521787225511e+00
-1.206476034860869406e-01 -1.108967517920466994e+00
1.126588376689784399e+00 -5.270031253454249276e-01
-2.629369324545048348e-01 -8.293017317576583114e-01
7.886041734904057909e-01 1.642898100020692143e+00
3.626086527850284902e-02 2.743891521394316302e-02
-7.607391061571230351e-01 -7.612538882051845812e-01
-6.602203759741948064e-01 -1.667516992842044687e-01
-3.807895360634466764e-01 7.266459917510124100e-01
-1.602660351447457721e-01 8.911695620574113796e-01
7.033621098272140049e-02 -5.138453948705373753e-01
-1.647644719707266114e+00 4.461455613268885401e-01
-1.467790679063702308e+00 -1.289178551963587216e+00
-9.479116145848529573e-01 -4.728193822477246844e-01
-1.710290178462547106e-01 1.320710262616416664e+00
5.491268856450823993e-02 -5.387107723797274206e-01
2.816110495535172342e-01 7.858467554214052520e-01
-6.939772445302826442e-01 -7.295835690371045290e-01
1.789875742724814423e+00 7.693310719099030193e-01
-3.251306030710325867e-01 -9.131121340315253576e-01
-1.654506048214096525e+00 6.703848232152557207e-01
4.831264950590534735e-01 9.514239531150097129e-01
6.414954818421665997e-03 8.767257294161383552e-01
2.536884444614510570e-01 9.624662333395869185e-01
1.419242756553278362e-01 -6.852450223154803455e-01
1.004981011727667184e+00 -2.087636094858471569e+00
4.760681047240913344e-01 -5.894354748571248859e-01
-5.200773866674931467e-01 -2.011370607912505104e+00
-2.287862169308010896e-01 -1.696030045719402191e+00
1.342527522029995923e+00 1.544344337498955166e+00
-2.485250076247806361e-01 1.094677235828823481e+00
2.479012108413961857e-01 -1.536279152592714969e-01
-2.416606771989319724e-01 -5.981814666019314997e-01
1.210810262987841224e+00 1.634666236114183269e+00
8.300706133910334961e-01 1.125372132067308684e+00
3.215779512625810965e-01 4.640893482478447019e-01
-5.026254232829797663e-01 8.871315798697956279e-01
1.406174574395415267e+00 1.828274352684682746e+00
-1.083079844511841694e+00 -1.227160680553535332e+00
-3.408706734273158623e-01 -3.066848424715516441e-01
1.490186591148384421e-01 -5.019516042885023843e-01
8.441105655107614680e-01 1.853606893208474604e+00
