-8.405046827738348325e-01 1.370141192274241471e+00
-1.108193571575869729e+00 -8.183029610041028246e-01
4.293780493904114093e-01 -8.771484659313895094e-01
-1.551457837024084185e-01 3.619635810289673072e-01
1.587810638014729714e-01 -1.244670955193560413e+00
-2.967638184986869793e-02 -1.268102513936762765e+00
1.014538690660478748e+00 1.312370319245700634e-01
1.165265596358741718e+00 -5.513658961076416398e-01
1.286956722950796328e+00 4.232791461906781905e-01
-5.269226432924091208e-01 -3.019812033791138828e-01
-1.961013989615432607e+00 2.657357819943353960e-01
-2.838750825369027245e-02 -1.874252516487269205e+00
-1.477947221570671710e+00 -6.344359350600289882e-02
-7.236726751121316248e-01 9.758537913827678434e-01
-1.828002213184917846e+00 1.598556318694257072e+00
9.520984076841034760e-01 3.600130026144785500e-01
1.249697166125496750e+00 -8.423481698651184013e-01
1.709633927107378826e+00 9.988321600209291162e-01
1.986657113871660885e+00 1.666112893078081303e+00
1.835008305879099355e+00 5.081122888574070018e-01
-8.268029663883144087e-01 -7.102737738916364840e-01
-4.383025786966439075e-01 1.380934932737261533e+00
-1.176266057629007600e+00 -6.027407954146536406e-01
1.017246667236462843e+00 1.305140009830990933e-01
-5.280395734416443165e-01 -5.405514099776508041e-02
-4.476448875138521605e-02 1.779191298570715229e+00
-4.652718360223865313e-01 -5.381601662036733513e-01
2.445296444700877925e-01 2.684849162045924942e+00
-3.661209469102086334e-01 9.298775560198238033e-01
-1.609186747757794134e+00 1.467764087759134917e+00
-2.791485475091700086e-01 -8.261909390970088030e-01
-8.975124617426140372e-02 6.188330460737251348e-01
5.738555389982252786e-01 1.492518608047431972e+00
-7.316497939380448567e-01 -9.905735450285675370e-01
-1.677114223875836085e+00 5.693373951578745325e-03
-3.914403140601129261e-01 5.714500045764476788e-01
5.494744474739330364e-01 1.003153936235897437e+00
6.115842448910583512e-02 -1.270006900157580443e+00
2.236491175168891787e-01 9.801292080313365185e-01
8.040161304316214563e-01 7.295030913170360565e-01
-9.671812469682565805e-01 -1.981011647642763718e+00
-1.220314365095326092e+00 -1.088889148469805335e+00
-9.122204004673532818e-02 -1.588651097000926438e+00
9.660883174810468432e-01 -4.395894502648648450e-01
2.964934839110559550e-01 2.519003752011885755e-01
-3.724825691901232916e-01 7.897759342397706606e-01
-8.074890739713438403e-01 -2.079007997466988666e-01
1.235578657738556796e+00 -3.218546218180867169e-01
1.775469793594852463e+00 -4.476024313888012363e-01
-5.432107248679763911e-01 2.006731020132318299e+00
-8.155149202148141985e-01 -8.171525946987241440e-01
6.807679653215240045e-02 -1.083857924962984054e+00
-5.454351963959065408e-01 -4.464802737949368772e-01
-4.745829362536961860e-01 -2.896019863657842142e-01
3.923023319018952709e-02 1.277767851767042995e+00
-9.823733401824992217e-01 -2.063300631836990917e-01
