-8.933243206263092873e-01 -2.094332016966528265e+00
-5.924448472804221266e-01 7.950163786490488382e-01
1.238474305328387537e+00 -1.143659631851630526e-01
-5.806625298228669241e-01 6.152891190493999796e-01
-4.438290948048672635e-01 -6.894202728094795951e-01
4.349629548557052972e-01 2.649516193487664317e-01
2.673578956508208537e-01 -2.390586372585238595e-01
-1.783347224200067638e+00 6.061932519323250945e-01
-1.494549645585980580e+00 -1.163915777244807215e+00
8.790816530008537244e-01 -1.400746059797353116e+00
6.827174614258313401e-01 3.927057242072256593e-01
-3.755308741265939165e-01 -1.220266649526537073e+00
-4.106328982122688376e-01 -3.706522070016838311e-01
1.512790852319988444e+00 1.066644031255755021e+00
-5.543872774645092899e-02 1.267485555522652518e+00
1.521663260460586198e+00 2.740220745361324539e+00
1.164476593448923403e+00 6.866030036259538338e-01
1.576190972376401711e-01 -1.124061186273339619e-01
1.176649221816140178e+00 1.760007678740449055e+00
-9.882575681921108579e-01 3.787782161015829097e-01
7.518581792298509869e-01 -5.883520769739004619e-01
6.336170017973482560e-01 2.760118300729843543e-01
-1.093675265678716313e+00 8.511310129532571045e-01
-5.774101823910274822e-01 2.548339649285109518e-02
1.848251754999544971e+00 -4.513894211263563827e-01
1.136142147997880603e+00 5.055011058927542100e-01
3.745950573451016785e-01 -9.477040812037889062e-01
1.860623461539949175e-01 -7.214078198489705107e-01
2.225660755497532034e-02 2.592615344934974808e-01
7.762258250367820578e-01 -4.386144087034591910e-01
-1.165250394548219104e+00 7.498360586131261885e-01
4.322937058210620243e-01 8.423318032998804161e-02
-1.819859426550014980e+00 -5.575537815679648679e-01
8.521275120659738134e-01 4.763597983235441369e-01
-1.403472954772158943e+00 -4.065865046113883996e-01
9.825726791300932739e-01 -1.428443249234639945e+00
-8.842835664680097629e-01 -1.115211705198735775e-01
-1.507335347048553098e+00 -1.849515000387479680e-01
-8.046280098629562394e-01 -3.725312332504113200e-01
-9.751291092196076038e-01 -8.927475896178667103e-01
-2.130744649034889360e+00 8.623161638549047270e-01
3.873204812202564185e-01 1.052779693264196820e-01
-2.787571129747276055e-01 -4.063733837664735282e-01
1.422728376536572803e+00 1.676502598169660185e-01
2.343375694362726414e+00 1.717694331475686509e-01
-1.607549097757225320e+00 -2.104083006471433759e+00
8.759893831728621238e-01 -1.664107400680840954e+00
1.221874372777673051e-01 9.313998482409642510e-02
8.970721186774117673e-01 2.563587484521561571e-02
-6.157173293907993727e-01 5.619730752832297060e-01
-3.009152912397964341e-01 -2.765277147083097242e-01
2.422701324583683480e+00 3.125701882088515182e-01
-2.992579561014735989e-01 1.639870842009526486e+00
-4.932393986920633605e-02 -9.018383780321364007e-01
-3.524413683687063065e-02 7.702494504884409565e-01
1.023702809376525691e+00 1.788233717809765977e-01
