9.682851439480059108e-01 7.423594893355494051e-01
-7.702471713632744743e-01 7.222662088994467045e-01
-3.572421673189749708e-02 -8.758689343584921128e-01
1.605125645650962607e+00 -4.247138572410726759e-02
3.502578757660045894e-01 7.481815849826389808e-01
4.375306614214951040e-01 7.367096384900905237e-01
-5.815060963107512859e-02 1.846382843176727961e+00
-6.757338555678269465e-01 1.151493652497358466e+00
2.972862823993724035e+00 3.475325192110342853e-01
-1.135623091217959457e+00 7.925738334760913384e-01
-1.807587571523918205e-02 -3.425767782127626671e-01
-2.988446298318174210e-01 -2.855381538756742721e-01
-5.071661379858188184e-02 -1.064626938489297014e-01
-1.396293042984362964e+00 -6.584569856859954218e-01
-2.670155139959236923e+00 3.585154881554268869e-01
1.764149727287504854e+00 1.336502041384423300e+00
1.613989406382645209e+00 6.910074813876414535e-01
-1.311880779735815905e-01 6.656855729021537993e-02
-3.540902084319832444e-01 4.290926826883346701e-01
8.066386931268929583e-01 -1.210448314965849370e+00
-1.681427927316610171e+00 8.792761658207444153e-01
4.315202970068040544e-01 -1.231244891053043355e+00
1.133669592113899727e+00 -1.210774436898277989e-01
1.816715835103517751e+00 7.432266474400637257e-01
-1.129009372349653484e+00 -1.198608406675472970e+00
-1.292084074379895808e+00 -1.037268060771362466e+00
-1.127934831651126402e+00 -6.830411247095520277e-01
-1.069293291107591692e-01 -9.971363260804413375e-01
3.179369544114291624e-01 5.658630250746400359e-01
-4.331742929499432515e-01 -5.959790997876929231e-01
-5.193333899608442161e-01 1.135688703385265841e+00
6.258430509563918109e-01 -1.469997297721096885e+00
2.916620791347277475e-01 3.127826490065350185e-01
-1.129083070942578981e+00 4.876571020653592825e-01
1.314148882572844457e+00 -5.231628229343966430e-01
5.637435004337080224e-01 7.885642368801781821e-01
-3.637073412431492403e-01 7.350360319754213612e-02
1.118130699802239780e+00 -5.513354323417689329e-02
-9.471074097670626468e-01 -1.108666187244346624e+00
3.218596301668282811e-01 -1.329446912164507499e-01
-6.090456317952380738e-01 1.088752468005953045e+00
-1.557307886938571917e+00 5.420054343899380900e-01
-1.245067967790470576e+00 -9.784106245949364400e-01
1.150613757633695000e+00 4.183780313120710748e-01
-9.365897886033599518e-01 3.815859406411077348e-01
-6.112133966144092101e-01 -1.525949766022780096e+00
1.081350995803230131e+00 -3.784252314061076206e-01
-1.918743620032788422e-01 -1.076601207015519535e+00
-2.088928634427743791e+00 -6.737524958733448477e-01
-1.167415904339575095e+00 -1.537064288322738115e+00
5.921888755044641961e-01 -1.438972409124425811e+00
-6.404939365450673661e-01 -1.523776769711754131e+00
4.004559758323626983e-01 1.382178519944859296e+00
-7.744433932203468318e-01 1.053443729089272862e+00
-1.912028979296524211e-01 3.463112389986645195e-02
2.372241891464584029e-02 -1.216781436510433745e-01
