-8.399620254350795845e-01 8.074444846953067467e-02
3.273675853406862518e-04 9.626772397428098316e-01
4.165245560117233903e-01 1.212326736136006833e-01
-5.760911976613290048e-02 -5.881872391257323557e-02
-5.511443189705635959e-01 6.042197045674506731e-03
3.695966404439369746e-01 -4.039692388876719442e-01
9.117377515767423057e-01 -1.304244293958763290e+00
6.575618754624579232e-01 -9.977288008118991858e-01
-2.574135556260848667e-01 -7.875638843341949968e-01
1.331067948026428471e+00 -3.477790983382498813e-01
-1.345580311434282916e-01 -1.546223646871174529e+00
1.150104722918591005e+00 -6.836803155327199066e-01
5.241378047233207216e-01 -1.617321292332604799e+00
-7.152358595321018919e-01 7.330319387268453557e-01
-2.101422156309451061e+00 4.053142539810510314e-01
-4.318041049203624193e-01 2.766342348976363885e-01
1.192619950020766151e+00 8.275824604482155677e-02
2.764561433671789414e-01 -6.118242334566924984e-02
1.477206651593987452e-01 5.821131057465162018e-01
-2.220474933739422785e-01 8.453347862447778693e-01
-5.997324472884585367e-01 -1.838585525892711681e-01
-8.744892627088642900e-01 -5.224166635115539137e-01
-4.448827947505694658e-01 2.951911391404862250e-01
-5.877256814201949897e-01 1.992682436547662084e+00
1.210255715843740809e+00 1.499547119752316693e+00
1.286116926337750599e-01 2.187182065637088557e-01
1.308069424329267649e+00 -8.235059546321980006e-01
6.701443023382209763e-01 1.712993233980720564e+00
1.218116263912104147e+00 1.243742380163392003e+00
-2.052421384017125483e+00 1.458192781837398533e+00
-2.750380982729450974e+00 -6.070089581237460806e-03
1.817837896329031366e+00 -1.767907781663144107e+00
-1.414611619269880993e+00 -4.424153421999489355e-01
-9.434212957275397438e-01 -1.458818535498003888e+00
8.458008273097904484e-01 -1.149068680899747452e+00
-1.411165528899324118e-01 9.375658421415099530e-01
-3.063956782952676622e-02 1.002939121613456219e+00
2.133094197493569100e-01 7.805792687546809772e-01
1.138544423172344500e+00 1.803819129836374824e+00
2.118949548209179579e+00 -2.734354436198713767e-01
5.017796415252611109e-01 -1.126567848458601917e+00
2.934343937279270120e-01 2.970509357979841947e-02
-8.030778172856523067e-01 4.921443596896236256e-02
-1.702630243414506861e-01 1.094655080689154403e+00
-1.037888996761000993e+00 -4.337082719355613292e-01
-1.034073612073239667e+00 1.269151094938144597e-01
-1.539051565096479501e-01 -1.304458213509805509e+00
1.311335838153359634e-01 1.348512909802687121e+00
-1.550128329431055940e+00 8.085791499837051699e-01
7.075254768814813466e-02 8.706294343350133857e-01
-1.455079321775394785e+00 1.622126523070345216e+00
1.226400174226877970e+00 9.012813708811939772e-01
4.501282159838414509e-01 7.277282221692547015e-01
-1.249878002766749152e-01 5.925087461322735560e-01
-1.564591265756833049e+00 -7.126372252339203683e-01
4.880077295976204543e-01 1.195994878303416886e+00
