8.500559965901421933e-02 -2.148298960592602558e-01
-3.283214915171467907e-01 1.654598714981362573e+00
-1.516129603303963735e+00 -1.024015776894983132e+00
1.810355252091967460e+00 -1.370758332770470878e-01
4.391361191786445906e-01 7.774009973521236461e-01
5.902198444410130529e-01 3.853666700537246581e-01
8.523242412265324974e-01 -6.836381362505296322e-02
8.593550095565912761e-01 7.091770773170255060e-01
2.126412659135218597e+00 -1.202761430462361558e-01
9.135506524943036791e-03 1.392263801669843815e-01
3.323483182629708571e-02 1.297530884890022995e-01
-1.198284748273266143e+00 6.683470331008128928e-01
1.759016123653913466e+00 -2.327987007537834774e-01
-1.157013409397035897e+00 9.664378961081736552e-01
-2.901264266207053896e-02 -1.082823422618379050e+00
8.036381667672444218e-01 -9.606142866476505837e-01
2.294300550457728516e+00 4.860493579728374369e-01
1.355219569394378709e+00 -1.749819278096625519e+00
-9.774745731574651098e-01 1.505810389117031800e+00
-1.079041478198211265e-03 1.325265986153359332e+00
-8.350099283580623144e-01 -9.864881398503236309e-02
-2.520844188131740049e-01 -3.502101809932818277e-01
-7.414397813357355149e-01 -4.473929835644802622e-01
3.494143667812427134e-01 -1.022250981975754147e+00
1.524862637101100038e+00 -7.971551604894395737e-01
-1.696104897305344972e-01 3.387868861392297481e-01
-7.047550421216981498e-01 -4.823403127332140938e-01
3.547041516986209619e-01 -2.870434152741864198e-01
-3.025305084395415317e-02 -7.711278238161904941e-01
2.099356660385101936e+00 -1.459696028549824831e+00
5.019249878643983198e-01 -9.236218917947360829e-01
1.075173901442454394e+00 1.201279641982147872e+00
2.819938586788420937e-02 6.591204371649504734e-02
1.254513396440724460e+00 -2.186416921598461627e-01
-1.042714056624529873e+00 1.317899476669239123e+00
-4.502954412867591349e-01 1.371792298866972015e-01
-7.169697941694380683e-01 -1.319672166822265291e+00
-3.542738553282237524e-01 3.535454040091738914e-01
-2.513163649406133238e-01 -2.791998778352614563e-01
1.554634910177219220e+00 -1.453581488172135949e-01
1.065215964022544703e+00 1.564872984107807508e+00
7.532649599569316012e-02 -1.121237031246886229e+00
1.221436941015263122e-01 1.557593594492939493e-01
-5.747083921851294797e-01 6.713824314653406011e-01
7.119910820468547952e-01 -1.636584003873350554e-02
3.047368694983765836e-01 5.324547634256625583e-01
1.035511149391013935e-01 3.538057203691015729e-01
2.536262496316014636e-01 1.138348642389525489e+00
-9.633456106189146606e-01 4.287298368025955209e-01
-3.660277605639869480e-01 1.659672997386025806e+00
4.620009161762876904e-01 1.756575192695051912e+00
8.766539576951462021e-01 2.226070838076639191e+00
-1.132440046419278090e+00 -3.381843154866088774e-01
1.301279793600248480e+00 7.396246908172472434e-01
1.078728298275759556e+00 1.767300451869516120e+00
4.935695395883132330e-01 -3.603086900712602625e-01
