1.354120142227423162e+00 1.543854783203761460e+00
-5.906516154826652043e-01 -3.144397386166367658e-01
-2.116778094896931417e-01 -1.283822918810292313e+00
-5.672098692591416580e-02 -7.482096624253850026e-01
-1.376220969299014052e-01 -3.136849819200381306e-01
9.705299138760488109e-01 -1.459466193780749155e+00
5.580329491088639182e-01 -4.803592948332931489e-01
-7.405877625047792012e-01 -1.734933281320728327e+00
8.679344751607122044e-01 -3.693035583828077617e-01
5.698169955003844489e-01 -5.077038813667593686e-01
-8.200432134483528479e-01 1.846014119253680752e+00
-3.665169245044761492e-01 -9.060241322411837217e-01
1.065862001111733903e+00 -1.504119461832032156e+00
1.235319009214849384e+00 3.080251891167601896e-01
9.639095687032795956e-01 9.068022673013385881e-02
1.497859750477196883e+00 -1.545021972648877029e-01
-7.280090227519804280e-01 -1.153588275103782645e-01
3.812783665791214666e-02 -1.978389017915675119e+00
1.085225909176380066e+00 -1.606740205311214087e+00
2.171048247623990068e+00 1.394546260798024129e-01
-1.784884318914064627e+00 1.279162014189997976e+00
1.199394461617826035e+00 7.782019046994936851e-01
-2.383970179977369652e-01 8.403873413348403876e-01
2.119548657281403736e-01 -6.103718491580587546e-01
-1.220212086798387663e+00 1.678381464377971755e+00
5.960674191868619021e-01 2.745556510336266687e+00
2.780176155493060963e-01 -9.794336899095319460e-01
-1.089039614106695336e-01 -1.292822589669332833e+00
4.253324846709754525e-01 -5.953270681281338517e-01
4.212286347165450362e-01 -7.394896525487520966e-01
-6.494100850516544288e-01 -5.774640930800477578e-01
-1.039694203786468485e+00 -4.598219141191253190e-01
-8.343539893240206062e-01 7.567672858664299396e-01
-3.553141098782545693e-01 4.645907598027365082e-01
1.044409041561053797e-01 -6.840163203191295116e-01
-5.425981093487408646e-02 9.268715147206593175e-01
-4.491197412379984155e-01 -8.313047627771793513e-01
-1.808628009389680935e+00 -1.413007559756328593e-02
-1.133217652308288192e+00 -2.795520052348739792e+00
-1.199437167153077244e+00 8.857021958443203058e-01
-1.727206924393470899e+00 1.096840117877466991e-01
-4.480552185128478526e-01 -1.217934705653329397e+00
-1.542310836061253854e+00 -2.305238449478167251e+00
-3.636296209453927508e-01 -4.022164133249696572e-01
-9.804490682142829039e-01 -2.146999436203198552e+00
-1.299117715937322615e+00 4.501246932232680908e-01
2.226473299895700420e-01 7.441824463775926768e-01
-5.678882072563178340e-01 -1.436136593145239893e+00
-1.318209670572601244e-01 -8.359709402640329579e-01
-7.298961675075402167e-02 3.247495256655733020e-01
-3.909416580076857661e-01 -1.119122881675377101e+00
2.650766740341160554e-01 -2.414813564906435339e-01
7.551778164115778846e-01 -2.197577466357818199e-01
6.611637909388429213e-01 -8.757496068123271638e-01
1.086962329481719891e+00 1.634500111666007394e-01
4.219569240028234192e-01 4.467658980907416311e-01
