2.190246585679733293e+00 9.827654295172217891e-01
-4.679854267999317141e-01 -7.730016281060868577e-01
2.342142043727163669e-01 5.874384169799118371e-01
-4.164418407282438062e-01 7.413539831793627410e-01
-2.729722871158259123e-02 -1.713696152147965446e+00
5.267809264898946076e-01 -5.935682481340647243e-01
2.140907215585122980e+00 -1.492253603771162229e+00
1.467623541113157071e+00 -1.906725662909055652e-01
1.466747776852859175e+00 1.335421555492315671e+00
7.085614301146559990e-01 -3.397847893371311323e-01
-1.036723866367003311e+00 -5.864570154424213477e-01
1.080725462991501962e+00 -3.777272890036796615e-02
7.298011979036086450e-01 2.183347647944878511e-01
-5.163803033901983586e-01 -3.429623546590577776e-01
-9.948169341670399790e-01 -1.002614952212437460e+00
-2.763774344635300029e+00 1.752911258487662272e+00
-3.924605730615566279e-01 -2.223173090043848887e+00
-9.426350148016457986e-01 -9.305805867451857338e-01
-4.556621342485813742e-01 -4.388136314750837319e-01
3.810259297380109295e-02 -9.057271216265097014e-01
1.108362058870761890e+00 -8.982071640513576982e-01
5.614288660337481973e-01 8.526230180233378420e-01
2.187116363959007714e-01 -1.539062782098544746e+00
1.065266920356280789e+00 -1.428320878389478965e+00
-3.772787013144811297e-02 1.169691678765027998e+00
9.296106922218855262e-01 1.249320939936357622e+00
2.745621731047429015e-01 -2.115817127884642435e-01
-6.149701456332168359e-01 1.561937039322121246e+00
-1.802651068309906179e-01 -2.063527441259707940e-01
1.787489180480954953e+00 1.791260959038318279e-01
-5.479578124348467583e-01 -4.716649174230007624e-01
-5.864605649367122808e-01 -5.361811227094718246e-01
8.330017184048199574e-01 -8.135076060484477400e-01
-1.414596745325614524e+00 -1.301934359811271757e-01
-1.086390867672772043e+00 1.232828416925030313e-01
1.543647029100974510e+00 1.837782829853708222e+00
-1.126486717186034325e-01 -9.816524186746124203e-02
-6.424295597611273667e-01 -2.671175347978085868e-01
1.612636592361487153e+00 1.018239903385932843e+00
1.083538898283708862e+00 -1.415201022276440235e-01
8.948257073609860654e-03 6.934655561946627689e-01
-4.474482636013260572e-01 -1.077839238403295763e+00
-1.758544929722247296e+00 6.536748190499725997e-01
2.805506018217074349e-01 2.088849273476004242e+00
-8.835660991381090457e-03 -3.000876347909958164e-01
-3.522154097342855561e-01 7.916257462877995810e-01
-1.759228209822142341e+00 -1.055328817456201662e+00
4.536351924040313982e-02 1.121925261211521141e+00
1.979135272250769351e-01 -4.679707195336528514e-02
-8.663344606157985517e-01 1.851453908565708462e+00
7.478238006405844851e-02 -8.484216109334536959e-01
-5.695650290154885553e-01 -1.507649304270016533e+00
-1.343147440038718665e+00 1.725849973104616852e+00
8.993697415145860408e-01 1.557385596304873054e+00
9.202151985906202591e-03 1.280176595388257121e+00
6.827785720377421708e-01 4.728528660288218721e-01
