2.601405726152935305e+00 -2.166075623069615638e-02
1.737369045435107839e+00 1.288181920564078098e+00
-3.333525092953943947e-01 6.558590837176911381e-02
-1.361772836100102912e+00 4.417563279547057631e-01
7.329599496836611272e-02 2.483413609641635933e+00
2.394849882919360129e-01 -9.347339567397562610e-02
-3.854312534334160545e-01 -3.585519763903891599e-01
-6.688941937052461650e-01 -9.054743325180099056e-01
-4.472754568920722651e-01 4.308209520473250675e-01
3.768129570023241448e-01 2.265460820199126091e-01
-9.938166477348999717e-01 -9.280137508067924923e-01
4.011707995367810309e-01 4.266532695954452364e-02
1.797250465031239752e+00 -3.658209359142441941e-01
2.711959555294560786e-01 -7.362441789627875988e-01
-1.138376550457595782e+00 1.743704605436936950e+00
1.277806237450977433e-01 -8.313416125754911068e-01
1.104479828500919969e-01 1.350404417966353465e+00
1.685685787488493681e-01 7.111873181164014568e-01
4.336482438886473112e-01 2.135774729162442931e-01
-1.373239354816188529e+00 9.354312236989183182e-02
-5.190541252105277531e-02 -8.420512259309049785e-01
2.481008117266596980e+00 -5.197081320813984329e-01
8.659852271108139377e-01 -6.385432741583685345e-02
2.547742197117433549e-01 -1.114638733996167641e+00
1.552339093273705561e+00 -9.346226511605281173e-01
-5.598870863855889279e-01 8.970263660012055273e-02
-1.556545223468401407e+00 -8.811652915274759135e-02
1.314318217324685900e-01 -2.230286461017678967e-01
-1.177547949908965386e+00 -1.147488210846033141e+00
7.922980937565530235e-01 -1.752800170486655595e+00
-7.447758040898866394e-01 -6.784697921554015965e-01
3.115943844822281761e-02 7.644266758655701155e-01
-1.684664393849871100e+00 2.652938780094565852e-01
1.398556073887124551e+00 1.961530252941180219e+00
-3.273363836188261655e-01 4.415982769721188972e-01
-1.391822579263548354e+00 -1.113120706300994689e+00
-9.274889707426555718e-01 -1.031122242864028093e+00
2.029060846157619835e-01 2.966755676945801667e+00
1.251197451221400359e+00 -8.642252087224423507e-01
5.568514898340769514e-01 -1.377287287243359915e+00
1.203869415541548804e+00 4.017072081055531041e-01
3.095991774439480967e-02 7.328696538177252862e-01
-4.055291045989965482e-01 6.700649999422810810e-01
2.043192884956349875e+00 6.420018995153702335e-01
-3.800062921521977222e-01 1.006793411819966073e-02
-8.762568737874859570e-02 1.770154377331690121e+00
-5.535637210678016062e-01 6.790072113586015368e-01
-3.176693208324775086e-01 5.846745285728697228e-01
8.534800486759285265e-01 1.902080842475592837e+00
9.172603016770410900e-01 -1.062864543473992285e+00
5.667537925398590665e-02 -1.286788154461186995e+00
3.401226739418464207e-01 -9.151284092412635962e-01
-5.657505362370664898e-02 4.312175395500321140e-01
-9.979004120675308842e-01 -1.233622456172768445e+00
2.429745798861246975e-01 7.794266941259350157e-01
9.820188694243008332e-01 -4.226943532188590091e-01
