1.431759020517508585e+00 1.357884392978645272e+00
5.221762982442572643e-01 -1.504354407702221064e+00
-9.026056827921292713e-01 -2.454490100548313847e-01
1.214369524057986816e+00 2.157819751941195130e-01
4.256646265172701060e-01 -3.451551152369741193e-01
-5.704420417012747713e-01 4.076178438615302158e-01
4.053024083827365398e-02 3.179992117888980618e-01
-2.073840186340994152e-01 -4.556780098213357166e-01
-1.526715976187889900e+00 -5.777609429636748617e-01
1.086174214587324327e+00 4.200268291066110438e-01
-3.894000543023342642e-01 1.303028755222281010e+00
8.589107247425182834e-01 4.686744513929739231e-01
2.526294532666005788e-01 -1.193579104234899546e+00
-1.567287949731799579e-01 1.488605785104639978e-01
-6.029980859501802293e-01 1.166836999211511572e-01
-2.101454907934465322e+00 3.000055092946781188e-01
-1.619185046565039254e+00 1.773844276739008796e+00
1.001262448661059956e+00 3.472217614262159135e-01
2.190279141266096019e+00 3.737879017953953942e-01
-3.245534897765755544e-01 -1.600186514481866551e+00
-1.965738288679164114e+00 -1.193095661236584365e-01
1.786137318561352272e+00 -2.018812705954938558e+00
4.205521842018205003e-01 7.489670998868581953e-02
-1.365032008299099209e+00 -7.601138584620779071e-01
7.809799203112823829e-01 -9.667958796792602838e-01
-8.321221854585542088e-01 5.348662576887708298e-01
1.051152875211913029e+00 -1.913512316427697701e+00
-6.352009033904644220e-01 -3.229966046987635120e-01
-7.542009783347993768e-01 7.760362559597454579e-01
6.140694667295224507e-01 2.176635505364974854e+00
8.248828348286554313e-01 -1.444327079375010037e+00
1.167579883168929689e+00 -2.260817425657176472e+00
-3.082033782586623624e-02 8.385933805800782626e-01
1.453513838790513324e+00 4.197985950398800958e-01
-1.205513815151501245e+00 -1.797057874379169307e-01
-3.623928694347716695e-01 9.862074542960141965e-01
2.058822635771257459e-01 -1.378031244423365331e+00
2.897938269578023696e-01 1.492131842639848882e+00
4.880273803469467597e-01 -1.809382274692578618e-01
-1.103932694734398867e-01 -4.567988395340992769e-01
9.896462075063893193e-01 8.739740545999905574e-01
6.327887034452943649e-01 2.557590351924107219e-01
1.303464996744867488e+00 2.350747376913347730e-01
-1.399361553387855839e+00 1.052962634369842831e+00
1.034159517426631730e-01 -1.830665634651217122e+00
-1.374554373484397352e-01 5.489488346692371623e-01
3.641926763160980851e-01 8.055739212553484352e-01
-1.252716421118186818e-01 1.931330766688279299e+00
-1.665551125928044496e-01 6.956663530922936323e-01
-3.859486415309529295e-01 1.486990962474698419e+00
-2.279573203914276647e+00 -4.479407191657224785e-01
3.874690079128411124e-01 -4.038692573395707974e-01
-1.062986429716543890e+00 6.288736002360039157e-01
1.727051181638158184e+00 3.356016518504770230e-01
1.487366605393796837e+00 -8.042781466611902408e-01
-5.378200123098006991e-01 -7.489061484649975342e-02
