7.018848741864923690e-01 -9.347717920267445413e-01
-1.116892352105270270e+00 -3.891848716488260362e-01
6.232508060158583607e-01 -8.848609582124887796e-01
-1.067423530774319618e+00 1.110394484707117213e+00
-1.532117564093114614e+00 4.946164397996978823e-01
-9.251073678020567126e-01 1.450709286604453974e+00
-3.904665208019632572e-01 4.983447925410817159e-01
-1.619710068575240358e+00 2.464067395688064877e-01
-8.548717353059115398e-01 -1.042350192204749559e+00
7.053477808618805467e-01 -1.066943597067053107e+00
1.464470035013252236e+00 3.994139571375350528e-02
2.949750645389995762e-01 2.185371764804724837e+00
-3.323870720158373371e-01 -1.252040976820472107e+00
1.184559694428641424e-01 1.803306975725091632e-01
1.026382774307117884e+00 1.242805815000351588e+00
-3.391282756167640633e-01 3.779603978623424787e-01
3.680180699452433868e-01 8.940779809291146130e-01
-2.928867377402331607e-01 -7.605995127329979733e-01
7.166937491576204078e-01 -3.935029661072335649e-01
-4.141353430703325483e-02 2.374179777527589408e-01
6.573927951119085122e-01 6.749689402809169181e-01
4.240803895458407080e-01 5.570301509837172205e-01
2.334657304221181562e+00 -3.469769292719304121e-01
-1.254609762673296158e+00 1.766986194035652602e+00
1.185979343023466359e-01 7.344134931639975106e-01
1.951594292055041091e-01 1.058386503513830901e+00
-8.955665332145928970e-02 -7.134428627467194195e-01
1.476547639030836745e+00 2.060780080071744180e+00
-2.913759224227920400e-02 -5.095193536672442125e-01
1.189439903617155236e+00 7.417014446009919659e-01
-5.149187007963808016e-01 -2.428974164667421665e+00
-5.448381734065030901e-01 7.200612291402639364e-01
-8.026622200352369063e-01 -4.355029516550221746e-01
7.655423751587321357e-01 -3.003178059619360796e-01
-7.423809472022635525e-01 2.570764354769392024e-01
-6.119850759635258042e-01 7.163775587713406834e-01
-2.397839192700511324e-01 3.375777945239242239e-01
2.111076273252730395e+00 4.791940209999352440e-01
-9.347573767518231325e-01 9.989848749731186084e-01
-1.020452657388427831e+00 5.332987616604020209e-01
-1.418389514051071387e+00 7.380540934947819043e-01
1.367355845676566206e+00 6.557264369230240142e-01
-1.202372446810259010e+00 -4.773974104496150894e-01
5.068250872903795612e-01 -7.819738762382626440e-01
-1.320435018953088013e+00 2.006082557564778490e+00
1.073012543097952021e+00 -8.761920372405961333e-01
2.247550734962715513e+00 -3.773800077643491013e-01
-1.186190055713295610e+00 1.533084280513216935e-01
-1.606536076482583675e-01 4.431092948975788315e-01
-6.853483870573534587e-01 -1.023818047770342354e-01
1.772130326000791456e+00 4.661717244936425808e-01
1.768530763200854283e-01 -2.807175471693753588e-01
5.494851750822616482e-02 -5.595501317257242091e-01
6.942453925584575192e-01 -5.073626612112226431e-01
8.858042921154173355e-01 -3.151315689546164145e-01
-5.191700833864342224e-01 -3.727285903000295275e-01
