1.351510945118524210e-01 5.820484992692886994e-01
-2.214472363493711904e-01 6.306877934328507518e-01
-9.608118548380921442e-02 -2.212481043945331571e-01
-1.664189781969763526e+00 1.831450905511141647e+00
-7.986873531977161100e-01 7.601699183897204781e-01
9.555573672552789000e-02 4.757792138585146269e-01
-4.733668415261096246e-02 5.023651290538052594e-01
-1.593145267480307714e+00 -1.129561635421635124e+00
-1.139181282761892122e+00 -6.671527676958179942e-01
-2.617978901837424988e-01 -6.458213570450290764e-01
6.078893604005324303e-01 -9.148858356843517781e-01
-4.153573928676348448e-01 -9.458707511722744821e-01
-1.297584295834437185e-01 -2.029046842901958969e-02
-1.903295449786170712e+00 -7.920981985287576244e-01
-7.825146287331032069e-02 -4.848095292445500637e-01
-6.973080936268275520e-01 8.589606233315412176e-01
8.804989744204436697e-01 6.407315730700331446e-01
1.424170835207028835e-02 -7.773364090782290958e-01
1.191221605342140943e-01 1.882207956229175583e+00
-1.055484285014939294e+00 2.487520622996430564e-01
-1.778746512571467986e-01 -2.238941497722332752e+00
-3.877996929063707854e-01 1.275925965057346512e-01
4.864605492286586674e-01 -1.386667979639846227e-01
6.627311392548890234e-01 4.270083927196507978e-01
-1.225484505315853845e+00 -6.925643526263859373e-01
3.622036722506548623e-01 4.928755202915225397e-01
1.679086597482898124e+00 -7.968285518769053777e-01
-2.072227598574097329e-02 1.060071247164262820e+00
-9.279816169326196018e-01 -7.378052504474305606e-02
-1.273400358428719903e+00 -7.127737685178099358e-01
9.593152463173280076e-01 -4.378178265331911234e-01
-6.710348349767063514e-01 -1.662938909228588891e+00
1.063419182366731164e+00 2.589096501901417269e-01
8.439432883347268710e-01 6.426436960218646632e-01
-6.598007637634135669e-01 8.687033643729272780e-01
3.738079963389440707e-01 6.366564242005942065e-01
-1.301807885512177076e+00 5.976961811109419154e-01
-1.996968000295460122e-01 1.446142144759363923e-01
-1.774173071716683925e+00 1.060936497278901491e+00
-6.594399252360675368e-01 4.852499989614871279e-01
-7.861896878222413010e-01 -1.920564677629362227e-01
-1.365921280215799838e+00 -5.531388692282156461e-01
4.536520950384503315e-01 3.089832926806972413e-01
2.117371471235051650e-01 -1.940433247134673023e+00
4.571819551411303029e-01 2.056338216246101636e-01
-1.743035712877023746e+00 -4.441030578090673919e-01
7.178237889638430236e-01 7.584858113870335261e-01
-2.298317595622510201e-01 1.251458024930738322e+00
8.339639604802427664e-02 2.007093250666784900e+00
-9.360960186409602590e-01 -1.327548991279142443e-01
5.246771224215384111e-01 -1.179335259829808885e-01
-1.195283020572518035e-01 2.860193488360454062e-01
6.098312657515322366e-01 -3.916493503464282822e-01
-5.126090237057619181e-02 6.098554738082087034e-01
-5.181022752997639369e-01 5.484781733058325948e-01
3.026671290921726376e-01 5.281915953327209756e-01
