8.897208175442684608e-01 5.036433970732607790e-01
4.882608763690819698e-02 8.407909599917288146e-01
-4.414503800507568188e-01 -8.406448266990060869e-01
3.496470191943109457e-02 -2.647609631907718031e-01
1.255583881285580405e+00 1.176198334450730076e+00
-1.771719641174854601e-02 2.359505026066273659e-01
4.904039908437390211e-04 -1.027210454032401410e+00
1.357181428181685856e+00 -1.457982420259295475e+00
4.854275104372943739e-01 1.573576920510777119e-02
1.553539734284056006e+00 1.335553815307185532e+00
7.933752336661138438e-01 9.163092857362646892e-01
6.167464031718458140e-01 -2.018476550973946626e+00
7.164385468461564876e-02 -5.063687296743679678e-01
-6.249731740094723875e-01 -2.708454949622964847e-01
-3.676226755499516496e-01 1.504263201871445466e+00
1.158585043353585364e+00 6.844271242495176821e-01
-3.652245099345675095e-01 5.915257183954946915e-03
3.855521722180695332e-01 -9.099210845384293478e-01
-7.349810959288645140e-01 -1.029082107486448266e-01
-1.172589010120519193e+00 3.442803023209773938e-01
1.899144352987391260e+00 6.755526585493798475e-01
-5.881301849705177220e-01 5.314906243402459651e-01
7.544669534239246689e-01 -1.800810166536242152e+00
-1.833846282314233467e-01 -1.060663992456900795e+00
-2.199718986825959899e+00 -1.220825724810618906e+00
6.472596628124216434e-02 1.673575803346216695e+00
-1.216975798954316179e+00 4.563531458650977313e-01
-1.596779815269654401e+00 -2.284569257797372244e-01
-8.545737923817481319e-02 1.917881006651275921e+00
-3.018623190861384198e-01 -1.070172133101720879e+00
-1.835465607059901805e+00 -1.311293979353059358e+00
-4.978377401425780890e-01 -3.792845528221692186e-01
7.558370084871536554e-02 -8.720602078983921146e-01
-2.980449664742828575e-01 1.978206342318170330e-01
6.995644259024456080e-01 -1.638669795101680982e-01
1.682291277368830329e+00 -1.779364450400283126e-01
-4.598071583555486674e-02 -7.648611734966245246e-01
2.755190202375417119e-01 3.987202179547322811e-01
-5.418780785505217246e-01 1.455919769902741967e+00
1.226161723152285665e+00 2.499118150418926654e-01
5.930180845908991083e-01 9.775342380337735948e-01
1.233199693493851834e+00 -3.817973400967366038e-01
1.358741115162689916e-01 2.064819275370081808e+00
-3.894641295740479403e-02 -2.434802247435734202e-01
-5.122849422113354700e-01 1.755590570361609537e-01
2.595404453339765549e+00 -2.986240814665483412e-01
-2.647187839279227517e-01 -1.149605811000950828e+00
-1.397155485094697447e+00 1.622886114180783768e+00
-9.082746855357318738e-01 -1.156645165640035167e+00
-4.571740443375765239e-01 -6.482975854923798131e-01
2.236933260865237028e+00 5.368645256055092352e-01
2.925810599312340665e-01 5.937580804762008224e-01
-7.293894059869165947e-01 8.162863113440897989e-01
-8.015880245427611239e-01 -1.266355604786465694e+00
-6.779944986823349673e-01 2.040743012729640815e-01
1.259630127328274396e+00 -1.406440094611263403e+00
