-1.541101540334089526e+00 6.496057706304501078e-01
-3.585867695147342687e-02 1.682187058100603760e-01
3.691915064329848728e-01 1.708048653316379450e+00
-7.720859736907984550e-01 1.780891471759651901e-01
1.376627146565301718e+00 -5.162006576300584015e-01
-4.363818585279114481e-01 -1.300055261213318936e+00
-4.210888934283521512e-01 2.484352143905491916e-01
9.866634738441656949e-02 8.605530397360537931e-01
-1.022271854691149395e-01 2.727132385123763325e-01
-1.168959039521899335e-01 -1.124592616785717869e+00
2.532075774271885793e-01 5.206398559743734104e-03
7.865422571929809870e-01 -4.796276978974377270e-02
1.381370115049354697e+00 -1.000336958767850670e-01
3.351786060892792962e-01 4.620471539909338787e-01
-6.094383759473708251e-01 -1.658789023063486287e-02
1.647959643202665747e+00 2.241815041059838975e+00
-2.190520967493837734e+00 -7.502618037582560462e-02
8.579531581256180095e-01 -1.509916264600608571e+00
-1.218232260183039067e-01 -4.495792251806837170e-01
-3.145346403841741134e-01 -6.257627370390768384e-02
1.800828453607436375e+00 3.771015472248975819e-01
4.010628921689608495e-01 1.551403144220210972e+00
-2.002646973843629219e-01 9.022104507887501734e-01
-1.062990317351830916e+00 -2.203203829028751726e-01
2.045131143707304311e+00 -1.588010872459990175e+00
9.777605678745153739e-01 -2.106174249671671106e+00
3.332191050917300834e-01 -9.107653766008097507e-02
-7.116460208980679436e-01 -1.509715874162910199e+00
1.799084046131744496e-01 -6.968581014847469168e-01
-1.542282900095467146e-01 1.284894368060454650e-01
-6.439152324718619980e-01 -7.517887339510538336e-01
2.194050072037924792e+00 9.657312078417806811e-02
1.193998911592918155e+00 -2.174575847642699511e+00
2.202526563348751854e+00 -9.795684473472395792e-01
-2.342994091625683062e-01 2.284401297987614932e-01
-5.176146784231396847e-01 -9.601264390583923447e-01
4.121590505701735463e-01 1.072313355662592116e+00
-1.608094068836663171e+00 3.558673956020244056e-01
7.430550610439669024e-01 -6.385143011761179599e-01
-8.438712757226224381e-01 1.105301901038998613e+00
1.445360191679414541e-01 5.733417479414204543e-01
3.734002130815198273e-01 9.981944837189845599e-01
9.780882126096801521e-02 -5.220024165155968954e-02
-1.177265098214971273e+00 -4.349369333952731731e-01
-1.920716103372340555e+00 3.499798157438040458e-01
1.309396371480594790e-01 -1.391823697529850135e+00
-9.150554413890398253e-01 -5.410665168234992523e-02
-8.542876826080907371e-01 3.035935152188165564e-01
-7.960186471841671496e-01 6.422354420648891393e-01
-1.041838836166298465e+00 -1.693596692313349861e+00
3.171753384564443001e-01 1.627783407793364612e+00
2.309685863060340349e-01 -7.798306167160213853e-01
-3.986594256979678064e-02 6.379977707314924418e-01
-4.171628992952709503e-01 3.469741316274136955e-01
2.842452675337285850e+00 -9.106323574215199335e-01
-1.204448501846344888e+00 8.503550264105363965e-01
