-1.802069336231269636e+00 -1.620674148018551863e-01
-1.822600520331205454e+00 9.548723827783600626e-02
5.208504058743027715e-02 8.468788168363200475e-01
5.019444141624789246e-01 -1.508384854804081465e+00
-1.689377375936370163e+00 1.455122916291775148e+00
9.258407049121641919e-01 3.027682562945434586e-01
-2.662469407688070056e-01 9.903583560147205533e-01
-9.923669061931295055e-01 9.727883814395782425e-01
2.756745877788805421e-01 2.507997667150418053e+00
-1.111345996348376053e+00 -6.190378321068989304e-02
5.819614679119152756e-01 2.896673689678685437e-01
5.573854137985064794e-01 -8.306822320426369144e-01
-8.193764386967411495e-01 2.505867265917409714e-01
-4.494678884405986508e-02 4.666857778822250946e-01
-2.006661835781742731e+00 -4.603253714525549212e-01
2.550904970043260112e-01 1.817799711501119964e+00
1.129677270662554633e-01 4.225337997173974625e-01
-2.141599387662926013e+00 9.051640368724325203e-01
-9.829838347356611994e-01 7.618042891093544933e-01
8.347817881679142626e-01 1.250882557587412514e+00
2.257713964897566095e-01 1.251577525064509366e+00
-3.186491665453957539e-02 -1.671693122328087533e+00
7.557527984903659179e-01 -4.505634964078783500e-01
2.455753258463789779e-01 -1.270274896110538565e+00
-9.740061687733488904e-01 7.704437281356221745e-02
-3.797284749140072274e-02 2.594272142182252328e-01
-1.412811159219129031e+00 -4.946601294199144683e-02
1.275596682840803298e-01 -1.393522670563908994e+00
-6.567619499637690206e-01 1.051141743835156822e-01
-4.428984388756532220e-02 -5.394777225232149503e-02
5.508469011481798017e-01 -3.713005449537698510e-01
-4.634786437923568148e-01 8.909273627928959716e-01
-1.416714296119610861e+00 4.001423086056163925e-01
-9.928023563810520757e-01 4.419607135298713740e-01
-6.304449097650872691e-01 7.977558463560113777e-01
-2.132366475249871107e-01 9.560237989025233141e-01
5.717558787681953358e-01 -2.889251957081078737e-01
1.960914222190966449e-01 4.236930121068206989e-01
-1.426787312307119304e+00 1.800495000098879750e+00
-1.140571335060330371e+00 1.940881910783492481e+00
4.202831014005753429e-01 2.349431266317126621e+00
-1.051310824334586114e+00 -8.833953811197532424e-01
4.841050020011906097e-01 -2.361725518240178068e-01
1.244963904147540878e+00 1.937444361756569311e+00
-7.928552302768399063e-01 4.757343131802776459e-01
6.821149247542647176e-01 6.591020615630979185e-01
-2.226363183814941138e+00 1.667954632294338380e+00
-8.965336729340990241e-01 -3.468632319991625801e-01
-2.845736351532053288e-01 -2.250769952322552447e-01
-1.336591868713161935e+00 5.742458035140406425e-01
-1.645376172027088080e+00 2.661272102034833997e-01
-6.354242157510867628e-01 -1.333122884604344138e+00
-7.008425777239783994e-01 8.951750790115725609e-02
1.312775744324508498e+00 -8.108638569493161752e-01
-1.649213640542442239e+00 1.142908761698382181e+00
-1.256318348675780294e+00 7.215070552842246521e-01
