7.327200347691280591e-01 -5.211778036344184573e-01
-4.515581491698223426e-01 1.511292894117782226e-01
-3.775320407459965139e-02 8.769068929536553147e-01
4.937314319648357652e-01 8.333090444444764266e-02
-6.019870983653434759e-01 8.592402654804293105e-01
-2.967956495702971376e-01 2.318837242140293908e-01
3.545011035389412091e-01 -3.336121865943336151e-01
-7.136247304299885297e-01 -4.183196533190647326e-01
-1.351236858806017738e+00 1.596704347215285036e-01
-1.995158626658239953e-01 3.952058462876076317e-01
-9.595154449044239753e-01 -5.017249882481245038e-01
-1.059851874253423087e+00 -1.327536644263504151e+00
-7.210552529993971005e-01 7.778756281471567169e-01
1.258137524983096167e+00 1.208023221657028579e+00
1.571305739112881961e+00 -8.601431088915968415e-01
9.635869936309543471e-01 -4.954139704647742004e-01
-1.993261834612557182e-01 -1.762762365712223361e-02
6.566196682843975507e-01 9.647434416078639607e-01
-3.070949847112324216e-01 1.814770335524661160e+00
-3.890772431533758846e-01 5.209187752961575990e-01
1.865046640880995588e+00 -1.918373546851606382e-01
1.219289850752136806e+00 -5.282447041395698095e-01
-3.948275144510087764e-01 1.369673608396673625e+00
1.014808247772567951e+00 -1.351279689808215223e-01
1.374007744282823573e+00 -2.422091104229586289e+00
6.658258139078291338e-01 1.936240873446820332e-01
-1.171331302837794075e+00 -5.402600802429606830e-01
3.436731348728355728e-01 -1.017010673736041593e+00
-1.942192016017890988e-01 -9.845950088086290464e-01
1.556230699682483065e+00 -1.224778493359970355e+00
1.642927743944614605e+00 1.036058151982930831e+00
7.400371546341817375e-01 -5.254844046736070196e-01
1.058858036045409456e-01 -7.929743773481262581e-01
-2.032861872395391067e+00 1.356331113118469378e-01
1.385502022902293850e+00 1.737371996325683510e+00
-2.692225088669467081e-01 -8.067419505854884765e-01
-9.616489653319985065e-01 -7.622441071686064662e-02
9.316598650544172244e-01 3.183881268683095289e-01
1.897177635163116980e-04 -4.481192280048619803e-01
2.519479738042055272e-01 -4.459048968234043814e-02
7.564349496450999411e-01 1.007249447233868445e+00
-1.701937419528708473e+00 -3.394171340726600539e-01
7.510377772717792277e-01 6.989213288188493856e-01
8.419201639859600350e-01 -2.249973812114200555e+00
1.055741852306313122e+00 1.384891023970309165e+00
-1.293172147323766064e+00 3.840348867951547396e-01
-7.802899100204732097e-01 -1.088579163016486273e+00
1.306209583889500481e+00 -3.286767188254214461e-02
1.358557588657599569e-01 -2.217236371216122048e+00
3.618296044841231018e-01 4.423167617409627383e-01
-6.132609640574557819e-01 1.789818242324014153e-01
-6.440432760923502364e-01 -5.168259128596243146e-01
7.777188448299224843e-01 -4.597359303276537523e-01
-9.117266223398842184e-01 -4.068705687602108823e-02
-1.816298035543981726e+00 -1.755761837111897261e+00
-9.102515893443640094e-01 -6.019776436200361402e-01
