-2.061710000177126467e+00 -1.893808928776771205e-01
-6.105024670702746681e-01 1.115946382587172485e-02
-9.242203134506679629e-02 8.365190174048018346e-01
8.679408692732168973e-01 1.117125978580792434e-01
-6.259071322573420693e-01 -3.915816929570981597e-01
1.212791419122460468e+00 -1.868426792875261144e+00
-4.325932926002620804e-01 -4.348057644448916625e-01
-8.808284882925851988e-01 1.060952178179282307e-01
-2.473939331886497728e-01 -3.348910552614569464e-02
-4.926601665276461040e-01 -4.556831197489979446e-01
8.142647210125754098e-01 -9.442747257148375040e-01
7.561008707292820041e-01 -3.665846612102844904e-01
-6.130056260209862939e-01 1.222945966954557678e-01
-1.752715419090208337e+00 -2.563283280500854855e-01
-4.573434852549931318e-01 1.751571553912093293e+00
-1.493809669841154264e+00 5.299446617276550725e-02
4.888848702432845028e-02 -2.111683105457050402e+00
-9.522707366097117321e-01 1.028323812080149224e+00
-1.039876645735858141e+00 4.887574058451000791e-01
2.551925803030197226e-01 -4.266622622405968346e-01
7.975149195494615206e-01 -5.912699104934944216e-01
8.556785691747204048e-01 -1.465393460172363271e+00
-1.168504645780695100e-01 -1.289227530125690024e-01
-4.088793975796361502e-01 4.596475660302868360e-01
-1.079497789098985860e+00 -2.080398577595935772e-01
9.089966540226227520e-01 3.582679266917232486e-01
-3.420253761403063142e-01 5.951973278602671336e-01
5.913796172328902312e-01 -6.088310948040280383e-03
3.752868217486448610e-01 8.555876373412376612e-01
1.601349918999839250e-02 -7.885463201174701675e-01
1.082952349314580287e+00 2.729265256077380020e-01
-1.839086928444412516e-01 3.109388584021253177e-01
3.211451610552660263e-01 7.870276659010386755e-01
2.759635087066352188e-01 7.046657523635053710e-01
-7.257594856685425366e-01 6.996799810856885182e-02
-8.922191630862793543e-01 -5.261496796660347641e-01
-7.034988093669020115e-01 9.570954826760100786e-01
-4.381285979341358883e-01 2.860976585079043066e-01
-7.942272302981170373e-01 -2.218046477115606374e-01
1.670492933430572480e+00 -1.468552180944280749e+00
-1.004063370422983770e+00 -2.089478118381600177e-02
-1.071221288198052957e+00 3.284699064345826813e-01
5.271907844861781767e-01 9.827191873002474320e-01
-1.055357705318913153e+00 -4.495566908699090147e-01
-3.769754601207617739e-01 6.428929626160357902e-01
2.165764578187156175e+00 -1.544144007524274276e+00
1.895290579672189168e-01 -3.727979178069307786e-01
3.440556924625494783e+00 1.794839913965321720e+00
-1.357362145599949610e+00 1.712698569869034015e+00
-1.945071416969244682e+00 -1.190341906988794163e+00
-9.144614432567608198e-01 4.809520994404170580e-01
4.742077664949980731e-01 1.503083937419852356e+00
5.773765125697418732e-01 -1.133475732025875371e-01
1.171280647047073797e+00 -3.633652822940851013e-01
-2.494548340731715386e-01 1.151559541092233241e+00
-1.113889524103087725e+00 1.629846350322778081e-01
