4.055687100984239346e-01 -1.036279621524141659e+00
-3.970703162958637567e-01 1.104497656894932733e+00
-2.342687122884554718e-01 -9.805808037200600680e-01
-8.283778074926498869e-01 -3.362210006447630684e-01
-1.932280502515179299e-01 8.329038411406466391e-01
-7.460069721722373259e-01 8.533296783365599270e-01
-5.261221207185069471e-01 -2.363364610145591627e+00
-1.068873581605395362e+00 -5.915303773374354090e-01
-6.114848107824200768e-02 -5.707200620170991279e-01
-5.499053361304834242e-01 -9.223394278496795939e-01
1.198458021462738721e+00 -1.511520732670271205e-01
-1.039356513216121769e+00 8.544221130452299695e-01
-1.346455108042596827e+00 8.642741451996854840e-01
-9.290224664220805284e-01 -2.189481781424802431e-01
-1.191190677980388690e+00 8.784756873738177596e-01
-3.764444124847190487e-01 1.802313779952611217e+00
1.930187812325009356e+00 6.940043919720687571e-01
1.065826337332534735e+00 1.504405048596177519e+00
1.279030397259404594e+00 7.018192945611356759e-01
-1.190456771485772780e+00 -1.680665597293785618e+00
1.833689953027357156e+00 -5.419393450544196522e-01
-4.293482699790591162e-01 7.916410776012190453e-01
9.380180385799315179e-02 -1.179987645830571363e+00
-5.045798865334558680e-01 5.653976815357686370e-01
-5.471915532827535955e-01 4.230139740685513461e-01
-3.341119888021964329e-02 1.006593818086974457e+00
-1.669074507203942792e+00 -7.828366672005551141e-01
-6.839006763586247262e-02 4.169891462016587225e-01
1.328930028915365380e+00 1.016790964180184220e+00
1.048833632324239984e+00 -8.136526852725157744e-01
3.601689916565458116e-01 1.123684063802593558e+00
1.123160691425016289e+00 2.949236569206756808e-01
-5.060771077425263442e-01 4.663577710458031711e-01
6.428144301638833991e-01 5.204562913603567598e-01
-1.179792549268250612e+00 -1.195454124660098483e+00
-4.448102480998216701e-01 1.166688166177726860e+00
9.001135664669884795e-01 7.215384593886770004e-01
-2.158926573994366382e+00 -1.750386075155686838e-01
-9.724222970996135862e-01 -4.809429293860589816e-01
-8.872459005141472010e-01 -1.074184910396856374e+00
-2.365884371382599993e-01 5.518464649684093892e-01
3.128756453666176052e-01 -1.622665894196955394e+00
-6.769495035308172870e-01 -6.797355641066343823e-01
2.798680298177440573e-01 5.449590167883843206e-01
1.866255468737309797e-01 -3.535589738337815979e-01
-1.876052533019826551e+00 -8.691468412385893183e-01
1.567793955902422876e-01 1.076235579452545332e+00
1.250452404568966225e+00 -1.239425940182048214e+00
-4.948708025675235822e-01 -2.961083299256848655e-01
2.832908870686559610e-01 1.995558846924867291e+00
1.205360681972615922e+00 1.854954240432860335e-01
-3.739598319083687339e-01 -5.582458105766227030e-01
-6.913002828405724332e-01 -4.664952392123083436e-01
-5.328261551230930593e-01 1.997462671642156462e-01
1.099753364881177031e+00 -9.057564903857207028e-01
8.461460788805006406e-01 8.119641513246432796e-01
