9.831262147485648750e-01 -3.116353954736258425e-01
-9.377092340701691509e-01 -5.290538569244243594e-02
7.728474005955171533e-01 -2.548898279367790565e-01
-1.945373590251660678e+00 -1.155477686193835396e+00
3.269369380833960226e-01 -3.674798820309335690e-01
1.736539107928257442e-01 -1.938128013618949097e-01
1.562223206489948391e+00 -7.542195225985675044e-01
-1.165504064780872762e+00 4.981831493004157951e-01
-1.406571036451458756e+00 -1.211122953699806493e+00
-9.190234638040928328e-01 -1.332668431169810264e+00
9.774175407246167291e-01 -1.204504864966234046e-01
-1.391943253738273212e+00 1.152922002587279948e+00
-1.508072380593028283e+00 -5.637696210352764054e-02
-1.050203134232220004e+00 -3.633388420519767514e-01
-7.357705090176182017e-01 -9.554395151918655404e-01
1.712830248252453114e+00 1.215854171324236788e+00
8.714267527618982379e-02 -1.151060678436385931e+00
2.802856291222794560e+00 -7.528507432615700878e-01
2.790921522485410033e-01 -5.732651503728741771e-02
7.185261646533649404e-01 1.482003854660492337e+00
2.897457090801010882e+00 -2.726186749646700158e-01
1.040110869503996704e-03 -2.164401141824277452e+00
2.387297136976109790e+00 -3.729699476086077992e-01
-1.974282043593350022e-01 1.085903892147431327e+00
-2.576554107413374095e-01 3.236947796913837716e-01
1.098107732813987436e+00 -2.054553887973579185e-01
-2.546814164106855904e-01 -9.558608102066212808e-01
7.682037073780607628e-01 -6.246765405976628660e-01
-1.161760778074147460e+00 1.244284134418803367e+00
-7.472553800912196120e-01 -1.247513461862623574e+00
1.295792163216616277e+00 7.728676073935433211e-01
1.980979035714487690e-01 -2.921502180873076782e+00
1.792924741749959139e-01 9.109590903013161517e-03
-2.075454157995982207e+00 -1.461739561327821679e-01
-9.284431647855928560e-01 -3.726298611869057753e-01
9.957085050100942247e-01 -2.120640767732208332e+00
-5.367214550685029950e-01 -8.656089744805690600e-01
3.062846511960388152e-01 -5.447217126595726988e-01
-9.707644349720355725e-01 2.552249025558859727e-02
1.256513557710555729e-01 3.661168554113566342e-01
-7.338186108486854931e-02 1.690157226636922694e+00
-4.126189657266636779e-01 -8.733403874874335893e-01
-1.224530646866023753e+00 7.936932738673694310e-01
3.990212522224046432e-01 1.021483077963618147e+00
-1.479062410299453401e+00 5.837100553116174595e-01
2.000557575396528232e-01 4.112816496368209007e-01
-1.500644170444765113e-01 -1.241697899936898830e+00
1.076263909394299167e+00 -1.191431935891401339e-01
9.756109884361333640e-01 1.634610542804347366e+00
4.568291455259499423e-01 -4.500163668559756802e-01
-3.198000205040828492e-01 4.278128231915870328e-01
-1.970242713024154546e-01 6.701246624285941977e-02
1.526720792840968066e+00 -5.457940360854479644e-01
-9.028278942500946869e-01 9.012401138239169857e-03
-3.883952065653087371e-01 3.393988897405555427e-01
8.064073665419841941e-01 -8.349805456929479952e-01
