6.683130140143512810e-01 1.700174540212161745e+00
-1.649203361161924120e+00 6.690785967113161981e-01
1.189964768931304429e+00 -3.888270916386436515e-01
1.729634088956915283e+00 5.682493930491392398e-01
1.502717176940177035e-01 7.139941522447841304e-01
1.183052250387203852e+00 2.385408936230313692e+00
1.384261819686006367e+00 -1.771833397976693814e+00
-4.387423321032754564e-01 6.136205755481383139e-01
7.485056835166205014e-01 1.232758523256257455e+00
-3.452781177701948478e-01 -1.836886280133976035e+00
-4.821253982868267118e-01 -2.074826300916187971e-01
4.419606616186544379e-01 1.500846384680152523e+00
-3.578878074933589115e-01 1.093813344913114216e+00
-7.567032420239971913e-01 2.286802716227697985e-01
-1.120036779531710547e+00 -2.552207207383550003e-01
-9.404138405003089618e-01 -2.014793788870201663e-01
-2.265031555624404724e+00 -7.118680467586576688e-01
5.479247959330844076e-01 8.102246995275537156e-01
4.715980932090993449e-01 3.557724457135860718e-01
5.979127172535928514e-01 -4.605108902935018955e-01
-5.104858125151323645e-01 -2.075493990510599573e+00
-1.125927468126117548e+00 -1.142204534866705368e+00
5.485140403193637937e-01 1.247082744126846165e+00
-2.140289894523285663e-01 8.704120681706526419e-01
-1.519585343632278429e-01 1.126173392919967986e-01
-7.020291850563413760e-01 6.924187096970061406e-01
-2.271851883466373123e-01 -9.811285563218925532e-01
1.850008759229302635e+00 7.133797278136556896e-02
-8.358529834626657884e-01 4.760539810719902620e-01
-5.841540014209468668e-01 -7.391157527880271028e-01
-6.717546214251789438e-01 1.348551642090336955e+00
8.533738578589092905e-01 -2.190717493283653727e+00
-1.384225055595725284e-01 -9.171037050115644906e-02
2.230974275183887912e-01 1.474135835093318692e-01
7.197747833840618670e-01 -5.345404323809392899e-01
1.782867797288742728e-01 1.643438623851932734e-01
9.271537884747634364e-03 -1.549068365661818714e+00
-1.071297748673463612e+00 -4.083014987490094505e-01
-2.070548320413191590e+00 -6.406262796529312853e-01
-8.324901761363522334e-01 -8.883699051989485396e-01
4.598595758643129749e-01 -1.469239349782075710e+00
5.814794829995508785e-01 -3.011132175263973476e+00
9.545859796695767008e-01 -1.311803593560501024e+00
-1.965512399327348891e+00 -1.897099323671105564e+00
-6.428597637686918054e-01 2.879814602796997858e-01
-5.019327930223531631e-01 1.812051413990304782e+00
-2.291747473509592736e-01 -1.076539558697622745e+00
-4.023216145836884250e-01 -9.835208863613905672e-01
1.508364266057323100e+00 1.822015024478072398e+00
-4.917834086873478644e-02 -1.748701293408152724e+00
-1.217600721649252649e-01 5.092372515000848088e-01
-8.020065169400326655e-01 6.898906951645481511e-01
-9.811194014384871931e-01 -2.672616022341191000e-01
-3.720701876147763931e-01 1.152737817908848911e-01
-5.913946923524635579e-01 6.067164203336151695e-01
4.449096053882748980e-01 2.017100726052278858e+00
