-1.709572541846968941e+00 -4.830844099988322315e-01
1.924040303348799164e+00 1.157744383986236469e+00
-1.354921526095757445e+00 -8.701039295774518068e-02
-5.849344854937313931e-01 -1.734752666890571726e+00
8.820983581003247753e-01 -9.255669665527481715e-01
1.585456729153982836e-01 3.974846292538041781e-01
3.788493749770009966e-01 1.332681120556381771e+00
1.419550248312431595e+00 1.727960707578509947e+00
-5.754222452195479898e-01 -2.258235754433967069e-01
-5.049487206584029053e-01 -1.126817187467543224e+00
4.591965779497976241e-01 -5.260872835550955973e-01
6.657333691750200177e-02 -7.905684298671434851e-01
2.427627043391374917e-01 7.200085804905113074e-01
2.767696931904438440e+00 -3.449689044116944769e-01
1.977449021328691714e+00 1.441335180500216140e-01
6.733694724813841237e-01 -1.317903648362178881e+00
2.020136911475624686e+00 1.009235892841278792e+00
-1.366384937551286205e+00 -1.115377581742747065e-01
-6.215814520322068271e-01 -4.093429176888248033e-01
1.506764742345030772e+00 -1.466367136725917009e+00
-2.369851686870273699e+00 -9.990015958947107144e-01
-6.896312209824951855e-01 -7.516870484057029955e-01
2.078387796450981151e-01 -5.036366549579897045e-01
-2.406820247912842825e-01 -1.902198695149851737e+00
-2.924334774805745774e-01 -4.807396846143843216e-01
1.110591374852292618e-01 -3.826881277903497192e-01
6.367878253649255083e-01 5.255336933962162504e-01
7.971310189361032750e-01 -1.046822354134732264e-01
2.676818079636451131e+00 -5.321331405282327953e-01
-1.871650422656059576e-01 -5.271075271738763224e-01
-7.434471455498713466e-01 -1.737501532561981143e+00
1.902679620925058046e+00 -2.758703171962763601e-01
-2.447603143446868967e-01 1.066970813920564698e-01
-1.183029449524145016e-01 -1.118620061228396745e+00
-3.246550479246484433e-01 7.141818842219323227e-02
-1.429866645409827663e+00 -7.048526486872863650e-01
-3.766623698245976856e-03 -8.650350371074717604e-01
4.989142703748070673e-01 -1.549483955749200170e+00
1.037542034912614319e+00 1.254469323708467254e-01
3.172416198829509870e+00 -2.882561733913704960e-01
1.057435724587684062e-01 -1.490137190438788617e-01
3.547514016926568980e-01 1.027356343355153134e+00
-1.655522329626102795e+00 2.141919647132267901e+00
-3.883207145415692452e-01 5.135320575964995582e-01
-1.221518920585334955e+00 3.645607943033338239e-01
-4.651861423563818376e-01 8.642629002077339972e-01
-8.184862403268759745e-02 1.407552983239684363e-01
1.712091779282567672e-01 -3.918171360451063734e-01
-5.333085803140666936e-01 1.257949218094540356e-01
1.056470468470686042e+00 1.780742383284401154e+00
1.358008324729010896e+00 2.386027389172188373e-01
-1.778433762415663644e+00 -2.010401086814101124e+00
7.526194317502012468e-03 -1.345906586881855826e+00
1.480419125339601960e+00 7.780756037537094327e-01
4.409573382285840726e-01 -1.608800677541987856e+00
-1.541918388722340216e+00 2.109649147335304953e+00
