4.672906167125692178e-01 6.430922887821540757e-01
-1.320801403779048755e+00 1.220275272152809842e+00
4.990819628575236533e-01 -9.723087319561763975e-01
8.499376262852630370e-01 -2.872134564864046169e-01
7.603950895988992320e-01 4.414171123011074727e-01
6.016173140217715432e-01 -1.059302711705997213e+00
-7.304609593933524270e-01 6.940418099609385605e-01
-1.528982415062003941e+00 7.447482466288568581e-01
-1.885440480357240656e+00 -1.083939226547069534e+00
-7.297796692210412051e-02 -3.521625336988989385e-01
-1.239161560536924389e+00 2.351885561628904942e+00
-3.398561724464956302e-01 7.203251524949538798e-02
-2.140312131589113265e-01 -3.503110376062486542e-01
-7.151408536909577007e-01 -9.148624405094907264e-01
-5.980541541245045986e-03 -1.903732078256915150e+00
2.731443387239174680e-01 2.323255863296576074e-01
1.092122184889279701e+00 -1.458743157315262051e+00
-2.912364841385303715e-01 -1.818444633627554818e+00
-1.625409898424249894e-03 -5.613275364683143615e-02
9.786548424802512525e-01 7.087454630750013029e-01
-8.064380597551253915e-01 3.813054817104492011e-01
3.755970238661622829e-01 -2.035212218396549311e-01
5.769642766598565009e-01 -1.980491817476831784e+00
-5.770780963241925465e-02 2.814688528509010634e-01
2.376666635286058260e-01 -8.410155983471525598e-01
-1.228548753219521394e+00 4.442170260969393603e-01
-6.119845036306060804e-01 -1.781098218908370168e+00
2.730951881549112059e+00 -5.035132544375594543e-01
1.274808657042263149e-01 5.039962030734872478e-01
8.261946291799238118e-02 -3.572219467834619744e-01
7.994613682924001097e-01 3.691215036748316525e-01
-1.855142899117483840e-02 -6.664770918815740020e-01
-6.138734721363594549e-01 -1.202055596796096637e+00
1.213620067537157121e+00 9.087262006836834827e-01
1.204767111632942367e+00 -1.233635613436165679e+00
2.238570232867275744e-01 3.992226637688017776e-01
1.374966143028774068e+00 8.526848563023448069e-02
-1.050250249634369748e+00 1.781047671073993754e+00
4.399142383768266940e-01 1.221053732879247899e+00
-1.048467382163936978e+00 -1.890175385231492866e+00
-4.848074520303231882e-02 4.434141687651480535e-01
-2.308222620972980588e-01 -7.081456279452209568e-01
-3.291382267508491943e-01 2.708973181884903880e+00
4.364690505435591672e-01 2.060506818317119626e-01
1.771878494727659459e-01 3.772643859466245919e-01
5.785621220058170255e-01 2.340500146033256956e-01
-8.504597911266444932e-01 1.429034091256784045e+00
8.829244133742981671e-01 3.660783245741187075e-01
1.275153990902038459e-01 -3.344972619542969650e-01
-5.794923406928051968e-01 -4.751483287478773243e-01
-1.314223936860488440e+00 9.951324631850051450e-01
1.489521949736119399e+00 1.307269009576515373e+00
9.413347162570259163e-01 3.648438189991112246e-01
-6.472543235354881741e-01 -5.700061434298607788e-01
-2.698144399494370807e-02 -1.496645962866836488e+00
1.273363933352691824e+00 -1.344594971252791593e+00
