3.292103241176921186e-02 -4.727806788384362330e-02
4.589301497222796067e-02 -7.945500581061240020e-01
-1.056169347189367613e+00 -3.929510284965445632e-01
-7.955756869680127297e-01 -3.384016768146852483e-01
-1.659242173441558332e+00 -3.783699252407968783e-01
6.953143863833972649e-01 5.555952898588150529e-02
5.729879860786862844e-01 -1.115151820075968248e+00
1.233105010286696945e+00 7.456409900394669332e-01
1.935518503695089487e-01 -1.126634484089146682e+00
-1.772410451526260644e-01 -1.700336081041170233e-01
3.957534619346339544e-01 -8.923893921536806273e-01
-4.226426352164271982e-01 -1.035868014640009216e+00
2.653533737872628251e+00 9.054812343791240892e-01
-9.747471550678943331e-01 1.059674080654719325e-01
-6.316082556110363955e-01 5.913553083930838117e-01
5.271541800985702908e-01 -2.462110783260449132e-01
-1.136282057022608705e-01 2.126811547262005275e-01
-1.897438716996415753e-01 9.194492763129982205e-01
1.614415625311910407e+00 -7.337414794320620270e-01
1.784864895663305084e-01 -2.028098016920482916e-01
2.659099748475715619e-01 1.580767925631272552e+00
-5.549926926350480239e-01 1.442682956465149990e+00
7.452160818380770824e-01 1.309634489849742511e+00
5.078712186579786847e-01 3.890053864463375866e-01
-5.509392014575553720e-01 1.380088763553551090e-01
1.701068890540409842e-02 -6.284863581887232264e-01
-1.019456211272392610e-01 4.819271608517661232e-01
-7.009282567057342761e-02 1.025621857299946926e+00
4.857531051833601787e-01 5.734364143173474870e-01
1.125327812469325117e+00 6.229632973491726622e-01
1.635148357889400605e+00 5.940813896248110515e-01
1.131784121191901082e+00 -9.553281083033166032e-01
1.893291279805165150e-01 -4.981994792153801033e-01
1.377120877097198992e+00 -1.507340059277272326e+00
-1.120383823062225170e+00 -2.298293636480128188e-01
5.625622502516421930e-01 -3.041056274111063051e-01
1.494424361518733591e+00 -1.218200272896927672e+00
-6.720549456340733085e-01 1.102819117648500269e+00
-8.897464811351633029e-01 3.948715827239916987e-01
-1.322088261620931182e-01 7.377653293890853448e-01
-5.235845447921791962e-01 -8.270345831981165130e-01
6.791930121348992433e-01 7.250074747415252707e-02
-1.089926040602126056e+00 -1.798999087511239159e+00
9.818822600960486202e-01 -1.297346050358747227e-01
1.801302039066909055e-01 3.675669462485683381e-01
4.873082307958520598e-03 -3.292842754002079375e-01
-1.181418602216746522e-01 -3.891650926156658419e-01
8.294457170901762266e-01 1.060721085463110391e+00
-2.570585544508875220e+00 -8.590142904435935645e-01
8.892028789044816861e-01 -8.001435643062051462e-01
9.129170837482432077e-01 -1.092723080927496815e+00
6.445882310602788490e-01 1.522226235145092810e+00
1.230505229156908742e+00 3.928156251511893404e-01
5.769522019880745090e-01 7.118579147173192956e-01
-4.794421201951890033e-01 1.013122569319493183e+00
8.992212276362546719e-01 1.081156595478221849e+00
