-6.769520205023424886e-01 -7.306535109366955050e-01
-1.780613346285156773e+00 -2.149108692733075365e+00
2.008114633744859212e+00 1.473709186272711413e+00
-4.545451036032034375e-01 1.179689642038298736e+00
-2.861911238595932772e-01 1.250109276531681801e-01
3.583136312490581288e-01 7.971130643000101657e-02
3.883562194164097425e-01 6.866824489701436329e-01
-2.430783594713411266e-01 1.142213744850360646e+00
8.335616237685149477e-01 -7.463962621206726711e-01
2.905830571350223934e+00 -6.732379553879858092e-01
1.049025127855665707e+00 8.048994284880451877e-01
5.886675860473989941e-01 -5.799196518209459583e-01
-1.519542280546471336e+00 -5.239657012780326584e-01
-6.141323776265145140e-01 1.235578418848804372e+00
1.473188656609670133e+00 -5.466072273517303959e-01
-1.121292651680312336e-01 -6.374837366621772805e-01
1.059813385511957140e+00 -6.835584140644442863e-01
3.170500890023875140e-02 3.919431448883691216e-01
3.752784700068324542e-01 -8.025454402273294319e-01
-6.688476166791383903e-01 -6.897907271179618688e-03
3.082482935637844257e+00 6.084504839330984183e-01
2.130182061271088390e-01 1.556013931562758135e+00
-8.247564312918074236e-01 -1.407082779332666511e-01
-1.052274330739706665e+00 5.833365829406078618e-01
-8.142081015737999694e-01 9.575302003246040083e-01
-1.309791769463193312e-01 4.079095821905955321e-01
4.191613846245960673e-01 8.853780276675080607e-01
-7.415581758174745186e-01 1.132248793418763722e+00
2.146778949269453896e-01 -2.289404400858575661e-01
3.012431972012258874e-01 2.862757380447376598e-01
1.944366822613300405e+00 3.357295764885733780e-01
2.205305252898304980e-01 -1.770656119091161163e+00
-1.671755409599287034e+00 1.594169141557184144e+00
-8.873707767565870430e-01 -3.880848650279388745e-01
-4.517673989553018798e-01 8.685412088862763946e-01
1.622872325195745535e-01 -3.002553394083737892e-01
2.051100777150610455e+00 1.222860743726676080e+00
1.431239325333100387e+00 -3.464067403144520108e-01
1.391244735383892817e+00 2.320732780223341285e-01
1.403778436911067296e-01 -1.900562486301807519e-01
1.760181697167314763e+00 -5.729946492229213151e-01
-2.071515543376705182e-01 -3.599597911329041611e-01
-1.502385116736480175e-01 6.691844266496340676e-01
-1.592924873453131385e+00 -1.667055496258507963e-01
5.541036226122222352e-01 1.042344954235706889e-01
-1.548174401176951820e+00 3.088243334453077416e-01
9.506942333614859519e-01 -1.088539371084305429e+00
-4.888154420603509076e-02 -1.614156856778889315e+00
1.025258760122296220e+00 1.634271682014516169e-01
3.116418208922465127e-01 -1.945706387354201872e-01
1.239450389392859897e+00 7.310357543599870223e-01
1.750900470043048052e-01 -4.009662331582237726e-01
5.581344804634869039e-01 -1.363058823921340368e+00
6.605961110743869824e-01 -2.022798134609035348e+00
-1.390765008027795568e+00 1.198725856314687865e+00
5.510988398571075031e-01 -1.091623643094109253e-01
