6.437051245359181051e-01 -6.674912951568839903e-01
9.240253249423999726e-01 -4.800569419376018443e-01
1.018251368225529863e+00 2.109220042608212164e+00
2.325385440053243435e+00 1.328814770727989036e-01
-4.028449702614170236e-01 -1.819293403831870881e-01
7.041095159769595879e-01 6.548003358292233678e-01
1.967795125287925107e+00 9.022129504931813981e-01
2.957391203374490907e-01 7.432247081221388108e-01
1.168099020924350251e+00 5.512179553402772880e-01
-5.705622624410120469e-01 -1.053129411424515771e+00
-5.283977600751051940e-01 6.325432111259348122e-01
3.909321428044583713e-01 7.407868783017387271e-01
4.117314898952527114e-01 8.802669380880905059e-02
-8.767908602215908065e-01 5.396960250406774434e-02
-3.177457772623075716e-01 -7.723928882251838157e-01
7.000083957137455126e-01 -1.740575174044213469e+00
6.394978818957013367e-01 5.283281050173590510e-01
1.651694759213531372e+00 5.579913722021243583e-01
-6.516372195159405578e-01 1.129190538281449552e+00
7.778245341276375235e-01 4.105830193655128912e-01
-1.934966275593320573e-01 5.282033702117344687e-01
4.883447038421971920e-01 3.452903000983493231e-01
-6.635732686726869556e-01 6.222037536868814389e-02
4.753864317728838662e-01 6.748731049836191875e-01
5.332232005395721730e-01 8.095194456942995664e-01
-2.750135746321292762e-01 1.844013241482703958e+00
-3.063966107693587015e-01 1.411248410521170893e+00
-5.483290112750800471e-01 1.600882167297322134e+00
3.285793377672735494e-01 -5.292062655409355276e-01
5.430466118146387577e-01 -2.354376957653661506e+00
2.666185571463443038e-01 -5.078345861797309846e-01
-5.421215589347765790e-02 1.274524881197628967e-01
-2.105364079286363044e+00 -3.923100852874571998e-01
-1.823484149538747490e+00 -1.019372912934956910e+00
1.611876143968419051e+00 6.577654470114536744e-01
2.503567430464888055e-01 7.333006753094022390e-01
-5.293532259197448742e-01 2.715291473498688379e+00
5.262818909626727076e-02 6.467880929113141164e-01
-6.146987746641683348e-01 1.306952578501935358e+00
-7.444475155991299165e-01 -3.545532481829098692e-02
2.760616841482873562e-01 -3.601087815190260333e-01
5.763697080307800952e-02 9.358695087898200038e-01
-5.089643723068820735e-01 -6.492148578075205290e-01
4.707358387821863194e-02 7.948564052321542561e-02
4.169587523283998509e-01 7.474316952395054781e-01
-3.779408234238116910e-03 3.199519530914469723e-01
7.747871513251615438e-02 -2.023241017924019836e-01
7.789032892354668114e-01 1.140714952178800479e+00
1.867344516143151778e-01 -9.441497735829293969e-01
-2.019057436037768050e-01 -3.470889467666671835e-01
-8.393056177375838312e-01 2.688863476162333122e-01
1.109018421963430118e-01 -4.683758912925896634e-01
1.209376427787737684e+00 -4.883577829659411229e-01
4.803974210000210854e-01 -8.657257455272074909e-01
-3.511286453188191548e-01 -6.616111114255466275e-01
-1.140765726266536273e+00 1.267902898995474092e-01
