-2.438633874004864643e-01 2.018635678408922995e+00
2.249366742349905302e+00 1.050764357376283487e+00
2.367376888008275504e+00 4.621095076014815062e-01
1.534724715904994152e+00 -8.053672756031950153e-02
-3.284059358277669483e-01 -6.774536960034496236e-01
-1.705782970272968213e-01 -1.174678612424540303e+00
-2.033088887032047154e+00 1.146307599651086528e+00
1.763632803594433196e-01 4.513113638427314056e-01
4.179056495688209805e-01 -1.490250058408244094e+00
8.379288874739242443e-01 1.012792325695683671e+00
1.174443765213837587e-01 1.884799330997331823e-01
1.869768283214108262e-01 -5.158104833354866248e-01
2.155327599525909965e-01 -1.468791243560302107e+00
5.989341912227584830e-01 3.425384018848622314e-01
2.041121715726913408e-03 -1.681397157723558466e+00
6.646394806123203658e-01 3.299304971034847656e-01
5.150372825776399210e-01 -1.895424278810168006e-01
2.492022077907199762e+00 -1.400715771679630628e-01
-1.782280879404484208e-01 9.950482529919927321e-01
8.776380906710531393e-01 6.234121865892248981e-02
8.664986509069149134e-01 3.381485019985602802e-02
8.185383121996891997e-01 -6.051804155304074673e-01
-3.750121057063511842e-01 1.556849072194399719e+00
2.070093602150988032e-01 2.223575035568554348e-01
-2.277008703930158973e-01 1.569824144559861523e+00
-5.818438270161200264e-03 9.027114146170910347e-01
5.608246427317742366e-01 4.737053226020110364e-02
-1.544821672474473884e+00 5.156070601718976132e-01
1.419617726411656289e+00 -5.855446057745854471e-01
4.172898655207716440e-02 1.403337194780407859e+00
-9.679321316439963852e-01 -9.114609307468253263e-01
5.007047184146801166e-01 -1.836143731930395706e+00
1.656819611750330601e-01 2.611925870441043629e-01
8.919924791089836047e-01 -7.223664888037669742e-03
7.422756590545039890e-01 2.578388761122694550e+00
-1.211405854005124683e+00 -1.083158689231173300e-03
-3.649010479215067382e-01 -1.473774607792037727e+00
7.304785258489845390e-01 -2.078315207028816336e-01
1.851982507922196097e+00 -7.861310103945210459e-01
3.185187187461852587e-01 -1.543195865719476645e-01
-5.379056452002307642e-01 1.643120173975116949e-01
-1.177107904908965441e+00 3.914901974333593881e-01
-1.208781882466882340e+00 -1.123817139621642536e+00
-6.517856902105003680e-01 3.793054087471978142e-01
-4.063312801348029635e-01 4.669874262648060492e-01
4.801233650326223734e-01 -8.698118110523013480e-02
3.439532824608238504e-01 -8.526931192723630204e-01
6.261117318318182301e-01 2.287348110353857322e+00
1.557136720513681016e+00 4.769703598047284054e-01
6.611310272254883325e-01 5.628042950762853769e-01
7.708949923671246651e-01 -5.577836787928722173e-02
-7.606229979132189678e-01 -1.296418656712449435e-01
1.061772172380732071e+00 8.823334249198964974e-02
9.367539386232334175e-01 -3.658507140936261282e-01
-7.462305901045274137e-02 4.912815812785566449e-01
-8.949343061179809711e-01 1.111909611056302261e+00
