-4.900679568009885245e-01 1.230089881781663896e+00
-8.740518724174118903e-01 1.435750460621014524e+00
1.189403622462110510e+00 -5.325855020347390889e-01
9.828897363474584092e-02 1.432324249433928776e+00
-1.215683969851327317e+00 -1.169376621758275503e+00
2.075899902719851448e-02 -6.039264819359826397e-01
-7.192304165523943915e-02 -1.046835509229861128e+00
3.934676834877769980e-01 -7.586103737277686276e-01
4.864202525572139946e-01 5.241496459975534261e-01
-1.199825145915485614e+00 -3.509825394770527685e-01
5.300023337299907683e-02 1.099470096333265978e+00
-6.872785406914089235e-01 8.999137639414530598e-01
-1.925563054108007766e+00 5.071443963786216313e-01
-6.679067939545283439e-01 -1.636689469395575358e+00
-1.641374866997576953e+00 1.607731514591521194e+00
-3.087487396250386262e-01 -6.011235484681723973e-01
7.797282366800935005e-01 9.568585500871088501e-01
-3.983129500726810268e-01 1.275361226526336544e+00
1.384103229709509497e+00 1.431603176278573863e-01
3.544725046147267356e-01 7.191435120260765146e-01
-3.976122421417263575e-02 1.782507700496355207e+00
6.891631294476943115e-01 1.163538165150740822e+00
4.933958507702485008e-01 2.159353776907133871e-01
-1.167576472521703268e+00 7.578217556932530519e-01
-3.936706520581294971e-02 -1.710203323736857739e-01
-2.645904152333697357e-01 -1.203162730135637570e+00
4.075843937410234541e-01 2.247509021458386214e-01
-4.784866408436413976e-01 -1.676850334893164873e-01
1.202659497066843608e+00 -4.651747063238707569e-01
-2.163131154047323257e+00 9.737536007462440635e-01
2.292299387192411886e-01 1.244722539257320459e+00
-3.361984711727316610e-01 -6.825322911173792306e-01
1.359357752807587201e-02 -1.339088315850567590e-01
-8.577667220573816920e-01 -2.614064515311845804e-01
-8.112796683501920514e-01 -3.954808058195980469e-01
-3.225861634302646941e-01 3.889344136760092274e-01
-8.723897844153776227e-01 2.543015322203002193e-01
-2.521019197607042295e-01 -1.084260404195270810e+00
8.971522335516205482e-01 3.755213776998785891e-01
3.888682800546530705e-01 1.032182398629190034e+00
1.221934547189933662e+00 -1.069842885816384870e+00
-5.592800481469224483e-01 -3.685953090633312113e-01
-1.307108576669122835e+00 -6.035699854474293469e-01
-4.722561511793392786e-01 9.925558887230087612e-02
-3.915972209405367832e-01 1.071680843823446215e-02
2.787622246521436198e-01 -1.029038172336285362e+00
-7.805349248386872496e-01 -4.172099612344579156e-01
5.087177409151019125e-01 -1.229642050761132532e+00
5.374661300432672650e-01 1.280464462187085317e-01
9.898648692423923645e-01 6.071883445834441034e-02
6.777590143472477235e-01 6.492879312385263502e-01
6.039556003117847460e-01 1.376531894226597608e+00
2.096389372219658043e-01 1.891812439728818740e+00
-3.137529579378356415e-01 -5.178916741336145879e-01
-8.366854688612939128e-01 -1.663952127878625564e+00
3.689438593493327700e-01 2.634807490739130009e-01
