-1.454083733617735352e-01 6.997824488332439197e-01
-4.803649637712343462e-02 -1.526562273311222739e-01
-4.492785870588147379e-01 9.399637747783760044e-01
1.243753304378830693e+00 1.669675765964120817e+00
4.199402754943283300e-01 -8.081287779248336189e-01
-4.669892181913297136e-01 9.262725033656861173e-01
-7.038296302550505201e-01 -6.504489005792508660e-01
5.804534396691398701e-01 -8.620650326557692811e-01
3.913504089053936319e-01 1.508481614094631773e+00
4.222543322191847914e-01 -8.972406126163980089e-02
-8.864623506104734041e-01 -4.126917600509144024e-01
-9.045044143628973021e-01 5.517858521565787155e-01
3.846674772687264654e-01 -7.163285736403222914e-02
-2.902749982142168172e-01 -5.274823669400582338e-01
-1.295157971778615025e+00 -6.071287919160182067e-01
-8.375111716143062157e-01 9.666231897275748275e-02
6.062880011681219539e-02 1.868506931366179735e+00
1.028744121914706211e+00 3.789364286409714344e-01
-5.244632354035524413e-01 -1.037001584718238334e+00
6.617594500173765715e-01 2.170737359875720252e+00
1.252952792807671578e+00 -1.877155906794532036e+00
-5.581756781108071497e-01 1.094272983981799952e+00
-4.042504849326654659e-01 -2.226190526998153840e-01
2.447420911495575613e+00 -2.789442368948415463e-01
1.874283468812511580e-02 3.111109781181375933e-01
-7.398162070154470915e-02 7.196610042419118169e-01
7.231422107165840218e-01 -5.467362097721296665e-01
4.097985120984002499e-02 -2.300894503081313935e+00
-2.720276025854330704e-01 6.778814093752713044e-01
-1.117915808149843704e+00 -2.778337959202820340e+00
-1.634405235146489943e-01 8.545747186926815342e-01
1.809187739183072186e+00 5.267233309984495904e-01
-1.455130498307062981e+00 -1.401146350576151001e+00
1.147228739440527168e+00 3.952824628124044781e-01
2.017079779363734893e-01 4.153023389235310781e-01
-6.497316175573716324e-01 1.615144755428600698e+00
6.810592520788713022e-01 1.057514391772133688e+00
-5.954579535342798824e-01 -3.017097812311361760e-01
6.695946299589657091e-02 5.481820785773607874e-01
-1.223591418540980635e+00 -9.127414364153906279e-01
4.543784836509807690e-01 1.080169618041616486e-01
1.561557628862755287e+00 -7.288024737887124349e-01
1.707986458766916682e+00 2.670246061435085916e-01
-6.006345831722943035e-02 2.536496381394829358e-01
7.486515461310963016e-01 -1.623122539125128050e+00
3.052361545496332096e-01 1.171306180992901930e-01
-2.148292626921237680e-01 5.310750620285542567e-01
8.084860432424526566e-01 -8.161727265547693566e-01
-8.466340475231163287e-01 2.624768889906544667e-01
-4.935347013300532271e-01 -1.110483643282568877e+00
-1.480273927344131768e-01 -1.040196605309030797e+00
1.530877860072762109e-01 7.109964512677368065e-01
5.821143325325253137e-01 1.635810705802525633e-01
1.302036484821278983e-01 5.278413204826309935e-01
9.780066330547931841e-01 -1.549498421408308513e+00
3.747634584556756021e-01 -3.552962124747345296e-01
