-1.377056439880529171e+00 -1.530144587053888339e+00
1.026395766446398961e+00 3.389514795716542239e-01
1.099371606608663843e+00 4.684460690566272234e-01
9.426120532685494657e-01 -1.626336475643280322e+00
6.890893463615429537e-01 9.723388892495654634e-02
1.372498304399706104e+00 5.634426859654749764e-01
-1.504418669543018616e+00 -1.853558902939709263e+00
2.510662976924369350e+00 -7.434281591389967359e-01
-2.328818057230312988e-01 2.337188891843817284e+00
2.200531947186674941e-01 -4.395826288431616269e-01
2.287792430989463166e-01 1.047984410235374586e+00
-4.611670370528353491e-01 -1.123176200910115163e+00
-1.193067292627806308e+00 3.803852137989999216e-01
4.455740894510181738e-01 1.365373609237281682e+00
1.267212925464340723e+00 9.450703589090229118e-01
-2.816178719673025910e-01 1.477471207644125428e+00
-3.908377500022379436e-02 -1.911017499323611757e-01
6.317360920219705633e-01 -1.352574832896437762e+00
-1.622047650111202444e-01 2.101144863266795060e+00
-5.114116004415472094e-01 5.506093317174995949e-01
-9.201348265486765099e-01 3.478673366505365405e-01
1.850380096572664113e-01 -3.527760215311837588e-01
6.359449882120729591e-02 5.323639393682668697e-01
-2.048681165101863044e+00 7.891952368280188423e-01
-1.632790256294892606e+00 1.347117003287216175e+00
2.407910366233962485e+00 8.046868586660772538e-01
-6.482155028849178047e-01 5.442531131838698188e-01
-1.333178159497114268e-01 -1.810010383865383821e+00
8.719076863037074077e-01 3.343142133276896799e-01
1.623608106941281326e+00 6.159217288578411331e-01
-5.213968446189605199e-01 1.686377794413286557e-01
-5.515331956340468675e-03 -5.179061404022327064e-01
-5.844056008673376157e-01 2.109094705845466350e-02
5.611526782125073054e-02 1.928356133193855015e+00
-1.735785921580753399e+00 1.370907513459186378e+00
-2.105050778970186887e+00 -5.239983949043123257e-01
-1.157684899288103253e+00 -8.521362596180742655e-01
8.037096431056624246e-02 1.263771725009063818e-01
1.710441539845678260e+00 9.221504591836336973e-01
3.217415802040538009e-01 -5.139170674116013693e-01
-2.285047427929570496e+00 -1.747013236523377033e-01
-1.195763827348755859e+00 -1.814781923484509285e+00
1.181400492709890671e+00 -2.948637064664313967e-01
-4.393391470144815125e-01 9.769993354295840593e-01
1.779790188308362220e+00 4.922389408787700704e-01
3.121265269710371548e-01 -2.885582289107122556e-01
-1.005361583318844648e-01 1.326772135812954057e+00
-3.313325167763264863e-03 3.229955224115310143e-03
1.928866668182335209e-01 1.246800668685559277e-01
-9.988561069459387376e-01 -1.282472889780691405e+00
1.517135766570951727e-01 6.972177603011114888e-02
-5.588372767428619881e-01 -1.692848021714201900e+00
-1.118793268860963419e+00 -8.673813836668649024e-01
7.446689788160167911e-01 1.417342764898291418e-01
2.427108983071989690e-01 -1.170796573294562215e+00
-1.375505947445183841e+00 -4.556588134450763605e-01
