-1.189766020298770099e+00 -1.661300777452687782e-01
3.112284847446720182e-01 7.329683531038527766e-01
-4.484999833086093513e-01 -2.243406046219996730e-01
1.006247737675102227e+00 -1.105996543757853390e+00
1.384140643602434384e+00 3.703816189311306406e-01
1.348583108207417780e+00 1.098896271293958060e+00
-4.807827115405831631e-01 1.758750696317914475e+00
-7.716410411539180725e-01 -7.716282779667289482e-01
-1.354676498534828633e-01 3.764404347918684501e-01
-3.193693467371728212e-01 -5.115181667571172541e-01
5.026083064539644818e-01 1.489584087878062846e+00
-4.333606449924733983e-01 3.772714670959534389e-01
-5.517707753718802399e-01 -4.295174010808364695e-01
2.076643872487998754e-01 1.199152484187688383e+00
-1.209047137220021328e+00 -6.765502938978894265e-02
-7.610531691610515903e-01 6.929096263384559862e-01
-4.323360825282603903e-01 9.042206213632750789e-01
-5.470136557543688882e-01 -1.213059059604598477e+00
-1.165296033779351870e+00 7.942375106948367236e-01
2.969966846932868831e-01 -5.003493391093864068e-02
3.970681278455812646e-01 -7.319422068002093829e-01
-1.219370800175460401e+00 9.948215163255174076e-01
8.313877256850185082e-01 3.891895942021364463e-01
5.563196905593742470e-01 -2.009503244067531169e-01
2.314668649853705851e-01 -1.739935736402402622e+00
-4.438673387555953087e-01 2.911151300713784029e-01
-8.077990764837360560e-01 -8.528109107045920290e-01
-1.955123840150258668e-02 -1.610506830810004841e-01
-6.556217774038192170e-01 -4.624685333512031371e-01
-9.989146870696422598e-01 3.192138717163207073e-01
-7.732012934668425208e-01 -6.564082308291528944e-01
1.364128324117949376e+00 1.142213531437823226e+00
1.826808381180794916e+00 -1.384909119881940542e+00
1.042989743667373626e+00 -8.942181911087955515e-02
1.818057836034639996e-01 2.045351444754746506e+00
1.650307049027292250e-01 8.269017153243504170e-01
4.895347234983106199e-01 -2.991878687738038223e-01
1.253538213524438005e-01 8.361597500089515966e-01
1.837906914976731865e-01 1.018892137775827100e+00
4.502251210886981658e-01 -4.029232803031703725e-01
6.881906152707529811e-01 -9.273094442940674198e-02
1.634055221627044086e+00 -6.114317751449035443e-01
-1.486125117858948963e+00 -1.563788724425013987e-01
-2.286399684097323526e+00 -1.346104626008467253e+00
-8.446027891338320215e-01 3.363606090870097098e-01
6.829276349428623494e-01 -2.492578722016414727e-01
-6.936634081208746805e-01 1.318376066141216274e+00
-4.529001191617397226e-01 4.417826570521465879e-01
6.019313920893294423e-01 -5.972460233741666569e-01
-1.074002751280540791e+00 7.034532074020513059e-01
-1.894998832025592828e+00 -5.724860740932921077e-01
-8.445003075505520540e-01 -1.826470432272802591e-01
-2.033870582122085657e-01 -8.216328635474899889e-01
-5.839366371210893414e-01 -1.309531472334460434e+00
1.682836490383963768e-01 -6.839218249906511282e-01
-1.453693121938486765e+00 -1.436894727801983240e+00
