-5.147193086741864709e-01 1.423303068210299394e+00
1.410561345819047352e+00 -1.039545571609206354e+00
1.467028217464455109e+00 5.812040352294459700e-01
-2.087174345835917377e-01 3.204637578330203629e-02
-6.050768752021812302e-01 -8.253833381909945199e-01
1.429939989085682983e+00 -4.680431210102088957e-01
-2.142424000045253241e+00 8.427363945176914450e-01
5.793981563613504740e-04 -4.720637706711054982e-01
-2.548005987205131384e-01 7.146849194734570254e-01
7.308689405610452328e-01 -1.048192526769431643e+00
-2.447180055200232907e-01 2.626822251127784558e+00
-4.074066615596182994e-01 2.071068696112482233e+00
4.072085359040281682e-01 -4.678361758071505339e-01
1.334879328530510723e+00 -5.214996706462107223e-01
4.859433534437710422e-01 -1.510806968049803967e+00
-2.251848693311412630e-01 1.165063781469298121e+00
1.623963631964104648e+00 8.171257773511722000e-01
7.094091931817044783e-01 1.204233480043035875e+00
1.321031223504458119e+00 5.310691594125140913e-01
-8.526273697220295711e-01 3.664512539652678424e-01
4.636855842128932981e-01 -1.439842040166509074e+00
3.977895873687734563e-01 1.267274940555693341e+00
-3.598520227315263886e-01 6.420358298768285010e-01
9.929575578498052169e-01 1.510967901175067185e+00
-1.017083752277221143e+00 9.503534681685512631e-01
3.485691360780272530e-01 2.819323868106121123e-01
1.546715945960120742e+00 1.250224198607676973e+00
-1.660245251104190967e+00 -1.309558145883635838e+00
1.352184120993254503e-02 -4.184699728381205408e-01
-8.310038254748158826e-02 -1.460866402384333851e+00
-1.015557075277616628e+00 1.954914892822918471e-01
1.348845129239126805e-01 -2.299619699025590158e-01
7.301821882116810158e-01 -7.991919213289677693e-02
-4.028854191995213940e-02 1.720414350979871720e+00
-6.833512964151664537e-01 -7.150939715969277799e-01
-1.386365091650284542e-01 -8.024890964690566397e-01
3.823485690834624862e-01 -1.534254663798642726e+00
-1.427893592923763499e+00 -1.025735508480932978e+00
5.217365806338921663e-01 2.614263638424611513e-01
1.540992776534163999e+00 -5.023461394932877688e-01
-2.717015559283520246e-02 2.873094085601319403e+00
9.274998899680433340e-01 -3.933982715353973036e-01
1.310124284581706544e-01 -3.783369857026710470e-01
-9.527150728519623302e-01 -7.851004664013404299e-02
5.975869919858265433e-01 1.325992205999938500e+00
5.146242645962267881e-01 -2.263203477846458256e-01
1.106595164242424323e+00 4.365297374580429102e-01
-1.611552066308595543e-02 -7.025320571723047136e-01
-1.099737760102043937e+00 4.321699632659957158e-01
2.294565554413338926e-01 -7.529812600821914614e-01
-3.560618476065467441e-01 -7.281776513851567767e-01
9.290697527122478150e-02 -5.241745638288290987e-01
5.887286396330424498e-01 -2.166943107059123852e-01
-1.570404665620493689e-01 2.867142377207194670e-01
1.614347278583879053e+00 -4.148312993046692765e-01
1.513547970748637117e-01 4.843503479013785973e-01
