8.169628394199637267e-01 1.196172079786713249e+00
3.219440467865560263e-01 -2.802033206242042218e-01
-6.462172661734465473e-01 4.638651562755174290e-02
-1.258991158641706187e+00 -7.161676477757392689e-01
7.141955601708560586e-01 -2.059000878286387337e+00
1.075630735474729205e+00 -4.898923104612574742e-01
2.207042358566030371e-01 -2.867355181344487525e-01
-2.036140479687990279e+00 7.687671422993305193e-01
6.666530693126779816e-01 3.129447333102925999e-01
6.652699886231281390e-01 -6.577770181398541194e-01
-3.308072508871865991e-01 -1.350022829847550732e+00
1.325308828142810702e+00 -8.626559185849371758e-01
-1.234368800441487446e+00 -1.646194025686329443e-01
-9.886120478073608941e-01 5.595927565518309388e-01
-4.737198335664948856e-01 4.544223015792631659e-01
-1.286711267806172343e-01 -4.719384494303874300e-01
-2.337843142735300250e-01 1.597478460140147272e+00
7.272490412362132561e-01 -1.433299194079157290e+00
-1.005997000777462347e+00 -6.830195102940617158e-01
9.462451682322337021e-01 -2.096772488801053491e+00
4.006153421096664835e-01 8.866656611029261059e-01
-6.057054025409530640e-01 -1.626056317942528917e+00
-2.033683716440089384e+00 -1.884656550560606547e+00
6.265684787583138959e-01 -1.321424438576600746e+00
8.996523520858097367e-01 -5.524952826319462496e-01
2.120703961159859041e+00 2.098868595750350285e-01
4.842035524486928422e-01 7.978813604838935758e-01
-6.514753364161816052e-01 6.877543602006789270e-01
-1.276908914579303611e-01 3.913006115618424263e-01
1.218352180176191624e+00 -3.674957840805647691e-01
-1.215936225303916984e+00 -9.531204906512273645e-02
-6.601473727903283129e-01 2.970495500528277932e-01
-1.149465540724666113e+00 1.392020304467321834e+00
2.080869446442821791e-01 -3.769217536945140834e-01
3.179641269601234943e-01 3.004153544408100229e-01
-1.465056016605561062e+00 6.917908153408967031e-01
6.033455815554690238e-01 -8.616253763419333689e-01
4.091810904443422547e-01 -1.936207169837979025e+00
-4.519061418518496853e-01 6.235231081883464421e-01
-1.321733666139204955e+00 2.018526109031663740e+00
2.837564967020497764e-01 1.260255405116724459e-01
1.116072545487260426e+00 1.000808678419135678e+00
8.869225105595320846e-01 -2.801940180338492459e-01
-1.860352423321046444e+00 -5.679771996548360624e-01
-1.221690622314840491e-01 -8.119878691234251322e-01
7.674079922048082647e-01 -2.143077683340201212e+00
-1.054968669127521519e+00 -8.060350583256481460e-01
-4.852305046796833166e-01 -1.616322155666452653e+00
2.466237115354616982e-01 2.175971757832603881e+00
-2.633126216641903938e-01 2.478593339641235183e+00
1.650281595657613121e+00 -5.984257028435669978e-01
-2.998464240787129254e-01 1.491781984667012173e+00
1.162227125236325875e-01 9.429663901850156016e-01
1.292575607003374705e+00 -2.120642893609363533e-01
-1.473393042345894743e+00 -3.620956569602390429e-01
8.034386366175121363e-01 1.737277931888808080e+00
