1.676538455245326908e-01 4.996991821566421077e-01
1.177098776270857350e+00 -8.076624221781382174e-01
-5.565011105141549619e-01 -4.258130496575117385e-02
-2.070163158913889134e+00 -1.105539780729211996e+00
-2.018515797500609887e-01 -2.635485392543840955e-01
8.088242326253034520e-01 -5.322231719300581920e-01
-1.183385394951686820e+00 6.412253828850288384e-01
-2.802081303992131289e+00 -2.985459613727161066e-01
-2.238242623663151853e+00 -8.794883820963248500e-01
1.695334821082525312e-02 1.202049699701897678e+00
9.432782166473178131e-01 3.781517723718351709e-01
-7.153938739349066100e-01 -2.050400137910287857e+00
4.031492202782992196e-02 -6.087329509432346658e-02
4.958709012509868175e-01 -6.150046090029677170e-01
8.466709555579813307e-01 1.861182322668902156e+00
-3.977452601925103304e-01 3.127627586375475444e-01
-2.889802317843754853e-01 -5.553905021625021865e-01
1.849052133731458325e-01 -6.191174607787160999e-01
-9.346496236098493782e-01 -3.319236712201599215e-01
1.759821439138708143e+00 7.386141769719828387e-01
-3.661811303313282639e-01 9.356834745613330506e-01
-5.826884188311679535e-01 5.270255674622363884e-01
-2.130646749746389013e+00 -1.370369201596171316e-01
-3.880685190743535795e-01 -3.979070515953914144e-01
-4.216402034381419583e-02 -2.929465047401269007e-01
3.915316558881199449e-01 1.278394712558487134e-01
2.624764568056097702e-01 1.009437991904767351e+00
-6.578526812122033052e-01 7.816148520066326100e-01
9.803704039826147687e-01 4.666151265711278029e-01
-1.304643613741214049e-02 -8.696547467007909038e-01
-5.475025094253023195e-01 -3.281114687089120574e-01
-2.131771336456485533e-01 -1.288835999826599465e+00
1.024147410576038197e+00 -2.117491454172027332e+00
1.468129467167288871e+00 1.669979412341957570e-01
-2.363514186841230713e-01 -1.690220264313379780e-02
1.903940722024590748e-01 9.163901579286752586e-02
1.106069276159055148e+00 -6.418270149390018497e-01
-2.554624406038619622e+00 -1.417469905383688999e+00
9.616110934645205610e-01 -1.881958359498916877e+00
-1.481991448432299130e+00 -8.396476151902144691e-01
5.330993672958199703e-01 1.631418461120133445e+00
-1.093304936614028833e+00 -8.550917286750557567e-02
-1.764853035113040036e+00 1.160359730708286463e+00
5.492709168549397836e-01 -7.391726038870244375e-01
-1.374417984960273342e+00 -4.669748631322570565e-02
-8.830654842642442492e-01 2.701476703800054224e-01
1.378376185003640009e+00 3.668778423905900976e-02
-1.262551439550116505e+00 -4.964550038972573298e-01
7.732759579620187562e-01 -2.466896170051497972e-01
-3.434358187240690169e-04 8.582718135234840284e-03
1.254509281705672996e-01 -3.935784037905419863e-01
-8.350979823080718623e-01 1.191398140110943166e-01
-3.980866892790339839e-02 -5.549303479583116427e-01
1.800762835520321181e-01 -5.187601116441746818e-01
-2.412651695377239225e-01 -1.082331812083818789e+00
1.802903510105497986e+00 -1.052085015725790162e+00
