-8.292368073733381584e-01 1.961422773578580303e+00
8.491341683058459822e-01 -6.099602024072825479e-02
-2.223334524659169587e-01 1.763460420386975480e+00
2.993849380631934842e+00 3.655625792757855597e-01
5.652423832599173803e-01 -5.803206720770108795e-01
-7.081749399154810796e-03 4.192063274876505763e-01
-5.782460253148113960e-01 1.558750264157759136e-01
1.519258288994007611e+00 2.386651126549579338e+00
1.196034428214654222e+00 -1.289010982851870102e+00
3.133028175064504484e-01 5.904014100959104061e-01
-9.890522420169721718e-01 -7.131395134384533874e-01
1.561902910915433651e+00 6.349913789404108000e-01
-2.882476853010492168e-01 1.222948540991721345e+00
1.344665752949674060e-02 -2.243889867407772298e-01
1.823194242983251723e+00 1.180369131839917207e+00
3.957563982932195690e-01 9.322889537818921379e-01
-1.022551334221621255e+00 -1.074145848075761300e+00
1.742110499455384431e+00 2.283161168946980180e+00
7.191347243540818779e-01 7.310846364781014017e-01
6.435116388749620997e-01 1.729810608351003420e+00
1.947055125637957795e+00 1.227207285167564166e+00
8.282097753212619429e-01 2.066136313626609489e-01
1.972117221815025689e-01 -1.903163545860066197e+00
-5.087151429941432212e-01 6.889346425404072605e-01
3.785240940170613855e-01 -3.852906299836987847e-01
-2.369459393726008611e-01 7.262781335919703540e-01
-4.693329759063104012e-01 -1.982313913941003980e-01
8.008595917382076435e-01 -1.376466566026763871e+00
-8.244729875586324086e-01 3.871998254520114258e-01
-2.337626827168516053e-01 8.070895926572133616e-01
-3.798347115600254065e-01 -1.245506935293471784e+00
-1.295156195887846862e-01 -1.754478340696400684e-01
-5.720430927788319186e-01 1.871852743120742790e+00
-2.129715769043890872e-01 5.429679252811465684e-01
-4.309372047696706787e-01 -8.583612983413241304e-01
-9.120115132654685874e-01 1.170653464821287182e+00
-1.058750546852166741e+00 -5.344236087933256218e-01
3.464474363772732102e-01 1.194059825415675125e+00
-1.200160789589349353e+00 -9.687604567816722190e-01
-2.089408670650607369e-01 -2.647914747207270603e-01
7.583597825919897728e-01 1.385870004595944671e+00
2.834318245186337459e-01 -1.167433522439677018e+00
1.325419242837458711e+00 7.462809105715900726e-01
-1.006588919168488250e+00 6.362641822725253471e-01
-1.439831544525706608e+00 4.996305927152644433e-01
-3.236046028545464526e-01 -1.085622558818858385e+00
-7.051438337042245097e-01 1.106727140426130296e+00
1.439572048520049607e+00 -1.242396460105344325e+00
-1.152139599316959417e+00 3.357067427075584032e-01
1.906841125498218048e+00 -8.029162050577138832e-01
9.702164973069814513e-01 -7.057500716857804113e-01
-1.103072788451594288e+00 1.585528569370756591e+00
-3.094771787097838622e+00 5.233631914473866331e-01
-1.910517818710864679e+00 1.274271803807063286e+00
1.124685275254301731e+00 5.419090010356766296e-01
5.894412576413220473e-01 -3.449559985724400257e-01
