-9.334537485168807880e-01 -1.059745894878925121e+00
1.497182844673836943e-01 -8.290009047893357463e-01
8.197671921100387893e-01 -8.991470901525966397e-01
9.090496262907026281e-01 4.547131536995581425e-02
-4.541415121910460373e-01 1.025025215070256124e+00
-2.104449500329655665e-01 1.664323340732968282e+00
-1.139228058880774386e+00 2.751570007585231736e-01
-8.836045004986456952e-01 -3.743528204235349599e-01
6.817890311461853869e-01 -2.428557622002089633e-01
-5.084664543265463577e-01 -1.191044953116344063e+00
-2.103315193230041180e-01 5.936630177590315194e-01
1.122794736210257938e+00 1.116462299485358578e+00
-3.255137494734646197e-01 -4.878307873720181265e-01
-1.805469123102287687e+00 -1.045144258342422194e+00
-1.415308546913758014e-01 5.771099017098710870e-01
-2.308183507037878460e-02 -4.705109043474617336e-01
-1.058034992422872689e+00 -3.789179310326014627e-01
2.067342414956854668e+00 -9.739325461916780169e-01
-3.362339035163771639e-01 -5.588856598852537556e-03
-1.553822513600527366e-01 5.655129658884213706e-01
-7.336812424151301082e-01 9.520720277885716953e-01
7.904448993889229280e-01 7.884340957462576335e-03
-1.939685268330478551e-01 2.144383776258650176e+00
2.031126392790520097e+00 1.296502766064765888e+00
1.480094075119455788e+00 5.731215144307481024e-01
1.019005964497063488e+00 -2.119666605220150990e-01
6.859915888477446932e-01 1.973379586569852906e+00
1.478484200290712536e-01 -1.274129866516575116e-01
-1.678952968228689446e+00 -3.958514901217742854e-01
6.351524837300991377e-01 -9.006809173827686754e-01
3.188546178640547790e-01 5.522023441625913964e-01
3.444544214976592578e-01 8.393230920155304864e-02
6.925745808818116744e-01 -2.617040750575719277e-01
2.996036215349077714e-01 -2.538379697776945498e+00
-1.382620535855561168e-02 1.124223937623328062e+00
9.661962182631953500e-01 -3.456417374615864957e-01
-9.016689320225090842e-01 -1.141019316420782415e-01
-9.241276719567736997e-01 2.534407072988686060e+00
-1.429191052125951822e-01 3.402221488955174400e-01
9.873631351130215394e-01 -5.026379997523789944e-01
5.677235359559481553e-01 4.360145765492055014e-01
1.793604569548857830e+00 -7.741698971229817872e-01
-5.837444629297345866e-01 -9.718009331516370974e-02
-1.849652716119483953e-01 1.210896157177586419e-01
-1.531544285698333230e+00 -2.089428919413553132e+00
-8.637915636650398410e-01 -6.946560207935257303e-01
-6.121536779758078861e-01 -3.149140930802497018e-01
1.775627052790324401e+00 -1.391639163580404015e-01
4.594801528805403379e-01 -9.139763785581670463e-01
-1.277024987006747381e+00 1.044660515622274133e+00
3.144027965686992387e-01 -2.358784472874048355e+00
-1.745906618020646617e+00 -1.053167881984948595e+00
-6.966312991563229362e-01 8.102531123739892260e-01
2.803738224037882754e-01 -2.226447578670263105e+00
-6.446282830524693308e-01 -8.177913675686334649e-01
-9.098341662323982115e-01 6.232000461830428106e-02
