-1.379546052379375665e+00 1.074831655231616834e+00
4.475230373719545074e-02 -1.721029343771475831e-02
4.528071607046503799e-01 -2.197847099890114786e-01
-1.092062659480718789e+00 -1.622315611623178055e+00
-7.894164662323654991e-01 3.167274823691883512e-01
-1.011460846351345810e-01 8.219744242840325565e-01
4.214541217513099736e-01 -1.055302759633016674e+00
6.388420993585547381e-01 1.507303168668585602e-01
1.510572058544912499e+00 -6.982495814749831720e-01
2.367081140298524511e-01 -1.589000184680117833e+00
-7.308348221076645945e-01 1.213251898710424825e+00
-3.668586608824336293e-01 2.303556001472125414e-01
1.577988821252771734e+00 -8.255390667786899339e-01
5.150124285979380545e-01 -6.765979837667677188e-01
2.113652797965184238e+00 -7.281400773112051139e-02
-1.726050063078104158e+00 -8.374606847350316574e-01
8.835102731549588917e-01 -8.331472728687804308e-01
1.513068039091433947e+00 1.521660733434688551e+00
4.241500248950973995e-01 -2.304142518888353253e-01
-1.231630092510490826e+00 -1.174560494010962852e+00
-9.825884430296298877e-01 9.370904622969083997e-01
9.524136364180044168e-02 -1.403304591972516002e+00
7.737621721777360184e-02 1.710167954313369876e+00
-1.147856818718717697e+00 -6.007033022648602255e-02
4.970383967534682812e-01 1.833349232087490843e-01
-6.425218950606335078e-01 1.050219520169912490e+00
9.889263135055913478e-01 -9.013588252117210597e-01
-7.843782428144470131e-01 8.800685137464984154e-01
-6.304259709490922514e-01 -2.012666594001609077e+00
-8.232439230987540491e-01 4.381737229512164267e-01
-8.070555485445314314e-01 -1.551940603190650858e+00
-1.677794181040247190e-01 -2.944628563103277585e-01
7.140432642410831088e-01 -3.375713460451994496e-01
-6.182655065841907716e-01 4.764510425468645449e-01
-1.076561682202687553e+00 -2.060918039610177277e-01
5.584387927721384814e-01 2.073800174869816770e-01
-5.824600237789642199e-01 -6.543320106486120169e-01
-1.344006823329504829e+00 8.969376997487020775e-01
-5.676987856109133590e-01 -5.833877495795506407e-01
5.566597490621375544e-01 1.818155132376182148e-01
-1.024154980009160498e+00 -2.409801589201163441e-01
1.671628053821616167e+00 1.253203617616515553e+00
-3.933425263194838539e-01 1.473503691345499744e+00
-7.958473332001815281e-01 -5.350728854495516718e-01
-1.759435916871852523e+00 -1.718523246226995871e-01
-1.184160027802299453e+00 1.393502158746060537e+00
-8.842211604570475725e-01 -4.207861772210472751e-01
1.850984469702428914e+00 6.633693539404142969e-01
-5.704360025927754929e-01 9.846497641348376240e-01
-1.973672020675185435e+00 1.152981216603647274e+00
1.069361964730916492e+00 4.356259182751337500e-01
1.017030370384290672e+00 5.701981263526235688e-01
2.127943490732785992e-01 -1.756245472294458085e-02
-1.250403809082335060e+00 -1.141647663304584448e+00
6.581679260270340004e-01 8.237709514628058782e-01
-4.779697661306046008e-01 -3.840463728217329842e-01
