9.689069888141085274e-01 1.036708530012093732e+00
-5.906368899732120648e-01 1.096524419895667180e+00
2.159911137780518298e-01 -1.113767085925584377e+00
2.221913129900158212e-01 6.177252009365740218e-03
8.879105327374741119e-01 -5.056714533832291636e-01
-1.064382649771396183e+00 8.205724259823026223e-01
-2.184356567272479344e-01 9.381332746445707471e-01
-1.130588495594972098e+00 2.001441541859218520e-01
-3.844785406560673469e-01 2.805771521154311055e-01
-6.234619700921048002e-01 -2.186052731071498056e-01
1.227784450433794916e+00 -3.847500604368172539e-01
7.473411949352395389e-01 5.911509271652060082e-01
-8.853611844234148265e-01 -1.515566231234190431e+00
1.641029945889441288e+00 2.514556231806636344e+00
8.393341020086295678e-01 -9.183952343135476371e-01
-1.194066603216039857e+00 1.067225812004674257e+00
7.449623583614893851e-01 4.709598782632326008e-01
1.627357837278889940e+00 -1.871246932661239537e+00
-6.152498899841813973e-01 -7.037186670848505181e-03
-6.156724173076845164e-01 1.797988296214473980e+00
-4.258790135955700662e-01 8.991515590031693428e-01
-1.215081051680082652e-01 1.217091900708201502e+00
6.041167118603156805e-01 1.779360892197410782e-01
3.449628710284637911e-01 -1.162385202827658670e+00
9.537475623153537363e-01 1.024851579265024126e+00
-1.018197332349342510e+00 2.519885508792442663e-01
2.804082733121954774e-01 5.858468070283104900e-01
-1.499420952110856353e+00 -1.148458171479698420e+00
-4.016298904218746912e-01 2.033372172207935424e+00
1.337450305406672646e+00 -7.387429000305434368e-01
-8.993688037968141646e-01 3.395449367983946476e-01
3.619478920249223908e-01 -2.818071888220531340e-01
-6.323795648081828036e-01 -2.278030787046624595e-01
-5.527325129723845709e-01 9.101998912899370575e-01
-4.030818844204597240e-01 3.679747070379040808e-01
-1.123572823736648685e+00 4.314336939875645371e-01
-6.241592419521849733e-01 1.005926284204837484e-01
-5.104951144763063553e-01 -2.150792032222015759e+00
5.837371123360924896e-01 9.513406592856372967e-02
-1.026984916772550660e+00 -8.155456714957233233e-01
-6.862220130348668512e-01 1.023980005536394344e+00
9.238449125217462754e-02 1.296655496971658605e+00
-1.576921262485391217e+00 1.616005629112775288e-01
4.778799710631684849e-01 4.474630064375999527e-01
-7.052523510985041488e-01 -2.597168443593132481e-01
-4.110948823728254875e-01 1.312323042888186464e+00
-5.299538376206603951e-01 4.854152683412150671e-01
8.036172884357055679e-01 -7.729458718874790968e-01
7.671986004697012307e-01 1.550435930060502843e+00
2.605080341253437348e-01 2.059388503774424103e-02
8.989226940926339227e-01 1.499469620903341349e+00
-7.046205252810537889e-01 -3.022009056429959539e-01
-3.711097209646028183e-01 -1.438836488124138058e-01
-1.712306916389921385e+00 6.683697560618367950e-01
6.005659203647848443e-01 -2.828717788079175219e-02
-4.281602414948557089e-01 -1.073264209863967311e+00
