-7.791279031853163284e-01 1.644506169713271237e+00
-3.384107005310705296e-01 5.876436525962306368e-01
7.050309747501869451e-01 -1.089609391237717162e+00
-1.900595964274308936e-01 3.993949396980513433e-01
1.978307925496608277e+00 6.740930787871699525e-01
-3.388753164745216817e-01 -3.121076675911744203e-01
-2.422167302356633023e+00 4.509149800118083529e-01
5.969705389943291696e-01 -1.705010121725031080e+00
-7.723676725049852809e-01 1.923767714251341798e-01
1.068264132596424831e+00 -9.256531702429614261e-02
-3.645312010058208707e-01 8.042779814194835897e-01
-3.533931395607631809e-01 5.270879410260547182e-01
4.599806592043480767e-03 1.905147981428892412e-01
1.539431736660164862e+00 -8.031933704363873883e-01
1.146189542327913646e-01 -4.763503422767911832e-02
-5.153356071544068495e-01 -8.978526631494218035e-01
1.226568542291911479e+00 -5.258563564570410964e-01
5.661918848600058229e-01 -2.691720322360300344e-01
3.811756449718075590e-01 -1.511905148729185466e+00
9.067732570616022780e-01 -1.305919867560535019e+00
-8.054924221735249024e-01 4.816754971335169833e-01
1.463375025577289934e+00 -2.911968041831610177e-01
-1.492163812249390320e+00 -6.830506805442528029e-02
-7.415052752354311938e-01 -2.516623873827170121e-01
3.525365661561981057e-01 -1.864161439692265110e-01
8.703574360487471573e-01 -9.838006791788491689e-01
-7.051423642673273484e-01 -8.755019230385651108e-01
-6.511105405100585664e-01 -3.237297140787999683e-01
-2.063296616396976813e-01 3.329003684599176616e-01
2.087478491481974674e-01 2.104010367818734684e-01
4.775885627198704353e-01 1.060895930203141768e+00
1.160141449642991818e+00 -2.809056035054449119e-01
8.505709577202711369e-01 1.986853863524822295e+00
-1.588402983612174912e+00 4.921383834801760782e-01
-6.449864578600825737e-01 -1.038316215046632962e+00
-8.856095151987343206e-01 5.707397873727101251e-02
-1.337114923141354383e+00 -5.753026947109385336e-01
4.719930390655985297e-01 1.555424366266144609e-01
5.685236220634553028e-01 5.755688477986128371e-01
-1.093782106671203680e+00 1.762579973167221148e+00
5.569537850304599053e-02 7.863033022990136844e-01
1.160016788523173248e-01 -6.350946841404039311e-01
-6.588125698878276315e-02 4.576163409851123909e-01
7.977778002896672715e-01 -4.407000327450723287e-02
-3.405939939153180274e-01 7.760837170686685216e-01
-5.552715948878047536e-01 5.211268917687233992e-01
9.471680423801337456e-01 5.890343787723231195e-01
2.018132209814322564e-01 -1.850597634935885694e+00
-4.092459442129179337e-01 2.771827533743147498e+00
9.354277065652738532e-01 -5.157728421663770879e-01
1.170613503132850175e+00 5.571053752538155379e-01
1.006375835320144491e-01 -2.549097715991333751e-02
8.149746896123136741e-01 -3.051113983617747549e-01
6.649235730736542394e-01 -6.991449103570871459e-01
-4.078187633146996283e-01 -7.583135205484754782e-02
-6.677622216523282361e-01 1.011323816223255623e+00
