-7.373598370349940812e-01 -1.979201756216966701e-01
-7.730507605649985514e-01 -9.397178239267968136e-01
1.877399080201346049e+00 1.036251088895222328e+00
1.097053529220878731e+00 9.792641222278165580e-01
1.029756918598051074e+00 4.221635731298425398e-01
-8.887910943393283469e-01 -1.423265353220215523e+00
-3.893358998217016920e-01 -4.466039140235161242e-01
1.316794699032791671e-01 2.142776348290160282e+00
-8.992966654510122781e-01 1.556637871717191812e+00
-4.696507561805163961e-02 -1.725006311822191218e+00
-1.153665975502468632e-01 2.539827295773937621e-01
8.996014902548138403e-01 4.894128980269115137e-01
-1.076507163495103336e+00 6.957063575651749598e-01
7.203321035314823317e-02 -1.045662841302326118e+00
-5.598903684311424822e-01 2.478132136768639526e+00
1.375257779657079293e+00 -1.544283558158581204e+00
-2.600700861035508127e-01 1.880364639299509921e-01
-1.657607662106283852e+00 -1.971872466136156965e-01
-5.502070768304401921e-02 1.398914773336816131e+00
-1.318254367153180340e+00 6.157340631551305732e-01
3.389559450406421925e-01 9.276210356165109916e-01
-2.198736304367778782e+00 1.727216233569739412e+00
-5.644536468484759317e-02 -4.848793949347768861e-01
5.429024085639672093e-01 -1.652452414721430785e+00
-1.268148260855328502e+00 1.533602777882783652e+00
-9.524247331707411668e-01 -3.600379170441349586e-01
-1.301697625732253227e+00 -1.460290054318460040e+00
-1.598507232430466551e+00 5.724517262096121550e-01
7.207022829930892494e-01 -1.195764404213933263e+00
-1.585687393804274148e+00 -1.307711179249788191e+00
-4.846421471631952027e-01 3.254875007278900112e-01
-1.694766045937147636e+00 6.691671565076525718e-01
3.644554851125676384e-03 1.400218527459839990e+00
-2.538224725564022233e-01 8.149097292611559018e-01
5.072148101101342510e-01 9.313626505942070866e-01
-8.016522116219827465e-01 -1.476871193609505362e+00
-6.659531846002670896e-01 7.684790683241954357e-01
1.754746783411852140e-01 -2.199185749000890089e-01
2.343783276712799069e+00 -6.816712321111479955e-01
-9.720925610031099229e-01 6.601972222818870695e-02
8.685628168240601132e-01 1.141659883381173080e+00
1.464667528996353552e+00 6.930017317638282881e-01
-1.350040533488940930e+00 -1.198340306539953243e-01
6.879965202564881643e-01 -2.686385884968596760e-01
-2.301875659826385867e+00 3.083309124975263105e-01
2.587517458042379204e+00 2.539777398274069564e-01
1.578823405259666135e+00 4.615169346631822211e-01
-1.806291854365604799e+00 2.487692625905150723e-01
1.405861494690121782e+00 1.420471851491980964e+00
1.433517848210567935e+00 8.769006416783010627e-01
3.758379361418692777e-01 -1.100455562612734139e+00
-1.230428586432518595e-02 1.974062738527416538e+00
-2.118608167055291869e+00 2.386155114797432475e-01
-1.742576500313789412e+00 -9.658288135506190031e-01
4.317104319986362904e-01 -5.310788885601837039e-01
-4.778045601827480837e-01 -6.068586294104977297e-01
