1.100485648772496994e+00 -1.717067240706936948e+00
-2.903406713478930978e+00 1.670420046581519991e+00
-1.326172320870428190e-01 7.512538999482905044e-01
-1.300949200558534358e-01 -7.467100296800136539e-01
5.429113369412006361e-03 -2.531112199760648385e-01
-1.393876236038241456e-01 1.830626650264594590e-01
-1.455143211128317127e+00 2.526814172840775030e-01
1.240736979189463352e+00 8.400148915243000891e-01
6.627593135585351236e-01 -1.968840056617396472e+00
4.015591794721915520e-01 -1.608813840271671250e-02
-9.657054468080863430e-01 1.228907921608040521e+00
-1.089163807663447114e+00 -5.160733406168999116e-01
4.282543679311725526e-01 1.406117639794424390e+00
1.783547566552590835e+00 -9.721291868641470657e-01
-6.327504056965692625e-01 1.752434697572153033e-01
-8.650841289334909590e-01 -5.989277056919784653e-02
-1.581166741399416334e-02 -1.013779816723165528e+00
-2.839678982334206570e+00 -8.072126174747703553e-01
-1.627378723991290133e-01 2.403252849270230695e-01
1.355169624264080275e+00 2.460175848604317372e-01
1.286959171390600787e+00 1.872391406981016582e+00
-5.439372954061952870e-01 4.338397535404173166e-01
2.573594825171880429e-01 -9.344566260216603526e-01
-5.915816359985626161e-01 -1.998569382207462664e-01
5.506066709937684767e-01 7.472882063169515865e-01
1.097695605119770601e+00 -4.830727129016376686e-01
-1.009379526485270739e+00 9.359630253841240144e-01
-1.217364682223934569e+00 -9.937572274441045517e-01
-6.112020455373683436e-01 -6.143789254248219756e-01
4.707361882504886852e-01 -1.120879571081453835e-01
-1.662767801754421598e-02 1.081672798982352968e-01
6.649760580560223344e-01 4.657015502450122524e-01
-9.336866121773798044e-01 5.774089707583495157e-01
-5.612811565760549293e-01 1.509506530613888176e+00
-6.702373814139728214e-01 -6.976245497215523006e-01
-4.930634901569708184e-02 -2.944857980361731409e-01
5.460402089652423019e-01 -3.260330424056709919e-01
9.528787034638384057e-01 -9.081892221084667330e-03
4.096198253323964367e-01 6.738747995017848602e-01
1.427062896745498466e-01 -1.294341464654350515e+00
-1.123387646738875922e+00 3.675822819916308437e-01
5.201556127185933409e-01 2.084182425950793505e-01
-6.442253777635285061e-01 1.145589344400178566e+00
4.430051637208233806e-01 5.265129031335759047e-01
2.715877341371876127e-02 5.604979090633115391e-01
5.954163965682046644e-01 -4.436533323072089363e-01
-8.420568238269564576e-01 1.614652658991964751e+00
-6.945018589394421626e-01 -1.022780419718535283e+00
-5.036126145924794129e-01 -4.391652762685220868e-01
1.092020541258756250e+00 -5.552104850906436351e-01
6.927116324359665622e-01 -9.630854968026809904e-02
1.461533450280485980e+00 1.489149086309574654e-01
1.698492683141671566e+00 -2.126558468035070870e+00
-1.759282249077089855e+00 -1.753574674297299740e+00
-9.474433052276638734e-03 -1.111807077352670037e+00
-1.605521793618342130e+00 -1.368915063574209778e+00
