-1.227114756481040847e-01 1.080430388171744083e+00
8.145898767802132179e-01 1.181645461485095971e+00
1.589352769868604964e-01 -3.040783131900316238e+00
-1.277045276948979513e+00 -3.088488527111397097e-01
1.817862504885007890e+00 6.947828832389251197e-01
8.179924916909152577e-01 1.626069518459064778e+00
-5.554476213762041814e-01 2.438327154221734183e+00
3.858124658568636706e-02 -8.259987895161924332e-01
-1.657544565603159326e+00 5.010356614965363331e-01
1.960778156632415836e+00 4.714701028860604493e-01
-5.989425922070994446e-01 2.823170835213892338e-01
5.407964806627911791e-01 1.031161875354750235e-01
-1.352779172032041233e+00 -4.850447360860637436e-01
1.196206035226269115e+00 5.135945775131974811e-01
1.100663314954639205e+00 1.012947043287877991e+00
3.539471901666731979e-01 -1.149644639559976200e+00
2.840384707330327885e-01 -6.568426327290571853e-01
-1.229193069563875751e+00 6.454305883806780164e-01
5.968637675740673387e-01 1.679927296133052916e+00
8.864848224618021577e-01 3.771875901126524600e-01
-1.053337682063154368e+00 -7.547690687097619033e-01
-6.768614981253114893e-01 -2.347576361517388910e-01
-7.900012346171323419e-01 4.885070458782513336e-01
5.368813958355393989e-01 3.633909455236433717e-02
-1.169908833899672373e+00 6.456377614944532883e-01
-1.345169173774062088e+00 -3.616356682389091359e-01
1.377616117118208638e+00 1.193976498538486197e+00
-9.185752721833005952e-01 -1.208015421755120444e+00
-1.394747996476683571e+00 -1.621129471695153534e-01
-5.585474152936354963e-01 2.077297375454770556e+00
-7.477234797068729177e-01 4.169901159621122733e-02
4.586387177223484324e-01 2.959974200089710572e-01
4.432229204491290875e-01 -1.553556584970818610e+00
-1.056227296733347172e-03 -1.971256843972427175e+00
6.817025993295336983e-01 2.157439902954115252e-01
-7.650977115991678401e-01 6.332148908751291660e-01
2.869531100382161637e-01 1.257858314338703432e+00
-1.735495351678920439e+00 -3.320295201388852591e-01
6.938958995390114293e-01 8.905478164191958923e-01
1.979010388887126659e+00 -5.232452949971126976e-01
1.279714636688275231e+00 -3.747639805726122875e-01
1.572889452024865076e+00 1.050587010401094590e+00
1.678237994574394501e-02 2.233082392636508207e+00
-3.176950628871513110e-02 -1.592853102076187133e+00
1.365507378326997978e+00 7.181722594228999723e-01
5.319412976917348157e-01 4.177013282353750356e-01
9.784828428660503619e-01 9.751685486430932137e-01
-1.177049417232315515e-02 1.204087653881943387e+00
7.174953084247124302e-01 1.164243410418669411e+00
-1.972989020281585848e-01 -9.271388281691906874e-01
-4.198951541611771199e-01 1.988801128000346363e+00
7.958815526840987142e-02 6.956022054416527434e-01
6.721123866088423160e-01 -4.427647682820120556e-01
-7.440058164692593401e-01 -1.678282533431944556e-01
6.147464967533831093e-01 6.636026712649659154e-02
5.299994783079088612e-02 -1.831080767727682357e+00
