2.010208923589094088e+00 9.345594213452977916e-01
-4.618920987672092693e-01 4.904911172086299231e-01
-2.766047709453409720e-01 -9.614098605961478305e-02
-1.752662073450746705e-01 -2.345779870470944939e+00
8.539108075329907566e-01 1.234565759317352684e+00
-1.427209026668456282e+00 2.111022756049775406e+00
1.967882326788709557e+00 3.414873357274770260e-01
2.337010148209767380e+00 -4.733762584893720926e-01
-2.894057282129287520e-02 1.944789907483613689e+00
-2.502404671962167315e-01 7.273420589303101202e-01
-9.866236003442583335e-01 8.751621545892344090e-01
8.466636203166391095e-01 4.422292580368313852e-01
1.457377903679717424e+00 -7.437534499332150439e-02
3.192557496048019083e-01 -3.374828319756114081e-01
-2.247628649229277631e+00 -1.310902579080383268e-01
3.281047707413388692e-01 -1.714156536615978776e+00
5.941400353708726767e-01 -6.074377080998392131e-01
1.287964506168734147e+00 7.881579919968985382e-02
-1.237734631194787660e+00 -7.815353685097325975e-01
1.971190937417116817e+00 1.828645355108778014e+00
1.489324654340558274e+00 2.491159816324549414e+00
-3.064929569926267416e-01 -5.751341336834896456e-01
-1.367979400771801357e+00 6.307042145210649542e-01
8.293326097058808521e-01 -3.582468787574522584e-01
1.763070064487314070e+00 -4.778505278647478538e-01
-2.952095649689692736e-01 1.919526620306152287e-01
3.321376498312719749e-01 1.387662040280012832e+00
-3.014420400385196541e-01 3.888473236344159867e-01
-1.355922706518593257e+00 4.635663000774976616e-01
6.847196773948217574e-01 -8.217385498837032065e-02
3.145285581568745825e-01 -1.136594027460784417e+00
1.091362249503404325e+00 2.811273645219151684e-01
-6.269488718295370688e-01 -1.602965078588755921e+00
-6.637258243416209735e-01 -5.916055838449606474e-01
4.042522342249230127e-01 5.329207670669307007e-01
-1.119621700896956895e+00 -2.755713151255262394e-01
-4.525840070430678375e-01 2.837952346592503283e-01
-1.150637149277421584e-01 -1.007533456143802297e+00
-4.329116868400769702e-01 -5.205868771788670912e-01
9.001980066028948402e-01 -7.385673698659552810e-01
-7.323196010470363337e-02 -7.643891399959267252e-01
-8.397794594432500537e-02 5.206379306576507382e-01
-2.007886639564673281e+00 1.188296942774608400e+00
-1.202610350981579979e-01 -8.657536916992504550e-02
8.567297685209683822e-01 -6.264197330780935102e-01
-7.303669495485992647e-01 1.126230859462130196e+00
-7.472792400539864932e-01 -7.499505055218527172e-01
-6.708302852082335122e-01 1.933825497341857824e-01
-6.910682449747473921e-01 -3.428464036638840251e-01
1.332144745952542741e-03 1.086351490416934462e+00
-6.573402036475478605e-01 1.601876603029295909e+00
-6.512601213138211609e-01 1.003993017728445292e+00
-3.106369246265933692e-01 -1.619711389426457648e+00
6.502045354685352940e-01 -8.409924220220861280e-01
5.050081241706191326e-01 -2.412872941367979751e-01
1.736487542593494693e+00 1.141644999506066099e-01
