-3.459632505175695427e-01 1.643334507871689887e+00
1.547473139691947219e+00 1.098727192747556564e-01
-2.240843503332509368e+00 -7.743117415543539217e-02
-7.203890757039840276e-01 -9.319853865412471849e-01
-4.147530379388424948e-01 -1.121829498918917922e+00
-2.117419420291825727e+00 -2.143613663176137940e-01
7.501716644055347327e-01 1.378972062103108076e+00
9.903237127347067070e-02 6.633053951216159039e-01
-1.503743091503093821e+00 1.712407204644381398e-01
1.894062752034901820e-01 1.776595803826704456e+00
-1.602191003727867269e+00 9.288580969969769674e-01
1.649420996984629184e+00 5.907070347896800078e-01
2.769832643783682029e-03 5.912360515314334375e-01
-1.149059842264548825e+00 1.111978625954482824e+00
-1.147262489116571915e+00 -2.392661612647793978e-01
-2.727881904995015372e-01 -5.781652138213529968e-01
-1.292800511580474154e-01 5.250935413416579767e-01
-1.586304065662296647e+00 -3.049530864147221298e-01
7.443636336961191313e-01 -1.195911642690550725e+00
1.300206057869674359e+00 1.179231856310353432e+00
5.405297959043079414e-01 1.139290551976684496e+00
1.142344419531428290e+00 -5.384938880215915935e-01
8.461723244010448397e-01 1.350698278708362121e+00
-4.936597491077242550e-01 -2.912129759956670894e-01
7.344710918799625121e-01 -4.063607245044053018e-01
5.718331511763301567e-01 6.015572126889896093e-02
-1.177816162188601717e-01 -5.014146444946744330e-01
-1.016456938020379841e+00 -1.210140268333375513e+00
6.951333962005924461e-01 7.346950246524959205e-01
-1.895930493448833368e-02 1.929871834936730535e+00
-6.661460029313108488e-02 -6.905947628009962980e-01
-1.419671872345996677e-01 3.048739392451819130e-01
-4.036282914310576064e-01 5.469642764624972342e-01
6.554958043495369147e-01 -1.944899004114520602e-01
-6.119633469277808713e-01 -5.123914858271594319e-01
1.554106866267482623e+00 -8.449539638094819560e-01
1.646521896790644979e+00 1.418334400546414686e+00
-1.331329117959174857e+00 -6.798591213133649280e-02
1.742662327278680368e-01 -5.770088162501619822e-01
-8.428616282895924350e-01 1.453018630259576449e+00
1.358956261459781878e+00 -1.705672333676774732e+00
5.315334329068535091e-01 -8.345455882679378989e-01
1.054607093577536681e+00 -2.754313355487488790e-01
1.043658853824730004e+00 1.469456075080809443e+00
1.003488610317712304e+00 -1.548395108379680141e-01
-8.408882883636430439e-01 1.329283640393135402e+00
-2.559662899435263816e-01 -5.136176661740022853e-01
-1.439411564010670164e+00 5.047653831156757587e-01
-4.410608355822122628e-01 6.839649468948554301e-01
-1.238576125120502081e+00 -2.347234274556801725e-01
-3.561856558997303912e-01 1.623617969139926620e+00
5.689257385783411669e-01 -6.128630687207129446e-01
-9.640912572962040405e-01 3.367367997450383399e-01
-1.408352199764964174e+00 2.381174420887828713e+00
1.942909459462636157e-01 6.351685710891876724e-01
-2.530147567758557203e-01 3.015526156028758842e-01
