-4.201637192786688568e-01 3.790667863739437538e-01
7.563576484214400431e-01 -1.852404915534791308e-01
-1.282111094140534702e+00 3.739849983398461641e-01
1.550129774251076398e-01 1.982126047489668474e-01
-7.265990936164301583e-02 1.067428214602020642e+00
3.056674733220217099e-01 1.234860611515708140e+00
3.675938067612601334e-01 1.720768290175304971e+00
-2.853062602701621209e-02 -5.516496422645780218e-01
-3.065274961932310305e+00 -8.552067756384803543e-01
-1.031324217572760826e+00 -3.226389353273853566e-01
6.185831803645840399e-01 2.047173210325312631e+00
-4.530971798963882025e-01 1.146946891918450007e+00
-4.601433764795089809e-01 -1.302510716078355113e+00
-3.868661647234393763e-01 -6.501923179403366060e-01
4.221885833407366118e-01 -7.986833483263164890e-01
-1.401206810417352733e+00 1.600253419109453068e-01
-6.974911735452014039e-01 2.766009630333838842e-01
-3.955392481475455968e-01 1.235949286803706727e-02
3.074572523228343290e-01 2.357155027379914669e-01
-1.062563106202174312e+00 6.002766442913904932e-01
-1.084693042450080469e+00 -5.394830105286998467e-01
9.848944481938688433e-01 2.062225701759931307e-01
-5.389676634983819881e-01 -6.789505379322914591e-02
-7.654092002855819032e-01 -1.123815873015522993e+00
2.263079849530105769e-02 -1.998378780186541359e+00
-1.228379130504727357e+00 5.747081149997466075e-03
-6.581356508387590232e-01 7.493659989144951794e-01
-1.106319997079988848e+00 1.939016888713076758e+00
-2.491425456787025594e-01 -6.543506480900809774e-02
-2.201415317850690945e-01 1.823833380610099031e+00
1.406284922743364474e+00 -1.777500811988969587e-01
5.515918903492403880e-01 -1.525355179102876324e+00
1.301196781528663360e+00 7.316573366049344829e-01
1.618546427376912122e+00 1.500345634034903286e+00
-2.581392550593444163e-02 5.917841677717695648e-01
-9.251297335884757223e-01 1.257149267291409966e+00
-5.527400773521767841e-01 1.611392381003890595e+00
7.123437007131326881e-01 -7.439659296338689831e-01
-9.094523143118309338e-01 3.428392794802676558e-01
-4.852529635843979561e-01 -7.768570308131031998e-01
-7.076460192880915656e-01 5.481102663875246916e-01
-5.592434100023960797e-01 5.406330871605322663e-01
1.960514340810653733e-01 -3.675804696024101426e-01
8.563354656784211150e-01 -2.938179938758866405e-01
-4.452480864823026019e-02 -1.130832159654410862e+00
1.006280862510304380e-01 -1.807719069191409955e-01
1.698617557740543349e+00 9.392439873730068500e-01
-7.505247939860154593e-01 -2.967987523169835828e+00
-2.942009512536561400e-01 -5.507368745516403319e-01
8.234447730357568052e-01 1.727923165276987749e+00
-9.546649523570933660e-01 4.889813183977767541e-02
5.748139104395330046e-01 1.812202929212236135e+00
4.563260083144698442e-01 -9.551945865603178598e-01
-1.694291040098372170e+00 -5.738822581305857984e-01
-1.798918462085730141e-01 -9.590476824406064527e-01
-8.142580963040094710e-01 -4.923752475141599527e-01
