-3.828147316918920073e-01 -5.372549424124224426e-01
-4.380314051926059715e-01 -1.263196695248338886e+00
2.637558250161585738e-01 8.789919562944332743e-01
-7.510655637643595672e-02 -8.214612257157118957e-01
-2.067851990827263453e+00 -1.197229293077436002e-01
-1.597135850020904080e+00 2.139016657012583408e-02
-4.530920437553759283e-01 1.870947912233819288e+00
-2.071128458643152204e+00 -1.695488601319343314e+00
7.723344728789921509e-01 3.330261930431691608e-01
-3.480432210930500814e-01 6.781418669812091515e-01
-1.783683112045656993e-01 2.143535861193928138e-01
-6.405369543691518119e-01 4.918778645095275848e-01
-2.503529728563153700e+00 -9.434471051868135172e-01
-3.259312204801329549e-01 -5.075753315988610348e-01
-4.657768104480592419e-01 -8.472747002380188741e-01
-1.585444605549080899e-01 -3.080476284189934480e-02
-2.124494136332045535e+00 -6.639023918289055359e-01
-1.071545722384419780e-01 3.587084427628058902e-01
1.135500707079397431e+00 -2.227617598247212616e+00
-4.105202497958865965e-02 9.559745360031620676e-01
1.648014027370085177e+00 2.032413752764302695e-01
1.724440720710522512e-01 -2.243973616488111333e-01
-1.123191794224923878e+00 -9.719754073790639604e-01
2.674465481130041677e+00 9.781645045322820975e-01
-6.864973962931060214e-01 1.546885744648412997e+00
3.872052396408997010e-01 6.296682107885843982e-02
2.873733417654771860e-01 -1.533068901387749650e+00
9.252087224762638451e-01 -1.459176833395229300e+00
2.799086227150090478e-01 -2.528208564764254374e-01
1.685922541781199380e+00 3.109142554674279579e-01
-1.375519327440049899e+00 1.495448016140617842e+00
8.532340416195236532e-01 -6.897248597434177952e-01
3.566905433794183011e-01 -7.360065563179524206e-01
-9.436277867391434926e-01 -6.006475294689168631e-01
-2.115391550631120499e-01 -2.466088330312128096e-01
2.244137338638935830e+00 -1.237213747284542142e+00
2.657211619190296137e-01 -1.353971721898911684e-01
4.119854040189187099e-03 6.870254975584728641e-01
8.608599882945907611e-01 -1.020529305867728498e+00
-8.556204162457931028e-01 4.879594684993799336e-01
7.359188808453676067e-01 -1.906880581410335340e+00
9.201525207526992101e-02 1.172388911834807868e+00
4.571193955169801093e-01 7.792650980755426726e-01
4.819386305528584047e-01 5.205271487271689868e-01
-2.533646725797588761e+00 4.222605549250865037e-02
-2.446075821596261246e+00 -4.974019102746683463e-01
-1.674719530935795841e+00 -1.054997829351709271e+00
-8.530996104300434535e-01 -1.135144837343770696e+00
-2.141441680422077540e-02 -1.102888631921382423e+00
-8.962627150294731893e-01 7.534080537191363731e-03
-2.500172095235907999e-01 -2.002007983681365968e-02
1.197904249654835773e+00 1.420165929416438821e+00
4.734787244630005998e-01 1.221604974453807557e+00
3.857406919084528929e-01 -4.214364993266284110e-01
2.937820755999484001e-01 -1.323948534266918275e-01
1.561708685667798635e-01 9.506049073846478334e-03
