5.664613192367363714e-01 -9.652575406913082023e-01
1.211431703029234752e+00 3.841327449128766891e-01
-4.199627501258911266e-01 -1.053035721186765583e+00
2.757707232647809148e-01 2.597127125587843199e+00
-2.036556089594117602e-01 1.076642353081224357e+00
7.833322512000723270e-02 6.985924850839665412e-01
1.222261861391316318e+00 3.924183322714070998e-01
-1.182176513269199702e-01 -3.323649423234879552e-01
1.149413276194918732e+00 -2.192857366332769509e+00
-1.009335667851870788e+00 7.291046936108102061e-01
1.224902657419886381e-01 3.141027492329548365e-02
-1.826514776188836731e+00 -2.262124628151578609e-01
-3.432068803841630822e-01 3.893699318731757009e-01
-3.876480331368987731e-01 -5.665093040981679096e-01
-1.558423608958843465e+00 -8.134060489541325434e-02
7.115187815189270015e-01 1.330063518350139973e-01
-1.292547732438877883e+00 8.549195224808706639e-01
2.898599294300958640e-01 -9.103015116073459589e-02
7.006963832570901607e-01 -2.684815734133796927e-02
1.133663254488480820e+00 1.208713766021258573e+00
8.008094274095212128e-01 5.900960998184630046e-01
-1.330959334987084075e+00 1.001898529728184467e-01
1.584158940637812485e+00 6.424511733253664980e-01
3.446155741290161112e-01 -4.618466070489021108e-02
-6.394202766917196634e-02 1.033831228701656835e-01
-5.090093962196384769e-01 -2.826010821605345891e-02
-5.927833605526022787e-01 2.954569109340224209e+00
-1.214911828801432669e+00 -6.434062905758358708e-01
4.357254885394779564e-01 -6.191856764262634316e-01
-1.104043203850636035e+00 1.202448941761340206e+00
4.639614049220791570e-01 1.657061970305509613e+00
9.830629921497600066e-01 -1.983570194704292189e-01
-1.059848780525288303e+00 7.506888552638598666e-01
5.687991935990921455e-01 8.518613859415868905e-01
4.235964908800262108e-01 9.562445721659574849e-01
4.651853561715356689e-01 -6.091816976135883133e-01
-1.346247824343204558e+00 4.800532735611721114e-01
7.421291243132062121e-01 7.886971626936551960e-01
-7.268473684921517020e-02 -5.325745845457371397e-01
-9.574543826195450746e-01 1.832402455473528813e-01
3.622714359654122807e-01 4.793625345247345959e-01
-3.418137435699928894e-01 -6.663186059253023430e-01
-2.083558704450274024e-01 -1.617541835883252455e-01
-1.570149454691298185e+00 1.501703597808677459e+00
-6.363721708736457677e-03 -2.037501430840474193e+00
-1.422985447806740744e+00 -1.399994579053613464e+00
2.333886967986224525e-01 8.178245066292375576e-01
8.465946469039690170e-01 -1.135100245801207164e+00
-1.578583569176695400e+00 -2.928619980886262297e+00
1.426761790336644964e+00 8.118995641380852279e-02
5.113779106899557503e-01 2.501450926222466981e-02
9.103085720169631356e-01 1.758635438611858115e+00
2.016568468768274447e-01 1.245556245979936083e+00
2.337600733667965711e-02 -7.139437709864989712e-01
-5.336604179254538227e-01 -1.447758339905045766e+00
-1.192017871766467563e+00 8.280210212697691752e-01
