-5.939683398737101161e-01 -5.993875575985717630e-01
-1.255678712792645868e+00 7.119510905922665778e-01
5.856675236149869734e-01 7.699885870764172635e-01
-8.318487144369374198e-01 -5.344430452006531107e-01
-9.696087401895395752e-01 -3.423207994902603968e-01
-7.179107957122368155e-01 -4.983790013904095817e-01
6.033992489564098394e-01 1.350462939459402101e+00
3.188240091004935217e-01 1.485612099014652354e-01
1.747474993050619707e+00 1.027897045598777925e+00
1.064447821926940430e-01 -1.462056528239420006e+00
-4.207734430078649557e-01 9.586425138890514175e-01
1.962270614591985970e-02 -5.344909463937166372e-01
-1.157150108567140290e+00 -1.616438389297110700e-01
6.466292521887685441e-01 -2.793688393933224101e-01
2.473061472562995966e-01 -4.111214624676662321e-01
1.434128032666415420e+00 1.459374034856902036e-01
-6.216465000181573552e-01 4.049497362601978123e-01
-2.472717524289054503e-01 -2.317286097216150198e-01
7.063123032794670353e-01 7.738095287904742103e-02
-1.696937582429968838e+00 -8.758273525609305832e-01
1.065911729142025921e+00 -7.155792791736521608e-01
-1.227799872584894869e+00 1.370597556611966139e+00
1.096134110110144277e+00 -1.269772113794823243e+00
-2.212717200023001929e-01 -5.002933817091413937e-01
-7.030956625534158233e-01 -6.493922207191996643e-01
-5.320611959295508120e-01 -4.181498866872901954e-01
-6.814375505114058651e-01 5.676310663675420143e-01
-1.195672489370354530e+00 3.099462450949318493e-01
-3.072032668151674084e-01 1.152729582332999048e+00
-2.261175312397545323e+00 9.831231744294463559e-02
-1.827693906385797207e-01 4.645091703936398142e-01
1.898518945011098621e-02 3.178739625537790325e-01
2.383551407178135795e-01 7.436981702135644356e-01
1.556101922295500539e-01 -9.731532133975185905e-01
-1.031584333671519360e+00 1.818355262882408230e+00
2.141229146388159976e-01 -7.385534126095295859e-02
1.640943799037397177e+00 5.687856213720259291e-01
-7.955731738920512885e-01 -2.805275215015486934e-01
-2.083370602183391429e-01 4.065939247659313693e-01
-1.657618117117777568e-01 8.371556429415816236e-01
-8.201047070408716833e-01 -3.906838829831993931e-01
-1.887658760001686697e-01 -3.890111286622355280e-01
1.464038245534606597e+00 1.026810373252047937e+00
-3.783719294240276421e-01 1.018645232599593164e+00
3.095045015824188783e-01 -1.035058955796046787e+00
-5.668427723306274091e-01 1.062705658170282730e+00
1.983509631536122322e-02 -2.711930696225853255e-01
1.780412597784881146e-01 -1.117193464149192295e+00
1.499257713674860604e+00 1.720247167163601709e+00
-1.236363649287388178e+00 -2.406915619412077767e-01
9.982119116933948488e-01 -1.433163818659542177e-01
-5.112966388351015690e-01 5.794772247482153915e-01
5.539814446879292031e-01 4.169106320510208574e-01
1.044996305166742134e+00 2.759838495635832389e-01
1.895354896886159546e+00 1.378481005831216466e+00
-1.142555439776846565e-01 1.080902391459877210e+00
