-1.358109024263582043e+00 2.475034791151642100e-01
5.792786545742675264e-01 -8.645832574939674720e-01
-1.283267791735621000e+00 1.839196732800087442e-01
-8.824150454655046438e-01 -1.928078359293050603e+00
-5.912642997274359935e-01 -2.262731857410998637e-01
5.652958866913802005e-01 -6.925657904096348405e-01
-1.379330834531311556e+00 -2.387227126429422253e+00
7.800735657187968242e-01 1.516836023100918973e-01
5.002286269963144294e-01 -5.930338117491579242e-01
9.742072996132514207e-02 7.034023535011681982e-01
-6.612418611972732396e-01 3.001652679317342587e-01
-4.087771982758151568e-01 -1.390839194922304694e-03
-5.270868841137290595e-01 -2.388277016091972182e+00
4.894213245672843909e-02 6.401214596570368176e-01
4.715754759644084637e-01 7.326281395212451697e-01
9.861032565133832639e-01 1.922714116156648834e-01
-6.450253759342332582e-01 -8.747464475982098531e-01
3.539571468708945789e-01 -1.835828231861376558e+00
2.056996680945980760e+00 -1.109699732829864338e+00
6.249758518576150612e-01 1.594307863429646588e+00
-1.269494852978435784e+00 -2.898799667197911600e-01
3.866264066879355754e-01 -1.245553741274554316e+00
-4.115030594756641791e-01 9.029369190642175802e-01
-9.354718912294570643e-01 1.756943428175667538e-02
5.998420760662575013e-01 -2.073473396050839745e-01
7.577087993263492693e-01 9.968980261131084042e-01
3.167616465079460486e+00 -6.933515695941562251e-01
9.272469028627081666e-01 -2.128656312234971093e-01
2.378200205993291627e-01 -1.375386429801385368e+00
-1.375588856715537656e+00 -3.501819223207143783e-01
2.656702251450372976e-01 -7.372347838936675890e-01
1.930369315033350075e-01 1.326008208827917367e-01
7.441200210927485514e-01 -1.404563460199836356e-01
-1.808710286635622499e-01 -2.296283411514551398e-01
1.163238816349461802e+00 -5.556036654203591052e-01
2.050351688448269205e-01 6.821673206086160679e-01
6.171293081901086941e-01 -1.135943806389535959e+00
-4.674680039279384691e-01 3.852975328709035141e-01
9.545530633831293965e-01 -4.645853733253838547e-01
7.108877435454272753e-01 -2.820557589602097348e+00
-2.009263950533782594e+00 -6.955396763413104200e-01
-8.519020623374770063e-01 -4.145576519941200910e-01
-4.443030900014988682e-01 -2.399641031703543259e+00
-1.491399287822126274e+00 -6.967840160210160561e-02
-7.858743707822671842e-01 -8.854607534140961356e-01
-5.548895325419173075e-02 -1.896775464952590584e-01
1.572587283301102978e+00 -1.962914594983687477e+00
-1.264579243168383049e-01 -3.224893821450910275e-02
6.457994908240790588e-01 1.115977473731931680e+00
1.295091112323104865e-01 4.622062705831453747e-03
-1.170676528741036559e+00 4.014357617214635576e-01
-1.707305482385426121e-01 -1.082752607726999106e+00
-7.887328679257320507e-01 1.183196854094491934e+00
-4.112491540285543867e-01 -1.733987835754160212e-01
7.962427086898954398e-01 -2.132826723415745251e-01
2.939659127698622809e-01 -5.644380233251754531e-01
