9.850272125164792891e-01 -2.513168355446005364e+00
3.674149700937969776e-01 -2.691450981633791151e-01
5.474558796339641376e-01 -2.547649145158400463e-01
2.887292635813354935e-01 1.037673173829403994e-01
3.764195877728274131e-01 6.473061167730047583e-01
2.811981517550722565e+00 1.087697639183048404e+00
-2.436463905280180642e-01 -1.001301679258414651e-01
-1.499876797359197322e+00 -3.504265476597500095e-01
7.028542268732248521e-01 -1.425376805412083669e+00
-5.196192342036717177e-02 2.707305351796528235e-03
-1.042240143381479411e+00 -8.517935970095197318e-01
-8.539761426535862343e-01 -1.803487329264288064e-01
8.539321176787235679e-01 9.007569135799510240e-01
2.412508513564857626e+00 1.109960872701630130e+00
-1.398674377660836798e+00 7.566292255951206913e-01
-1.262350602958774548e+00 3.415282102054107427e-01
4.475606193957266110e-01 -6.080029189593024741e-01
8.202180559464609111e-01 -1.370350880117041203e+00
1.714176570511826592e+00 1.024491381552346869e+00
2.286078031711189507e+00 -5.931064518966354671e-01
7.976958203278411430e-01 1.076058547588054637e+00
6.324271385796688405e-02 -8.334957754859519952e-01
-1.090404979784227235e+00 -1.166097596141740800e+00
-1.405056413905196200e+00 1.344245294039488003e+00
5.063424582520682782e-02 -5.615923634902979522e-01
4.759736056904444457e-01 1.108114510265518549e+00
1.185364740937385530e+00 -1.847722069482073959e+00
-6.074511975718976942e-01 8.038594493157034115e-01
1.728039134755185779e+00 -2.225240665154279429e-01
2.787204377385426035e-01 6.924780875057733320e-01
1.859843538728715773e+00 -9.440823609604959143e-01
2.178386299701065218e-02 1.367380969675157987e+00
1.027975274847449327e+00 -8.353094059908544589e-02
1.335528507690338262e+00 -2.168276127707370993e+00
-2.518118282877128689e-01 -4.171110638311943397e-01
-1.562409400658510084e+00 -7.739893625982728897e-01
3.821228995922441585e-01 1.027282509956239709e+00
1.243042991712694167e+00 -1.738930242388007974e+00
-7.890859060389487922e-02 6.628738962567071180e-01
1.075792907022184330e+00 -7.399034931475245713e-01
-6.079864715209217785e-01 -2.932669165065660555e-01
3.727818081520646865e-01 -3.763731738400727944e-01
-4.186420912607907163e-01 1.076750530367199588e+00
3.192469646462419153e-01 -2.062884202571954262e+00
-1.521739798041780611e+00 2.458581609521962863e-01
-1.543831191487368137e+00 2.953520900609050148e-01
-9.216113933369637357e-01 -5.046372236421969859e-01
5.795143547473292633e-01 -1.189948469007926279e+00
1.212096406193412745e+00 -4.409049247365240398e-01
-1.205076836787964289e+00 -9.453868109124279329e-01
3.029293436217058710e-01 5.818836657605125362e-01
5.673129809523468348e-01 -2.093009611732346453e+00
1.127070542117083907e+00 -7.086360509936895369e-02
-1.841823284215716172e-01 -1.204666265713170148e+00
2.172998395838738439e+00 -1.069049260337285423e+00
-2.907328051831048921e+00 5.543992807377187138e-01
