2.434204215716414266e-01 -2.334604901409844391e-01
-8.415026575153530253e-01 -4.415469693835381571e-01
-4.320489323655991587e-01 -1.585843191607500868e+00
6.579837923726244986e-01 5.706503487484138049e-01
-1.436380456553625118e+00 3.824648054916804929e-01
-1.697714601594072226e-01 2.095006865253555173e+00
8.306230023060805212e-02 -1.030584119326513948e+00
1.159225543064514197e+00 1.383653165625381654e+00
1.762573862611786224e-01 -2.375947317481405252e-01
1.314290059310619041e+00 -2.046457052148554556e+00
-9.893169956423806255e-01 7.404104188621294380e-01
4.127641504063280231e-01 -1.545309841274001172e+00
-4.527133264432502968e-01 4.786295139684870747e-01
-1.050422771584506698e+00 -8.373005300078228963e-02
1.001821100713139678e+00 -2.620591350199747094e+00
2.340814572579489605e-01 9.636065024166675652e-01
-5.351883056179382869e-01 -1.340841470788228795e+00
-3.780739376832224496e-01 -1.758297044082722804e+00
-7.221818843793005593e-02 -2.404695433844353802e-01
-1.042675868360700919e+00 9.463054428516770589e-01
-4.156912949673749469e-01 -4.500686169407925319e-01
-9.799682489111243011e-02 6.270230985500761800e-02
-1.050905799292072285e+00 -2.209185546201203609e-01
7.106779885579725953e-01 -1.118445554283085119e+00
1.365889229442441566e-01 2.611003827208890349e-01
-8.936144969114473424e-01 -8.563214942038578359e-01
-1.239179192761655557e+00 -5.162883351870969362e-01
7.859470002108855935e-01 1.646421151281203032e+00
-1.125982350512317876e+00 6.393293242508057972e-01
-1.967350332712911598e+00 -7.066352782014665435e-01
2.861428699596823222e+00 2.069187793285554022e-01
1.769572874163233056e+00 2.917435063289975927e-01
-7.323273281759891395e-02 4.414916921153812512e-01
6.186693722186321631e-01 2.863107468649894738e-01
-3.732563309600531731e-01 6.058727095887039144e-02
5.428960626794386846e-01 1.812392637302908671e+00
-1.827049462440546002e+00 6.782321106710393899e-01
1.657287888257801711e+00 -1.920653581277134814e+00
-1.948917449161556292e-01 -2.009041408947175381e-02
9.563490788213334648e-01 8.122800894939445904e-01
2.005658310456723825e+00 -4.269643766660671247e-01
-1.089214723130137313e-01 -8.542257128450506110e-02
-1.819281211694581679e-01 7.499803967103094715e-01
3.076809668057275959e-01 -3.865680718100855673e-01
2.542492008951995897e-01 9.274031807000040484e-01
1.408347915642061299e+00 5.126074174407441175e-01
-4.623878594704952660e-01 -5.790992138631759767e-01
-2.127974595288763204e+00 2.359551665662883990e-01
2.115985166903397441e-01 -1.637615319693151328e+00
-5.144579399890107929e-01 -6.768221987068864798e-02
2.004429808061818807e+00 -3.042206728213366768e-02
-2.494976939197774413e-01 -2.963108627380380278e-01
-7.134383003444093319e-02 -2.698279068087660604e-01
-1.696128152464862204e-01 1.502230662036837971e+00
7.434231220954915509e-01 -7.840218522809978829e-02
-5.221909838318872232e-01 1.012333525225817543e-01
