2.524044930435124234e-01 -9.255096070257287089e-01
-9.302511079751735190e-02 1.671993975452410464e-01
-1.803671966860326714e+00 9.120265940510854374e-01
3.799515199964249579e-01 1.397795197755039021e-01
1.069146580733052243e+00 -1.868094575238451682e+00
-6.550491935943228983e-01 1.385307468095933414e+00
1.376517970938236912e+00 1.412555744442773653e+00
1.064676145663561613e+00 -1.084038761302501097e+00
-1.355052121496137074e+00 -6.765783677817249764e-02
4.348573348997607224e-02 -1.895438596615431348e-01
-7.564750009382664730e-01 1.163067797592374220e+00
-4.420841870720982336e-01 2.076069163531729433e+00
-1.401675074610694294e-01 2.174331266402901586e-01
7.711816842790877313e-01 3.379381463861860224e-01
7.265713695398325900e-01 1.530887186563528957e+00
1.517010150188091433e-01 -3.689209733366408117e-01
-1.681625923473108741e-01 2.884067740260862212e-01
7.422510254161812648e-01 -8.505285051777379257e-01
-1.525861520232283386e+00 9.335861617416982838e-01
-5.970242517863332266e-01 8.900611384049486596e-02
-9.529084280017957598e-01 -3.499227586895788389e-01
-6.451896526518826613e-01 -6.676632479225639294e-01
3.420757845485157544e-02 4.251069980491038042e-02
1.790777826227831770e+00 -7.655214408796139347e-01
-2.238751471193615394e+00 -2.707436927499906609e-01
6.609735159247900338e-01 -3.259863660681965869e-01
-1.255962206741791931e+00 -1.789512329910852295e-01
1.121462787288385554e+00 1.863330620920853331e+00
-7.950812242905024307e-01 -2.251326174294970492e-02
1.051649944033381079e+00 1.173833075379540514e+00
-3.996333819764615325e-01 -2.325817069212986477e-01
-4.884968968644250870e-02 -4.358569594396229374e-01
5.836074054385753662e-01 -5.528312399484616169e-01
-1.536792909853336830e+00 4.137296178300217675e-01
-1.011746660367381034e+00 7.798867883414202506e-02
4.330001894856817524e-01 1.805630805512914994e-01
-2.157067973034916819e-01 -1.025795825926908877e+00
1.922145369213319910e+00 7.145602413201613823e-01
-6.046630969647052156e-01 -3.244537585953587988e-01
-7.197763575000537539e-01 3.814542258640313821e-01
3.126696270261887789e-01 -1.431409603608240433e+00
-1.739572670835775936e+00 -6.093075083267716074e-01
-8.398233584096739257e-01 1.049584664441957305e+00
-4.713441348882368986e-01 8.606488424795823988e-01
-9.095015363162881616e-01 4.103858193141410315e-01
-1.945953188271983159e+00 -7.747885024805579723e-01
1.085956487433812900e-01 -2.148418463026768310e-01
-8.025831684424700185e-01 -1.880160759820028060e+00
1.331882057106990036e-01 3.746246003196213592e-01
8.168721520664159463e-01 2.523161302475447343e-01
-1.975476852464837507e-01 -1.756893235682694066e+00
1.937075216499332675e-01 5.528766992779404754e-01
-1.529939977232382953e+00 1.076399043454323801e+00
1.067130745079826637e+00 1.747943071359433942e+00
-6.896899217398860804e-01 -1.768404498926112289e+00
-2.409209927070428761e-02 1.113557163836873087e+00
