-1.341131703531516228e+00 6.937642583787891892e-01
-1.155655797941383511e+00 3.756549228883573344e-01
4.971173980362567080e-01 -1.551241698888254084e-01
-4.488285934830558155e-01 5.175353874757286921e-01
1.430291228819032368e+00 -6.871966009296596178e-01
-7.080958155019102807e-02 -3.301892853048815080e-01
-3.108000748789697676e-01 -7.562359192095766125e-02
7.145655569196567303e-01 -1.452250107976493121e+00
-2.424420155263577736e-01 1.226330707174579038e+00
-1.125212299931135806e+00 -9.720072794571941177e-01
1.025485815453949456e+00 -6.671678019156025430e-01
-1.189014021702455404e+00 5.161034861218951608e-01
-9.626916721525717868e-01 9.775508484233437212e-01
-4.728812270690455621e-01 1.059264944689147780e+00
-1.306228746875119695e+00 -1.549197963711489712e-01
-6.682572723328646935e-01 -2.134091823216527350e-01
6.242090542821272514e-01 6.938176728662984738e-01
-8.829560243100552652e-01 1.987432688435405215e+00
7.039719460384368244e-01 2.280522677961680955e+00
9.419801748853544598e-01 -1.630919100988438564e-01
-1.384939008678739869e+00 1.155331036901975222e-01
-5.880863522735008120e-01 -9.319751217413428934e-01
-1.838768489085033320e+00 1.577023621280810861e-01
-8.440696575555308723e-01 1.065163736333105016e+00
-2.333518014900608506e-01 -3.336394952225980592e-01
9.414904853379489902e-01 -3.929288350566561561e-01
6.706208070750341310e-01 -1.370855445558510688e+00
-8.326060459193775909e-01 1.290179893499928232e+00
7.027546657899280680e-01 6.514457914475887401e-01
2.872361693220275569e-01 5.759518407463244394e-01
-1.735809845109072436e+00 9.933689724964233081e-01
-1.187809271290430235e+00 1.257747317490356620e+00
-4.017374523630979355e-01 8.138277200385808652e-02
9.233597917225276897e-01 2.037829733022931133e+00
-3.619879648137194761e-01 -1.041944566520863313e+00
-1.865911148594852520e+00 -5.236533924490517633e-02
5.351782139982073083e-01 1.218363444083811364e+00
-1.953504559002525953e+00 -1.556154374823965902e-01
-1.358393431311879507e-01 8.417563783214155881e-01
-4.892638857408689312e-01 3.167636820728372271e-01
1.302334046440928872e-01 -3.779144686350341953e-01
-1.212858015279971724e+00 -9.578732219224736499e-02
6.135973099706274470e-01 9.089048521452680607e-01
4.908152356964177732e-01 -1.420268055013667707e+00
-2.338805123254205309e+00 -1.228666432970504818e+00
-5.409609099499599338e-01 -1.325738075039571084e+00
-3.671069940734795756e-01 8.242648634849252254e-01
4.147881028681634219e-01 -1.210329698011039179e+00
9.143732850283135469e-03 -4.241324604884538774e-01
1.669641193627418585e-01 1.653483815145846636e+00
-1.214027889699489826e+00 7.928939459317968508e-01
1.094337079690959058e+00 8.685377707547350390e-01
7.629290791067663280e-01 -2.709109641081107744e-01
-7.378455353989896714e-01 1.910737780746650349e+00
-1.712352217916526032e+00 -4.690893201229445197e-01
-1.289464472492842351e+00 -4.349408076757156350e-01
