2.543225348722625775e-02 1.352377492543227921e+00
-7.762496766785419444e-01 -6.516898640160967426e-01
-5.756324698173918009e-01 1.612351442694342218e-01
-3.711204973383206984e-01 -1.030152613483266810e+00
-1.141210079556814305e+00 -2.350713095346051440e-01
1.359648231072115576e-01 1.424818123860150110e-01
7.540245479477863944e-01 -1.097362617376012039e+00
-1.890183465218710612e+00 -1.375403397937930983e+00
-1.048914348434358823e-01 -1.011134058282534331e+00
-1.232119373098269355e+00 1.253714652750304893e-02
-1.398674072546058689e+00 -1.549638285597088050e+00
-2.595365925247422600e-01 -1.177456230842876872e+00
1.454886734704819107e+00 -1.098491466751489315e-01
-1.077357633710539941e+00 -1.008457074713674517e+00
-5.370834894643203850e-01 -7.501113020027657674e-01
-1.724241763291172402e+00 4.249037052133694536e-01
1.023919673127080682e-01 -5.945591517201966880e-01
-1.240909002057599686e+00 -9.332003745224368707e-01
-1.346060458912651248e+00 -1.388343705964822261e+00
2.654517870723777095e-01 -1.422466582758685483e-01
-9.502215887044980214e-01 -9.159410964455794169e-01
1.356631779655933734e+00 1.686148981746102837e+00
-5.314176425773100565e-01 3.705941302088533451e-01
2.465842376950619030e+00 -1.671508900995140934e+00
1.805213961106659770e+00 -9.981126484680576949e-01
1.711342482502655610e-02 -5.364735280977375176e-01
1.052619923063559337e+00 2.124207248713402552e-01
5.922906579439098929e-01 -7.129175176439064288e-01
6.456887402893365935e-02 2.121772271420179212e-01
4.029559827273014871e-01 4.916698551198714906e-01
3.512757037760101952e-01 -3.335560981738413533e-01
1.025224136726211599e+00 1.674049194046920652e+00
8.362590534381333374e-01 2.788782562421756150e+00
1.191760812139547099e+00 2.061919217267878246e-02
-1.257896584693284803e+00 2.815679233661669834e-01
7.732750552887096562e-01 3.390783259679119310e-01
3.347277079373034425e-01 1.302045785971521097e+00
-1.367372279754603404e-01 -1.239059752296197470e+00
6.860071746659658354e-01 -2.219966380750685531e+00
-1.144959848729268481e+00 -6.629773626985234758e-01
3.346046505745031707e-01 -3.804402542777757801e-01
8.045049435631715928e-01 1.565462103278041806e+00
1.571685240053309451e+00 -1.136022159517976249e+00
-5.214079658285021290e-01 4.876363829233132385e-01
6.334936579593762607e-02 2.031005618265530055e-01
1.340195304102924645e+00 5.796775842211141644e-02
-8.989548180177175940e-01 -1.320765108989505388e+00
3.832634281772201446e-01 -1.376914002913054436e-01
-1.664323905613504240e-01 8.191572302566469954e-01
-7.911811951922850250e-01 -1.025754717688090123e+00
-2.073652308740798478e-01 1.123687984884329805e-01
1.567865192393249840e+00 -5.870379983624516296e-01
7.117442157427044114e-01 -5.157468178339942311e-01
6.163446130812463286e-01 -5.514167369716614919e-01
2.631012981587669275e-01 -1.628413949134057681e-01
-3.283914076180584063e-01 7.965779384162099408e-01
