-7.937011074713550274e-01 -7.606429246447082848e-02
2.632202269030122554e+00 7.139869427455646234e-01
-5.617967785938616787e-01 5.347784485101253482e-01
1.014287603677129113e+00 -1.463490896178094802e+00
1.997324471088066433e+00 7.502948601955811148e-01
-9.034837653635989785e-01 -2.010121970251474099e+00
-4.555346490239085000e-01 -3.592092729490588554e-01
-1.537010731116842166e+00 2.168672102433019333e+00
-1.391340464749927230e+00 1.693299309510792883e+00
-4.497552093206289570e-01 6.524333710367851147e-01
-3.079599841095523871e-01 5.134971672919369512e-01
-7.415353458987452573e-01 -6.819641048562350427e-01
6.115785399409013889e-01 -1.340409641871588287e-01
1.214290846833265825e+00 1.723050868195894259e+00
-1.338247519275078234e+00 9.575621664222615514e-01
1.738057639378543406e+00 -1.578427388808447962e-01
2.811411570448988373e-01 2.838674030175364349e-01
-1.775128448420405958e+00 3.352568778618126299e-01
-2.502544168449880035e-01 -6.095321156463047174e-01
-1.614004693348028430e-01 -6.531472915349302300e-01
-5.076437651186422872e-01 2.509323267310071756e-02
-1.018168403942467881e+00 -2.113164027888062346e+00
1.647697603053973059e-01 2.016547924792251756e+00
-1.998670779337302417e+00 1.099382628328104072e+00
1.300508466753022230e+00 9.051303714432117342e-01
6.962096034526068511e-01 1.207780662085337964e+00
2.017612397498379506e-01 6.591872132613307844e-01
3.607524207499637758e-01 7.424497996425943880e-02
4.154006016740828811e-01 6.808095550683240793e-01
-4.960262098855817148e-01 8.153742095848642846e-01
-1.376400705545108627e+00 1.216361073226247980e+00
1.562834518643045900e+00 -9.605676727854088881e-01
-3.771988432638664901e-01 1.424797372942443463e-01
8.324718809481473913e-01 8.641888520796816575e-01
3.325074429593041225e-01 -4.691956129631256744e-01
9.533239970153776222e-01 1.246781396048474599e+00
-2.918827203758427302e-01 1.790251343613065149e-01
1.678283477869790152e+00 -9.666793169070397873e-01
3.097593599688318600e-01 -1.576230684939230464e-01
-3.428328175874937878e-01 -3.610730212193318835e-03
7.665661815154920511e-01 1.435961819788031502e+00
2.868904095320006786e-01 7.892621158985654306e-01
6.169394925487958758e-01 -2.209571973644290643e-01
1.020262545304507551e+00 -2.700101821133103486e-01
-2.838368699400525136e-02 5.175673358397354651e-01
4.124209715500406492e-01 5.154437947060211966e-01
-2.216385107787391284e+00 -2.592175789314420387e-01
2.115492720378292502e-01 -7.158475869004274905e-01
-3.418367718176160697e+00 1.433962328501182437e+00
-2.300835702953490658e-01 3.632727372688824424e-02
-3.995813206370754656e-01 8.715513231093185986e-02
1.396853748364323411e-01 1.696322946763193645e-02
1.387387226117461791e+00 1.372205682087584755e+00
9.016565266390932365e-01 -8.723800240367921566e-01
-7.358804123516334839e-01 -7.599048072222529537e-01
-1.395793542521224451e+00 -9.350890752799162486e-01
