-2.332187903289268671e-01 -8.034098647318412834e-01
4.772203761785037135e-01 1.622707934920887940e+00
-2.185033044977870986e+00 5.750397995910740967e-01
-8.465402485443508374e-01 -4.382457488035377269e-01
-1.076568783350449060e-01 -8.526076397820546715e-01
-7.471395570111891704e-01 -2.208948234389340459e-01
1.198088480681227974e+00 -1.472331469564755135e+00
-7.826334098737167677e-01 -3.825040851293820543e-01
-2.390394955526129253e-03 -3.053821028946343552e-01
4.908267036168267872e-01 -1.246504201724151883e+00
2.694337757217118989e-01 -1.088370650275312518e-01
-2.280592742695250585e+00 8.220029913660186205e-01
7.467450647828920429e-01 6.077183195166823149e-01
-8.728316381691928472e-01 1.146049953391101939e+00
5.153984240596557465e-01 -3.815342291081591508e-01
2.787355466742215682e-01 4.620360060447958328e-01
1.527207438613107593e+00 -7.054723503391924222e-01
-1.515736260990346418e+00 -3.512916252555695756e-02
9.106248934593200728e-01 2.791293088133013356e-01
-4.859822190377225959e-01 -1.087757124800247110e+00
3.865736360511593667e-02 -1.294629101932458282e+00
-1.966326068447973308e+00 1.149501622468761530e+00
-1.191422257768848914e+00 3.656145366306773337e-01
-5.975231576983675019e-01 9.511805155888705121e-01
-5.328916314236264995e-01 -1.160176446118695859e+00
-9.679002929038835190e-02 -1.239237754860637253e+00
1.501514257620191195e+00 -4.807790005561869973e-01
-5.123032800909628204e-01 -8.172535274140323436e-01
-9.024043693206621475e-01 -1.133946941604339065e+00
-1.434534419999298649e+00 4.227017882845551244e-01
1.147787851592032560e+00 -1.917301177756251529e-01
2.497583474109182911e-01 -4.128974296791634857e-01
8.156109173076997454e-01 5.296202961995224445e-01
-5.578772667956812814e-01 -6.703448885076842556e-01
2.654277882396673394e-01 9.732284899704984893e-02
1.699625123586794739e+00 1.185242527834103887e+00
-2.357178555875536208e-01 5.536243927509605367e-01
-1.625266804949003552e+00 -4.482897129930026314e-01
6.117543499529213280e-01 9.267740930089243268e-01
-6.815980384890181210e-01 -8.880819163765953927e-01
-9.004633491157450209e-02 -1.632457794751899227e+00
6.165473026730908801e-01 2.214580085074754623e-01
-1.142330910770514407e+00 -8.262257184812759059e-01
-9.970921280162652056e-02 9.292536042472323565e-01
2.103787492419041394e-01 -3.445625809636393977e-01
-8.561112548845324632e-02 -3.115604755384445146e-01
5.615323417009636664e-01 -4.880402855269226903e-01
-4.233053969670692029e-01 8.556916839159836030e-01
4.859341138788328407e-01 -1.317226695246245916e+00
3.467745932012710197e-01 1.998189289702644311e+00
6.528078690929955963e-01 -2.893085984354389351e-01
-1.090588459371999885e+00 -1.218608689047521842e+00
1.279687019101051426e+00 2.154220973670525119e+00
-5.903250524001131261e-01 -4.533734377938336557e-01
-1.601879437589232014e-01 1.145713889571644106e+00
2.981660106208429695e-01 6.838305407211119347e-01
