3.209789204632044757e-01 2.475266381049729889e-02
4.748110082428726869e-02 5.535022161599703061e-01
1.633857695054964920e-01 1.921786448831422356e-01
-6.641770809607533410e-01 -6.094992421994994691e-01
-1.080587151385409284e+00 -4.295683416862581816e-01
-5.064571049721350998e-02 -7.525091074667812352e-01
-1.519079705490016474e+00 -5.689462842980019808e-02
1.052034543524502874e+00 -7.978294746010927696e-01
8.244645141665308818e-01 3.059610383424264390e-01
3.181343985002975105e-01 1.162828583982437491e+00
-3.461252224135326627e-01 -4.642539176066017848e-01
2.579257834772873959e-01 -2.509297888252360886e-01
-1.251559634531221210e+00 -5.083320589052692240e-01
1.434922613660190249e+00 8.593332754890842251e-01
-1.653040366060549715e-01 -2.343353434405247016e-01
-1.853463837412359649e-01 5.678083235462410006e-01
-8.472801311118257628e-01 2.324382156975471347e-01
-8.972389550388827351e-01 1.355095705647137105e+00
-1.478637623489041930e+00 6.785296643986833409e-01
1.197649244528084189e+00 6.329442755320416891e-01
1.423351978079397395e-01 -3.350143203038817297e-01
-3.280329242842076054e-01 4.454410957775705171e-01
-1.077811391440644639e+00 -2.028929798079766589e-01
1.048693824229043559e+00 1.724151241314210603e+00
-1.631530033758646026e+00 1.372574811896257740e-01
2.755500260553037095e-01 4.739182076813595601e-01
3.152062087693028869e-01 2.795409231776497361e+00
5.646260423008482299e-01 7.459644163542653895e-03
-1.675967790282837933e-01 1.280837353939332957e+00
1.102029658155506020e+00 -1.370176334878562718e+00
5.508644623228083903e-01 -9.543049590683990724e-01
-6.908247834599946513e-01 1.437312467000151361e-01
-3.722391880962622746e-01 -1.147134102819126866e+00
1.155148726020563815e-01 -1.249853502337083117e-01
1.720760812505370829e+00 -2.101347436192564366e-01
5.001949760899766506e-01 8.638360390302819436e-01
-1.423980753215095207e+00 -4.757517945108313273e-01
-7.527632045393809479e-01 6.398601821991370953e-01
-3.549552069902053852e-01 -9.655771661154576302e-01
1.021320106800859495e+00 3.839863259382652050e-01
-1.736600170001066035e+00 -7.540561204838537313e-01
-8.749324217639575796e-02 2.508847304959087587e-01
7.514236095140069960e-01 1.228277717033632088e+00
-1.154591028721342560e+00 9.998648613262283158e-01
5.588556330325163829e-02 3.862066690161407023e-01
-1.549957232757287751e-01 -1.414660581106196302e-01
6.702368318513103329e-01 -4.456926063676425187e-01
1.861295569236380842e+00 -1.018815236635311594e+00
-3.719138491660816531e-02 -4.786434895459257266e-01
3.002307721558682974e-01 -6.188640449980773450e-01
3.823405522095873477e-01 -1.363176961920730568e+00
1.842288337460367686e-01 -2.109394409957656702e+00
1.378090224600724945e+00 2.838017291119103724e-01
-1.610604446716907001e-01 1.379810554975189785e+00
-4.339793571972738739e-02 6.740939963144082503e-01
1.046284613168580124e+00 1.166089323755664431e+00
