-1.726679499149751829e+00 -8.205540544528829860e-01
-9.491655203715612110e-01 1.943705545551317027e+00
3.521946341402033831e-02 1.332226219173110737e-01
-7.187358628193989407e-01 1.594977905380869032e+00
-1.276812281870559340e-01 -1.999850477660074510e-01
6.537799972422941863e-01 -8.465646358940200761e-03
7.250161447253844482e-01 -5.326237511094655819e-02
1.311372300231822496e+00 2.377267298923007310e-01
6.141634138597604764e-01 1.501272657216578654e+00
9.941346816057979874e-01 -9.139781681424949955e-01
-2.939730218806082540e-01 -1.828009078502430995e+00
9.926569237123279710e-02 2.754078935376121917e-01
-2.150100710530071235e-01 -3.971830519487531963e-01
-4.380131542337972195e-01 -9.407753282643843695e-01
-1.046033197184190522e+00 5.656908860218139434e-01
-1.612250164033055988e+00 1.220897121937367436e+00
-4.352482292927810081e-01 -1.094648205331129054e+00
-1.310099255141070840e+00 -1.469195867893591911e+00
-4.714697653673598915e-02 -1.958151873179199143e-01
-3.133278995458917970e-01 1.905600561481545496e-01
8.095038725690940906e-02 -3.997926426772105968e-01
-1.086950580960188706e+00 -8.391925697517814697e-01
-1.330285186219932747e+00 -7.518071557896127688e-01
-4.264624263284428340e-01 1.738251452732186564e-01
6.970178731400047401e-01 6.405015999783177927e-01
3.181829809621807836e-01 -4.894712707204394442e-01
9.151981881343217162e-02 -1.342298768292103928e+00
1.156993196883277841e+00 1.709260789541176440e+00
1.637570844951817595e+00 -2.648627114415949446e+00
-6.426790115482826637e-01 -6.563186367316666825e-01
1.436393080187273741e+00 -7.891038195023176716e-01
-4.747860302331508020e-01 1.098358249308718060e+00
-5.178956844409482452e-01 -4.006218694627610710e-01
-1.062521095213048022e-01 -1.177513227420275754e+00
2.348077526233291468e-01 4.015556914219392537e-01
-6.995268064844437639e-01 -9.793148831266201837e-01
1.264826683515009931e+00 -7.328127642893176308e-01
1.651626201415710593e+00 -1.064399037292645955e-01
-1.052599505260530810e+00 -1.267460205206527579e+00
-2.010950567971253600e-01 9.012012475863252492e-01
-1.847998430671193154e-02 5.156027603368072004e-02
-2.444884761950597563e-01 2.353117891470304368e+00
3.433576939920499616e-01 -9.904767481341331115e-01
-2.817389967148002938e-01 4.187242795816918384e-01
-2.360000599743089733e+00 -9.335718091246640871e-01
-1.046440715137081146e+00 -1.176386642042829722e+00
1.325688490373052364e+00 9.141180162926564046e-02
-5.420371797800973418e-02 1.054142492346132443e+00
1.696969971546837819e+00 -6.126673074359495486e-01
6.361183523463422862e-01 -3.864862153658143451e-01
-5.761604047257162797e-01 -3.993829215685935075e-01
-2.110623812466040916e-01 1.415722057034231263e+00
7.055729356587414625e-02 2.710254273101280198e-01
-1.143088154374838572e+00 -1.091985709181427344e+00
1.048501778562004105e+00 1.402984198228144797e+00
6.350752029340462901e-01 -1.097223595754954983e+00
