-1.270223992848102057e+00 -3.025198514100130298e-01
3.888624671695796176e-01 -9.602737003259521620e-01
1.977383391451902339e+00 1.957965654707223280e+00
-6.071854658695866602e-01 6.075368331309202174e-01
-7.281292012493301158e-01 4.488461303023468796e-01
-1.603086726371949489e-01 6.594466676318824216e-01
-1.045901154534249367e+00 -3.989169632238138141e-01
8.624404464292448891e-01 -2.671837056609272509e-01
-2.054630316172150264e-02 4.577488386390474173e-01
1.309058141538446796e+00 -6.186585189216925462e-01
9.921836377437507348e-01 -4.247410876763318965e-01
-9.761634923148901910e-01 7.893013334917822754e-02
8.843038341857542006e-01 1.337484890725045561e-01
6.757424056514190758e-01 -1.019776524407200125e+00
1.358283542329091098e+00 3.909864645445425002e-01
1.177787750457591764e+00 -6.843141966907592133e-01
5.349236427155394935e-01 6.172348184760555467e-01
-2.434212566823557022e-01 1.327938216331834009e-01
3.761060409795187742e-01 3.348755626624701498e-01
2.840334625787109268e-01 9.626077376245537609e-01
-1.246746865004895399e+00 3.566964512189619296e-01
-4.479180479381940083e-01 -5.024065146887763955e-01
1.556789255510205860e+00 6.449864566854228709e-01
-1.233813979892629087e+00 8.150673190717682148e-01
-6.918974197181779751e-01 2.182905996372836166e-01
3.646850116510987339e-01 7.849874210107520289e-01
-1.374797349658256618e+00 1.431597483617398137e+00
7.081503301931667549e-01 8.875181460213926732e-02
-3.356038081275188323e-01 -1.025180943913804432e+00
-3.157057945355137146e-02 2.040199136185946838e+00
2.793338505752770429e-01 -6.423013209671957213e-01
-4.130284971403189731e-01 2.591403247509914465e+00
-5.662422809274724189e-01 -1.445240683620415689e-01
8.433198874225167341e-01 4.024587186352042156e-01
-3.131023892140080700e-02 -2.807878205773272073e-01
1.318337866334123865e+00 7.057348817407798069e-01
-8.837877199081965729e-02 1.310337642578707662e+00
7.154901840853352679e-01 -1.001900210318920958e+00
-4.170344182714774139e-01 -9.959429336574431302e-01
1.763624338434859551e+00 -8.672450449764391722e-01
8.086150929428466139e-01 1.118712469606617077e+00
9.320355883211293158e-01 1.345619646764177446e+00
-1.413089914955499182e+00 7.866799859261653927e-01
-1.727892492292298909e+00 7.936876460212888285e-01
-8.598792408921607233e-01 -9.767146102273547292e-01
-2.208041270451734650e-01 -1.444701119142509094e-01
5.776799206408811393e-01 -2.940528849439509873e-01
-1.663668351677332513e+00 -1.141386258867880133e-03
-1.021519740485024474e+00 -5.035517091851283711e-01
5.578598281090245692e-01 1.643821494101149971e+00
1.349388691580261534e+00 1.720525043749677740e-01
1.728730134358413828e+00 -2.341710162021354069e+00
-2.692500371164415762e-01 7.710188662069683563e-02
-8.255561688140895527e-01 2.867387584140715262e+00
1.011105996175281296e+00 -2.262390411175395410e+00
-1.627159915520060007e+00 -1.278444293060796433e+00
