-1.760206030580204750e+00 -4.762008448720123632e-01
-1.031447706961492461e+00 -4.918499109004437209e-01
1.063653830594845501e-01 -2.766388158755377913e-01
1.359988730188299355e+00 -1.641214315582003869e-01
1.341155199648043528e+00 -7.760437588198623726e-02
1.700503894941584271e+00 -3.732687010160986585e-01
1.090946076106889429e+00 1.367637899100138110e-01
5.952872556167161378e-01 1.446758356734069162e-01
-1.192831433134260433e+00 -1.094884797142682942e+00
1.473188540920610246e+00 3.485526656248315036e-01
-1.612162510291180517e+00 3.914765361394892396e-01
-7.028858867016867240e-01 2.281405869532785236e+00
-2.737534128372543507e-01 -2.682107752276207679e-01
5.250371001470779397e-01 -6.230414272505180318e-01
-8.382571383762238426e-01 -5.568565394621045606e-01
4.807439382005798123e-01 1.018671076816593857e+00
-3.764838600124731371e-02 -2.137509806717288741e-01
-1.308560832148635521e-02 -4.120117963249401716e-01
2.304430526460961026e+00 7.943440449562479966e-01
1.984456718062505010e+00 1.627747506060235327e+00
8.760866229815569284e-01 3.050166125204708534e-01
3.755126126437323131e-01 4.836555839466616380e-01
-7.213506230837075650e-01 -2.800718435252876892e-01
-9.987457728427887593e-01 4.887022227574620570e-01
-1.451495059522084574e+00 7.314281741212816934e-01
3.067016109862043538e-01 -9.798776458998564864e-01
-7.649606640196906504e-01 2.050022630118245315e-01
-2.952918781508548474e+00 3.384404659586546238e-01
-9.277374910681309705e-01 -1.015483506734410124e+00
2.941810970507376388e-01 -6.655903996482440688e-01
-9.286287425589824229e-01 8.228016564389883936e-01
1.370434520120809851e-01 1.397635850083923659e+00
-8.881926032859775999e-01 6.240959512563487577e-01
-6.316270452927916779e-01 2.814933557234237660e-01
-4.441679457473461934e-01 -9.155392146773017048e-01
-1.521061771864378409e+00 9.047128936425491430e-01
-1.446742686014034218e-01 1.697121349844490146e+00
6.227236051917852677e-01 -1.283548451469501916e+00
-9.087284988471484859e-02 8.388650796691115019e-01
2.411354349126373919e-01 -1.710662363665496066e+00
-4.275952345336158644e-01 -2.692034485872538685e-01
3.588382182444504465e-01 8.723499749152957561e-01
5.414582601027656539e-01 1.708131562019304717e+00
-2.493695334878942849e-01 -5.679388087150599729e-01
-2.062768331258479471e+00 -1.135862432217603635e+00
1.496084936149259192e+00 5.784077288451993093e-01
-3.069199882648309674e-01 8.459563764543527320e-01
1.603514814891204621e+00 -8.634212651118335913e-01
7.074441511293299012e-01 -1.472033362673941692e+00
1.517764566136968307e+00 -1.099441087978239473e+00
-1.539329407163372743e+00 9.489969778139899503e-01
-9.541013520184622454e-01 9.225433391165802632e-01
1.250198873522869736e+00 9.382356385452566006e-01
-1.706096617987863107e-01 -2.994939023234863829e+00
8.433074868400897151e-01 -2.630409273934821712e-01
-4.023841791935561241e-01 1.754776348815564102e+00
