-1.991776533859215270e+00 -6.301291796163273340e-02
-5.318242677570853699e-02 -8.251325922693529824e-01
7.699539583358753214e-01 -5.375728908480661428e-01
-6.742713732866281728e-02 1.505124791831743414e-01
-7.075133375494984111e-01 5.378280983571117474e-02
5.593385695059042151e-01 1.184304038107320656e+00
1.093136388669589065e+00 -1.229245334181263027e+00
3.991997736284161880e-01 -9.715877108012365149e-01
1.098729679970495976e+00 3.342247494766684701e-01
6.705265745192132698e-01 -3.828311958952638205e-01
-2.764505948782385314e-01 4.985977282929239807e-01
-2.983246568205358829e-01 1.284970224281003048e+00
1.192793518448426182e+00 9.529245877460662539e-01
5.713666363501433976e-01 -4.681554246270577258e-01
-2.594599977551023673e-01 -4.380782687493429695e-01
5.550413682906207846e-01 -2.656053927283294480e-01
-2.174091569905075794e+00 -1.944575374480414232e-01
-7.055744506979321207e-01 -7.261679103743627905e-01
1.908400074134399160e+00 1.392748911774893017e+00
1.379660688101320920e+00 8.447190870112907257e-01
-9.703966361242345462e-01 -7.718245416453936025e-01
4.867998121316079452e-01 1.105856572417842187e+00
5.597861526233417484e-01 -4.351981026178001755e-01
6.580134906501011738e-01 1.439175965586322103e+00
-1.351955554486473421e+00 -3.106588366074268248e-01
-1.387974944660636811e-01 4.732985381699960636e-01
1.489052224127128225e-02 6.427429349840270145e-01
-1.218074966513675861e+00 -5.043882921354716498e-01
6.245739874394096169e-01 -1.479764623585553718e+00
2.723150947030837932e-01 7.147149134226987721e-01
-5.365880541358146738e-01 -6.183884341239699323e-01
-1.655676652019028305e-01 3.718499515259974797e-01
7.786433368242837716e-01 -7.339268649686357671e-02
6.156481309108349231e-01 1.018537235441060229e+00
-1.260231516260335582e-01 -2.680387389983345803e-01
1.388755520282409228e-01 -1.990225645161636248e+00
-4.497422223689685056e-02 -1.999367925787961076e+00
-6.229452645789310683e-01 1.749821594584922979e-01
-4.450086887883437092e-01 -5.724471442512004682e-01
-1.101738239185737767e+00 2.428662969865986176e-01
3.588968051460412201e-01 -2.555682955814711499e-01
3.325928310900442830e-01 -5.154858574161405582e-02
3.566470859456468134e-01 2.308444455957194344e-02
9.193358458231547514e-01 3.813471889854513353e-01
3.453232099289396673e-01 4.606911217263656155e-01
2.184713944492612525e-01 1.997186012821698720e+00
3.313924048901570503e-03 -7.642446668394500264e-01
1.351357436185018912e-01 1.044832263431437758e+00
-6.124768373233366869e-01 2.088618156052974850e-01
1.315987850927484160e-01 2.086916508500844980e+00
7.653446782697687079e-01 -1.272665114586096990e+00
6.111219190730020623e-01 -7.519806680638810858e-01
1.124128597278710284e+00 -4.357830329485257170e-01
1.087109201488845711e+00 -1.434873261499551855e+00
3.871499447483061629e-01 -9.477352918199410947e-01
1.235743217777647507e+00 -1.877431267593695718e+00
