1.888542286498778588e-01 -1.344457426303021785e+00
-2.549169238882340149e+00 -4.382441168978637447e-01
1.163024175839445062e+00 1.686067589563532865e+00
1.021221508852269366e+00 1.949452349704849485e+00
-1.016233530385369788e+00 4.424976644909884849e-01
-9.437042399599978593e-01 1.930537354725376520e-01
-4.239447956387885630e-01 -1.268646116583191930e-01
4.779301352751687548e-01 -6.470485586003372758e-01
-2.588104093402286351e-02 -1.506101454725620847e+00
-3.005501466689493584e-01 3.204094339046709844e-02
-2.320227366419471693e+00 1.395007301863366633e+00
3.224403676958780274e-01 4.562569531709281812e-01
-5.268826369777418472e-01 -8.320391679484809289e-02
1.742959308978681843e-01 -9.835485171165415652e-01
5.548175904866272656e-01 1.051436696721021802e+00
1.156123037818342691e+00 1.093203672203021393e+00
5.018067146673817203e-02 1.126828105190785800e+00
5.030405100428568810e-01 1.102800230311349994e+00
8.293738438586445438e-01 -2.082466694013714315e-01
-8.188067157052972278e-02 6.165920442137386992e-01
-4.123486401723718275e-01 1.151726439877843289e+00
4.278653742223354484e-01 1.787352114248765556e-01
5.318983754955343146e-01 -1.459888869851411419e+00
2.462239702512372119e+00 1.143443233719731555e+00
-9.756946477418090291e-01 4.351999716189118850e-01
-1.204984027599287133e+00 -2.652680124726698452e-01
-9.078023881853471144e-02 5.605518926016286319e-01
-2.747412903882203494e+00 9.514429826272773338e-01
4.449572030523990529e-01 -1.549712640876747871e+00
8.073879335375222510e-01 1.790271584227326462e-01
2.565768557110693626e-01 -5.936660344551097923e-01
1.052030384959888210e+00 -2.045671832895876452e-01
2.143458955303630287e+00 -1.466657758730557148e+00
5.331573509785908493e-01 -1.167853830267193693e+00
-8.651164019764886470e-01 -5.339435083895767153e-01
2.490514486100453839e-01 1.765466326866751978e-01
4.119892481384995753e-01 6.421210951135131184e-01
-1.214707615148227227e+00 4.617604733039176734e-01
-8.488479745616717143e-01 6.135472529253118701e-01
-7.110383938424927885e-01 -4.850080679013421547e-01
-6.414314363096150773e-01 4.403418007534011247e-01
1.153154371903269970e+00 -9.505714234499429427e-01
-6.233808889476647463e-01 -1.807353979000190236e+00
5.262767944139501441e-01 -1.977196336991818404e+00
-1.259542909727455751e-01 2.934961566937667743e-01
1.071195237615473639e+00 4.160551152402635067e-01
-2.743166632865466359e-01 1.130883468047218399e+00
-6.885249592058910739e-01 -5.602985263168651642e-01
1.163439006235733375e+00 -4.536253648091102542e-01
9.793441799969815342e-01 -1.682372757957866671e+00
6.815449073982486894e-01 6.167066224411199560e-01
-1.867531330496930764e+00 -5.915822665323714480e-01
-7.085933783524503426e-02 -2.923141212604891681e-01
1.792333389892876827e+00 2.332859453695166341e+00
-8.577250006171903696e-01 3.959806276714179507e-01
1.205800421816758533e-01 -2.273226727012342963e-01
