-9.258863589144054052e-01 -9.260284756993496513e-01
1.795171061401612311e+00 4.927826566365527960e-01
-3.597701021537523247e-01 -1.725716779468288165e-01
1.483894223208193974e+00 6.474599144931973971e-01
-3.521893812627080456e-01 -4.024973372721821208e-01
9.177423901393312322e-01 -3.384457529191158276e-01
-1.107622786908613044e+00 -2.117541024529101257e-01
1.331229137600434376e+00 -1.015954724280785815e+00
3.230263258436578133e-01 -2.502842893064591290e-01
5.827659058591876801e-02 2.411125748946830183e-01
-8.122521342686364054e-01 -4.686217486326703097e-01
-6.277839379269793685e-02 1.458522137044461209e-01
7.528280969219545149e-01 -6.279680384509270796e-01
6.538469271515002790e-01 1.110034094804963178e+00
6.514322399004066622e-01 -5.759272954374782677e-02
4.475764048602037803e-01 4.394665515930593069e-01
-3.592916917124486242e-01 8.988827563057243397e-01
-7.636459154904001734e-01 1.595615371734793619e+00
-1.814573292821177075e+00 -1.122683967628268276e+00
-9.715812500088449877e-02 1.092379454048297172e+00
-5.542214385652954878e-01 1.095802092595347554e+00
4.379764103229591421e-01 1.513061326608744706e+00
4.403403572852344627e-01 -8.441999146614722616e-01
9.261823472491360620e-01 7.697760576725579673e-01
-8.892432726955726841e-01 3.659691329202256482e-01
1.572303355113205070e+00 1.286214779236282357e+00
1.493220723907006664e-01 3.973543973139519458e-01
-9.263224893626579304e-01 2.113853333459525183e-02
-3.452386966470185614e-01 -8.438977837020489314e-01
1.491527168696276384e-01 -1.032785095705383460e+00
9.971764243741184641e-01 -1.244162116261802620e+00
-7.265214644276158928e-01 7.676082540882392391e-02
1.767843179066199921e+00 -2.355151608730380985e+00
-3.324629722868009396e-01 -1.732912645532573404e+00
9.189159116275197325e-01 1.377198883309470601e+00
-1.813698586458923678e+00 1.170348077480973359e+00
-4.487684243195383949e-01 -4.019458481888295576e-01
-4.507353698777174511e-01 -1.574591706957680637e-01
-2.645094014093860579e-01 4.546464400140456386e-01
2.322628195049523114e-01 9.129811539317521651e-01
7.362814483065022175e-01 -7.084127833056123036e-01
4.496568583517305262e-01 -2.008126733071258219e+00
-3.213816565789361368e-01 1.806765274400180088e+00
2.022911421179713898e+00 9.749968761505898307e-01
1.392224341710223134e+00 -2.616018382268175402e-01
-5.295663793012191922e-01 -1.392344690124523776e+00
-7.374776558445367280e-01 7.482204988163814185e-01
4.491619012698712110e-01 8.148058586386124347e-01
-1.415390838037122068e+00 -4.992789921319000235e-01
-1.148925916858415830e+00 8.042917170752291733e-01
9.790790634061499187e-01 -8.135767029177219944e-01
6.171318287289988269e-02 6.438126658597765894e-01
2.369350573592061970e-01 1.267181905223082161e+00
2.081513454042211997e-01 -4.461680694863782715e-01
-6.418366644351176653e-01 -4.440693037832952883e-01
-3.081090102797252525e-02 6.091327458494625313e-01
