1.602329477717848949e+00 -3.786257088111707469e-01
-4.836793302434078679e-01 -2.946822477546255370e-01
-4.746144715932076874e-01 -7.908100632979901956e-01
4.204723746583292204e-02 1.390811761073451169e+00
-2.580422197381817551e-01 -1.385623773810934267e+00
-2.660731258554525969e+00 1.311521348246486030e+00
5.094663408250529324e-01 1.807156482976124412e+00
3.454916382083897952e-01 4.663268541318630334e-01
5.940449877096162790e-02 -1.389426011923535764e-01
2.132196138287560053e-03 -4.250299798769930915e-01
-2.621728253282634702e-02 -1.641906492970651721e-01
-2.265223547986821018e+00 4.731368772485533003e-01
-1.558876742471600130e+00 -8.814493855599011551e-01
5.328423023935531244e-01 -4.842868973529596555e-01
-1.454505743259939532e-01 8.212877661223707548e-01
-7.712966085911040492e-01 7.818504887719477381e-01
-2.986333136961993526e-02 1.466551519070809384e+00
-3.863416861931957547e-01 1.626645421211988296e+00
4.117702063593464135e-01 -2.038567287131158590e-01
1.609513211436034708e-01 5.646886083422471003e-01
-1.033042868943733872e+00 -3.184495895143047428e-01
-1.011820443836951994e-01 1.526798935780182997e+00
-3.835743599743802190e-01 -3.899652524176739354e-01
-5.060199724051213099e-01 -2.609348656411861977e+00
-1.242164902251284425e-01 -6.282877404310020786e-02
-5.066991009113349653e-01 -1.821288106875809998e+00
-2.634343969778818462e-02 -4.674070895690501382e-01
3.975637876682336924e-01 1.542341049105450779e+00
9.721114992062720450e-01 -1.937707960944153207e+00
-3.712292473195976106e-01 7.391673168739000543e-02
1.704257612590285964e+00 3.212663641503485934e-01
8.311369027976620583e-01 -1.361445435223788136e+00
-1.934812740817692056e+00 4.881385461220374977e-02
4.846101822867477510e-02 1.444619333685548956e-01
-7.883374109091675352e-01 -1.009925111906180839e-01
4.382229804651995297e-01 -1.493097351807184836e+00
-2.891887294733812008e-01 7.987560808014260161e-02
1.337175480019155538e+00 1.576548940273557298e+00
-7.776842447334371133e-01 1.806846303210264126e-01
2.954339956027962621e+00 -7.096508206749984060e-01
-1.875558582268573637e+00 8.809399995286210094e-02
2.835668565669381413e-01 -1.356567131472822263e+00
1.085257068643415534e+00 9.324371478463941987e-01
-1.064169036082313502e+00 -7.575743122619098546e-01
-5.149534704145010133e-01 1.104087771921302474e+00
1.731656661959521282e+00 3.125782759686075996e-01
4.094379867379286941e-01 6.739522734739691323e-01
1.706352839464110538e+00 1.028501910352805027e+00
-1.266414283761904791e+00 -5.328029379843870483e-01
-1.300023713525339186e+00 -1.458344385670121923e+00
6.176229490179777626e-01 -4.452582131879178617e-01
-5.699130193898843677e-01 -1.560448837156314550e+00
-1.936088929882051168e+00 -3.867724932929513804e-01
-8.423856770728392895e-01 6.130835266502703274e-01
1.071604504679711696e-02 -4.829331810185082396e-01
1.124427843033158014e+00 -1.446933721343812929e+00
