-5.407011165538724157e-02 2.839616038608821502e-01
-2.364332549586418714e-03 2.685215733782269631e-01
-9.679860861838560648e-01 -3.651627730041568376e-01
4.202362985305051479e-01 -9.372432233154934789e-01
8.030913811492360610e-01 8.840391161692836564e-01
1.784971064994911538e+00 1.151435723503051012e+00
6.381755801186969057e-01 -5.607856317836493742e-01
-5.688008146541799759e-01 -1.244603031404982296e+00
-1.137786953274983137e+00 1.133459535141563057e+00
-5.779831731409418305e-02 -1.466156142767957471e+00
1.401868362067983376e-01 -2.282601930129074252e-01
5.567766249235245324e-01 -4.182521360330215265e-01
8.432290553669219424e-01 3.737592509939980379e-01
1.328345489925526757e-01 -5.835888018544408418e-01
2.922126444305431225e-02 -2.614875595816499310e-01
1.388629726777611317e+00 -9.079667916404425831e-01
2.399873860725150188e-01 2.051145546989529667e+00
1.731780290863834892e+00 1.157481666950686661e+00
-4.816421568156407096e-01 -2.287645968926345641e-01
-1.118170764115044236e+00 -1.742806982947718630e+00
-8.860842398882475823e-01 -3.346790947537382488e-01
1.591984776765575482e+00 3.753116147896824739e-02
6.074986508933900575e-01 -1.179752911063450149e+00
-5.024508566791517916e-01 -1.859656717961592765e-01
5.302553170321472331e-01 2.153735997390938017e+00
-5.992529569070157436e-01 -1.914055622284467795e+00
-3.654684153620285647e-01 1.292121587725379106e+00
-3.888562326394715551e-01 2.532750823078728786e-01
1.293660863341616896e+00 5.352332395648253804e-01
1.514174734417880752e-01 -1.247280382983530833e+00
-1.736897083121320851e+00 -5.658020699101666828e-01
-1.604843542518387345e+00 -2.003867289968125576e+00
-1.887162446544361771e-01 -2.539479404255812756e-01
-3.223010086282985243e-01 1.048667745898802739e+00
-8.956289266379466874e-01 9.570030883040542280e-01
-2.002880603256923742e+00 -3.559507697904624179e-01
2.320542833751962908e-01 -9.159494499464043704e-01
6.209085006291267250e-01 7.073798556105349855e-02
-9.926908430553766927e-01 1.874990626310889599e-02
6.123315318185008627e-01 1.256568302849301322e+00
1.482614646441615225e+00 9.152178654158015236e-01
-3.000933466555995577e-01 -2.356224011064989021e-01
3.436321299474656699e-01 1.890075240621388764e+00
1.188558009460651599e+00 -6.362570274110646018e-02
2.051513591200560871e+00 1.287702235309053478e+00
-6.602825466666897292e-01 8.503294556798522974e-01
-5.094157550103286525e-01 -1.247399213804029738e+00
-6.680132865484769145e-01 3.048614610788089596e-01
6.841061290516503579e-01 -4.654613833143897428e-01
-7.630562915522189071e-02 -4.850038992653096792e-01
1.702999966324684644e+00 5.742428211140145899e-01
8.178779824088445727e-01 -4.862311090313718998e-01
-2.113837717455824716e+00 -5.832194983806462257e-02
-6.702158636041418704e-01 5.740987464237711224e-01
-7.504117566586798738e-01 -5.719061478209506166e-01
-2.766926529324844619e-01 -1.989288550460769356e-01
