-2.180212512371632272e+00 1.700311259916412465e-01
-4.264524981324072095e-01 9.499401924459458524e-01
8.417355861201535339e-01 -9.806549861806299617e-01
6.452058768487414220e-01 2.048185269719406676e-01
2.224059576687461348e+00 -9.036855211391335851e-01
1.002890793376694623e+00 2.019220047507789051e+00
-9.776527959498694520e-02 -1.181202446987657639e+00
1.536516781117127195e+00 4.077501376578128722e-01
7.992936636931194383e-02 -2.826570908290748085e-01
-5.706499877313104818e-01 2.058570046635279649e-01
1.376968660006420597e+00 -2.721678850519261839e-01
-1.346944334385231423e+00 7.434969086315581510e-01
-6.626854825125325643e-01 6.631045915726020423e-01
5.535065140847729159e-01 7.305142829825351375e-03
2.810336468333027860e-01 1.385197657816723549e+00
-2.393643582871350706e+00 1.451948623151586126e+00
2.291127300995120297e+00 1.956393688244848938e+00
1.731069840624768486e-01 6.037026660549086321e-01
6.077265662085474807e-01 4.412064847539438062e-01
1.061735502556463651e+00 4.900579995641153319e-01
3.770083609372168465e-01 1.540195494303333135e+00
2.369195506162154796e+00 -6.098318305234234904e-01
6.751781717490837886e-01 -7.727511672786208097e-02
6.404581534874130844e-01 3.660449396962335844e-01
-1.185030088884149180e-01 2.518247335468933867e-01
-1.084234533143041634e+00 -2.003308322603491121e+00
-2.885802476926981885e-01 2.613285214870332274e-01
-5.667513929382349547e-01 1.190807597719966804e+00
-9.188413744015317963e-01 1.446827833493655513e+00
-1.399829673410080411e-01 -6.216793091154275697e-01
6.079531150372412263e-02 1.407120611171709390e+00
1.416892710896176279e-02 -2.133942019688393754e-01
-5.372651167763224933e-01 4.046209413924565026e-03
5.302852326483902257e-01 -4.027846440768572123e-01
-6.981072935312380157e-01 -2.372056257616663277e+00
2.179426291626457957e+00 -4.877173249007349942e-01
8.305458614237931636e-01 1.356443964331122798e+00
-5.028255257107510090e-01 1.630212945026376703e+00
1.251996131823946534e+00 1.838859764511850958e+00
1.426189342272799809e+00 -8.860796265541607264e-01
-1.387519940915709737e+00 -1.695147677084311910e+00
-7.020317076965344461e-01 8.961153884007124759e-01
-1.240643470008996552e+00 -3.800409884946752415e-02
2.252397594275022119e-01 1.703321851819700194e+00
-1.240229624182515164e-03 2.321123375269732170e-01
4.235712392675919924e-01 -3.269343456445509277e-01
-3.145728013902855391e-01 -1.898539800871844152e+00
-1.620008102821624218e+00 -3.853065375819645366e-01
-1.929822392194470437e-01 3.508678632388711471e-01
-1.028746857723936481e+00 -1.883696419706506697e+00
-8.137319909212521463e-01 -1.580269143820600686e+00
-5.904829413928250892e-01 4.475292177997122756e-01
-3.867748550012538589e-01 1.240732275756053271e+00
-4.050226719815278043e-01 1.824329602702764896e+00
-5.113050386317452567e-01 -9.056267328159338659e-01
3.261356739421726880e-01 -5.234114613535675309e-01
