4.950146290636648488e-02 6.107909069121308931e-02
1.300045649755992461e+00 -6.738130914191742260e-01
2.242823671710632016e-01 1.218913553855708320e+00
-1.151660345784983219e+00 1.010180056965589435e+00
-5.801211158499154363e-01 5.567588974271174829e-01
-1.226144509303401381e-01 -1.100317417601931913e+00
1.575826561216509880e+00 1.020730316572622032e+00
-1.145935131770206006e+00 -9.985768584480074761e-01
2.337157900308179048e+00 -1.351549928193452876e+00
-5.324595703736121483e-02 1.459868082825242164e+00
7.359383040851390501e-01 7.916445590958140488e-02
1.828911320115752526e-01 -6.463840173434738379e-01
5.620411268789039516e-01 3.434445641528877657e-01
-1.136505664390356163e+00 -1.803188951157445874e-02
-6.225634830362146710e-01 -1.192174611407766260e+00
6.647925649162357287e-01 -4.575563437329029370e-01
-2.034029307176084433e+00 5.228982188547718485e-02
4.361794290163837906e-01 2.178698439605882831e-01
1.338455278618432054e+00 1.044009935777509446e+00
-4.494993320040874263e-01 8.285355064300523598e-01
1.640956854019580247e+00 -2.797136989190620038e-01
-1.784521003017323360e-01 -7.210845380301479368e-01
6.296492971814200423e-01 -1.019756061943503989e+00
6.635918975870613856e-01 8.912630063793107460e-02
1.706789380814722756e-01 1.214492876019759443e-01
1.249907966229242967e-01 -1.008198473126944217e+00
1.069359334021234620e+00 -7.659689099443237614e-01
-4.037658332848815257e-01 -1.623616532498658893e+00
8.921850800332090659e-01 7.184636881943858022e-02
4.161534742011425286e-02 9.823146603310990432e-01
5.121887379921975514e-01 -2.397034628413528878e+00
6.225436637522456795e-01 1.310653842013149717e+00
1.675922891474675547e+00 1.156762704668274688e+00
-3.263290460525970493e-01 -2.032215791511446046e+00
-1.954341067129919063e+00 -1.182254994426487293e+00
-1.893205204924668650e-01 7.787519225015282487e-01
1.109950910234417387e-01 -1.084464664655005794e+00
-8.039730157362490193e-01 -2.152980569256641274e+00
1.756714262161717555e+00 -2.112200602495761803e+00
5.043428035441597235e-01 3.142472985272177777e-01
1.990576871246758861e+00 -7.410429881316622780e-02
2.733438213604868494e-01 1.028858415365902834e+00
1.040950186104536268e+00 -9.513239518779456061e-01
7.715516929450689787e-01 1.853420111181112162e+00
-1.752799397680590843e-01 -7.302851822050030473e-01
-8.094552789686744187e-01 -5.611270764025543256e-01
7.893558881409604711e-01 1.023195086485950034e+00
-2.513616872035593364e-01 -4.896414746533958029e-01
-9.537410890688606813e-01 -1.022511430430166346e+00
2.221141808682172591e+00 -1.740748190307335186e+00
7.246772831584480379e-01 -9.720245219831459282e-01
-6.946321402941563194e-01 -8.722929802698095592e-02
-2.711746844158096637e-01 -6.080211109955596660e-01
-1.823788739029055250e+00 1.857879737972186751e-01
8.933264044135803550e-01 8.535586870139577620e-01
-5.103890685899326041e-01 -2.597063898659748848e-01
