-8.212421639657196959e-01 1.526890770732898875e-03
6.817154507244774786e-01 1.223264444213944424e+00
-2.018152049873432663e+00 4.865607134085894042e-02
1.115095654667328962e+00 7.100527175849632444e-01
1.204149559078381004e-01 -3.196424924763244801e-01
-3.133879218401847688e-01 1.709931222898477099e+00
-5.014004970222596391e-01 9.013911369452658473e-01
-3.948471900076409580e-01 3.400416207047329276e-01
5.269517343322656089e-01 -1.793363823809888125e+00
1.617991290761688461e+00 1.545753453732780780e-01
-7.451167772870269657e-01 -2.046473111164573075e-02
-1.143572041990260191e+00 -4.228784587593879124e-02
2.262560341280289433e-01 1.928220457882892647e-02
-2.946185661624458468e-02 -3.300930402980558065e-01
-4.150521584800884178e-01 -1.628625044729243299e-01
-1.070843782793941878e+00 6.300862510527356353e-01
-1.626697578094245200e+00 -1.250222994606662308e+00
5.824042046452365673e-01 -1.134581352215384253e+00
1.856520069577045851e+00 1.994413073467404263e-01
8.417669267949816625e-01 -1.966837683307912366e-01
-1.563605128737870720e+00 -1.590160250762025163e+00
-5.962272592981034958e-01 -6.772306689955976955e-01
-5.366112331440167083e-01 6.614745389054272895e-01
-4.523822738270574795e-01 1.680970812312836127e-01
1.128747774989373953e+00 1.543273484903661535e-02
4.054493389450384289e-01 1.491370761432612158e+00
-1.181042079954771395e+00 7.438825935288010394e-01
1.802303564162533178e-01 1.078952494606227885e+00
1.004285498650424602e+00 -2.600168318439904369e-01
-9.987859111184487215e-01 1.167616819805778750e-01
5.646870213711303599e-01 -9.409633660897288865e-02
-1.145008921272993252e+00 -1.116512874020159529e+00
-1.135328985837300797e+00 2.051864697742686594e-01
-1.803317362331807949e+00 1.122337424290508201e+00
1.383854330573610625e+00 1.109134037335028022e+00
-1.381393369316099351e+00 9.917394022204655268e-01
4.157942370769562856e-01 7.789926066128841087e-02
-8.011916622082169981e-02 -1.064977464737208335e+00
-9.408926400748827135e-01 -3.027158065220187932e-01
-1.808152400702615070e+00 1.708209745088096476e-01
-7.797125736739471957e-01 1.140453273431420861e-01
-1.546121807589062314e-01 -9.924727060043618820e-01
8.754026298824530983e-01 -6.154409561794178529e-01
6.394490430551678095e-01 -3.731867181434523895e-01
-1.329080108735201382e-01 -1.878127951178460431e-01
5.711819822229549093e-01 -9.234599058519011860e-01
-1.066617061088581453e+00 -6.932633273335625512e-01
-6.375139985016137212e-01 1.080310200242529328e+00
9.718979310979457553e-01 -1.142433759700757667e+00
2.469407720863408540e-01 5.229874974417098032e-01
8.227981824931632771e-01 -1.995184720636507869e+00
4.436133281054280286e-01 3.544375065607334174e-01
-7.345470974733914193e-01 1.333262881674017075e+00
-5.048975486468880725e-01 -1.620160847814288374e+00
-1.384001076431099764e-01 -5.838092674375411351e-01
-6.856906375081685268e-02 8.164512391689013882e-01
