-3.930594953662660540e-01 -4.444235177843634532e-01
-2.543813087209360724e+00 1.006736623881500758e+00
1.189871844857552263e+00 5.869611381195801725e-01
6.504057517225145801e-01 1.256635173459044463e-01
-7.495172902681666027e-01 -1.512165210660397774e-01
-8.252710189958719633e-01 5.279093303858520825e-01
-2.736848920038006838e+00 4.685935213600943561e-01
-9.040355783253823940e-01 1.338015620432846386e+00
-1.111238452293295653e+00 1.947848019255307983e-01
-1.164556080833593965e+00 -2.331489505295198383e-01
1.757950019960233257e-01 7.696123796144925810e-01
1.186666365489559977e-01 -2.649117014393088110e-01
-1.094825167392047133e-01 4.643130855622974451e-01
-2.711982677053141333e-01 7.166876120978389608e-02
1.303202896591656001e+00 -1.201507319266408746e+00
2.148767744139679525e+00 8.144161082488825532e-01
-2.308079668380615956e+00 5.735269996857075281e-01
-5.753365118765135788e-01 8.984812591674962157e-01
7.299242051239565043e-01 1.203027885133295533e-01
6.225781132425730613e-01 -4.382535753957534919e-01
8.611408921376600967e-01 -5.826840566081777917e-01
-2.064351815915252519e+00 -8.552648858915458119e-01
2.901761979023756433e-01 -6.971739952297951737e-01
-5.007852846994881313e-01 7.101121799673956181e-01
2.320284234950907021e-01 -1.665524852248734478e+00
1.222281566761126426e-01 -8.734814106921693355e-01
-9.517872766782679017e-01 1.363649524884059883e+00
-9.370253863750797052e-01 -1.004817683812763374e+00
4.395488576532372016e-01 9.178963568032426634e-01
-1.180393748265419207e-01 1.293831989610876088e+00
-2.331631000127855735e+00 4.256327983765414991e-01
2.200761453063960094e+00 3.993956881016655913e-01
5.042026734006588296e-01 -1.078621885311210393e+00
-2.110144401164658845e+00 1.177129895434544160e+00
-1.310899879642961396e+00 1.305385531827082168e+00
7.144487363596642160e-01 6.827286356713020421e-01
7.546108761669571841e-02 -1.308773615460335771e+00
-1.587472458725210256e+00 1.428131514132664703e+00
-5.369422904752099157e-01 -5.581386794478554458e-01
7.579893926881032806e-01 -7.320885901338899382e-01
-5.144880669584321886e-01 9.052986905468871637e-01
4.640447573214275256e-01 -1.064014973037904710e+00
-4.576732947856393952e-01 -2.235720518329545603e-01
3.353649972256343426e-01 -1.816649863172097090e+00
2.718395621420612862e-01 1.199607670592576003e+00
1.768705437414277659e+00 -1.731360402748638450e-01
-6.703457361355734667e-01 -7.705987703437037206e-01
2.215751550685101101e+00 -1.394170895354641670e+00
7.978320642070754198e-01 -5.381980918506695799e-01
2.089216801334337625e-01 -2.414344450487525551e-01
-6.450045378569647936e-02 -6.114566650948146664e-01
-7.314202211058173919e-01 6.569503310504437588e-01
2.058703198706119397e-01 7.758019624599275799e-02
3.995127584960536660e-01 2.124712347562633941e-01
-1.555233263909876762e-01 -7.689757790849994779e-01
-6.056717912570757090e-01 -1.681089213513576652e+00
