2.148191409938239038e-01 -1.029988638314222327e-01
-8.600172201094243851e-01 9.964471895740621976e-01
1.667992725484267025e+00 -2.448927761960869309e-01
-1.138535901939626171e+00 -7.960352495098500514e-01
-4.916860555806140676e-02 -9.366464813609146622e-01
-7.599274165815153026e-01 2.212063315259440721e-01
6.209741170666643884e-01 -7.966137816646211289e-02
5.364789649282604156e-01 -2.611246187671326102e-01
9.291577554608632106e-01 1.574258731800468158e+00
-4.932458156888323009e-01 5.529118332749856091e-01
-8.458428750739840352e-01 -6.310348765995742459e-01
-1.460738177105938673e+00 -4.785130159324829102e-01
-1.022758391019133566e-02 5.063777704880826347e-01
-8.037856974702876078e-01 -7.109633162700387254e-01
-5.872271479465559496e-01 4.681676915959591678e-01
5.733256454376428612e-01 1.917874179496701637e-01
3.004652659010428536e-02 -2.446088585415736871e-01
-1.235303340249933879e-01 7.594692402113589758e-02
9.277117969760713123e-01 -7.275568440133602932e-01
3.156096477296355118e-01 4.076525516174882569e-01
3.365182215245337560e-01 2.814372951135780121e-01
-3.864739693164134099e-02 -6.012982564954979514e-01
1.120750280496381590e+00 5.658645789958864913e-01
-2.998298389709705525e+00 1.311762879175969898e+00
2.800927719803827931e-01 6.348402510401968124e-01
-1.779565684186622254e-01 4.018211565538238883e-01
3.217413389802361579e-01 2.727670545665862867e-01
-2.108108547507894670e+00 -1.594844651601110108e+00
-7.940360118675013901e-01 -9.196325351780186841e-01
1.070484762025123993e-01 -4.825770474816273858e-02
3.890338942223905971e-01 6.877895199777048774e-01
6.544011647950013222e-01 1.084710502632295348e-01
7.052769048029175480e-02 -1.409745295156230871e-01
3.062799053342750155e-01 2.949489070967796223e-01
7.451282104562703124e-01 -2.144040166337906617e-01
-1.910216812245486839e-01 2.171552185214583874e-01
-7.686532962991153850e-01 6.372688629198453025e-02
1.077173712609114098e+00 -1.125113028557230610e+00
-1.825948856293632128e+00 2.228349159920711697e-01
1.470548203194186332e-01 6.967041802633248959e-02
4.337232267881349634e-01 -4.523811677380941421e-02
-2.472083460678586586e-01 3.583924565714481369e-01
1.823600572631815242e-01 6.090310498112364579e-01
-1.317548630206381022e+00 1.432512958790023161e+00
5.950593083085293361e-02 9.114926550951315543e-01
2.428267755136806760e-01 1.241869431372265131e+00
4.817241467497410112e-01 -1.022979761810684618e+00
6.322192923637172113e-01 -1.507146226860045513e+00
6.885802635990219134e-01 7.013589246581042325e-02
-5.186838576590032668e-01 -1.564929221311837093e+00
2.731446127178041583e-01 2.280360728931703829e+00
2.215121007456364588e-01 5.062146289877546002e-01
-6.136330842510925310e-01 -1.346543422057830064e+00
7.148553187790951391e-02 -5.976905198530858832e-02
1.089307386670357758e+00 -7.554853300688424422e-01
-2.771924293886171911e-02 2.101019312581326126e+00
