5.276799904362184934e-01 -1.367409685652081874e+00
5.665718827560046744e-01 -2.305054547890077188e-01
-1.607374598883438921e+00 7.802418795811091323e-01
1.058290158068288633e+00 4.324677975926718987e-01
1.037741995929183231e-01 -1.118404650405328216e+00
1.460990106481084572e-01 -7.464464870517201200e-01
-1.458727210831793464e+00 2.307851454311131700e+00
5.149097545474819182e-02 9.371817420751917815e-01
-1.028430448665130115e+00 3.503603864326483297e-01
2.512446229807156151e+00 1.104472919962156130e+00
-1.098255543369936804e+00 -4.664878382399688106e-01
-2.337352553625818841e-01 1.513952550783564055e+00
-2.932063694408417298e+00 -1.217746567401306601e+00
7.812021838605569535e-01 1.675595053371817245e-01
-8.421885461352799362e-01 -4.646263683164410518e-01
8.386469521666637394e-01 3.739762909064600072e-01
1.750053262429003054e+00 -1.748041255842649022e+00
-1.484215043598896777e+00 3.190514708159267188e-01
4.051269797046055388e-01 -1.116579062754442964e+00
-4.152217496211465519e-01 -1.052332588054601281e+00
-1.079147413652009835e+00 -3.182691247331577711e-01
2.181489992554776648e-03 9.014256463660365037e-01
-3.982299266772720281e-01 8.658849385510570817e-01
-1.264798174585278767e-01 -1.712949290238915179e+00
8.882618723856653409e-01 1.408677314562234217e+00
1.589780817607699959e+00 1.430054416766587622e+00
1.008295389552854804e+00 1.341188069834273966e+00
-3.886558293401299324e-01 -3.481280997876789463e-01
-1.579841705983802358e+00 4.022769411803457928e-01
-2.754761979102118841e-01 -1.562728748823974056e+00
6.389727349947158519e-01 2.940791464124015153e-01
3.773062127836566138e-01 6.798185056432101137e-01
6.148390584142890969e-01 -3.505583468445641060e-01
3.764496162865031414e-01 8.814238029754651871e-01
-3.003143041399794488e-01 -1.604787864057841684e-01
6.497229019661009408e-01 -1.556277321147111925e+00
9.904580462686106701e-01 7.835737295662761337e-01
-1.171825400225186886e+00 9.372336565479398585e-02
-1.697661688677186032e+00 7.143498891666572037e-02
1.188513838415224955e+00 -2.420535826272299573e+00
1.442139793696834982e+00 -3.131817272971897936e-01
-6.700699923512762890e-01 -1.754712722537284053e+00
4.832487821380894166e-01 1.252011849078211281e+00
1.498989070130409829e-01 2.194098903396784761e-01
6.878822485362286188e-02 5.895518648383757387e-01
2.241372892863460753e-01 -4.501560567298718354e-03
-1.195567526922516555e+00 -8.342535125851670008e-01
-4.924158708924857714e-02 9.159336766338728453e-02
7.054419397157574156e-01 -1.300535637147769208e+00
6.848694096222627259e-01 1.429095409522661120e+00
-3.642115343171074549e-01 -1.208615826030916107e+00
-5.323795073611630180e-01 1.256992861443801957e+00
-3.975460078163960409e-01 7.432945517047646888e-02
1.649964292340748040e+00 -1.546996118130629760e+00
8.984735614317933550e-01 -1.293566459175876426e+00
-3.185447431906851534e-02 1.332992513030312853e+00
