1.267380263395671669e+00 5.796456320632166481e-02
1.097744662173394392e+00 7.572352074855359660e-01
9.439598120554913985e-01 5.332540858307006637e-01
7.507874182854391565e-01 -1.448560702566752845e+00
3.423596570149288199e-01 -1.070088297332456584e+00
5.476237466593967262e-01 1.116130957982553351e+00
1.489390994174942362e+00 5.331330208579348681e-03
-6.750327595598367703e-01 2.734837782126244288e-01
4.344926460469760165e-01 1.612348618036428372e+00
-5.992876665101197764e-01 1.056054685543851394e-02
-4.243954642057579663e-01 -9.956349352865594415e-01
-5.875986278200653334e-01 -1.141924416009188148e+00
7.970741365297880909e-01 1.583755016180621977e+00
-1.075983706566892240e+00 -4.340096881589109584e-02
6.654159637826921880e-01 7.698939290203559160e-01
-1.534376378336247848e+00 4.739996975945610647e-01
1.567300196996904427e-01 6.666608368820201580e-01
-9.692435313322963486e-01 6.905525962163829856e-01
1.606488470264902935e+00 -6.503648226027920476e-01
-9.621635339512295548e-01 3.854173219010366691e-01
-3.392042347530159319e+00 2.741935484986528504e-01
1.953793997450456177e-01 -1.921817661093042195e+00
-2.064509070498914856e+00 4.303727923880208417e-01
-1.810688278030553100e+00 -2.261396941895686408e-01
-5.433892262615394042e-01 3.235872859284934511e-01
1.115859633710421850e+00 4.506025442187858165e-01
7.191049561704235260e-02 -4.360099147715643109e-01
7.547730915829309328e-01 -9.830162059341804870e-01
7.235931899642192855e-01 2.080610921059190321e+00
8.346038828392519093e-01 -2.441733079697282552e-02
1.534657340066157838e+00 -4.395805892881406440e-01
3.469540632978793115e-02 -6.712293109554285930e-01
1.470576101148864279e+00 1.688691477774456606e-01
1.845010508350746758e-01 -5.153624805404967146e-01
8.002866765373499724e-01 -5.364486323281527635e-01
-2.369212563260413851e-01 -8.771793726988897921e-01
-1.589873558190768588e+00 -2.887483705826913716e-01
-3.610035601879797440e-01 1.369847845058214331e+00
3.980077997706679138e-01 9.730690752093367202e-01
1.033259874955972268e+00 -2.310254041387911350e+00
-6.369643491540721847e-01 -8.719534112934440584e-01
-1.335620660147335492e+00 3.469807698292763920e-01
9.867479415144798649e-01 3.904626001969362104e-02
1.318740777889909621e+00 -5.038919801479193467e-02
-1.013871159208025619e+00 9.082093209181103521e-01
-7.644372388263994678e-01 2.361140712773431627e+00
4.833416076369937558e-02 1.121360484879271979e+00
2.715482495834993237e+00 3.105444692672342799e-01
7.242631060236494334e-02 -5.005120049436904139e-01
-1.716846186050459799e+00 -8.742489833740979543e-01
2.145742240311098725e-01 -2.192611988619884988e-01
-1.870732188282774877e-01 -6.648854152509739990e-01
2.096859347283406283e-01 -1.112170213205034397e+00
1.543156938290843661e+00 -1.474960296628607725e+00
-6.419884216540960864e-01 8.958444392724658201e-01
-1.431851171601489447e+00 3.754694243697986322e-01
