1.575489281229552008e+00 7.024402207830855449e-01
4.660536866998793437e-01 2.367591259534803427e+00
-1.238352523136588695e-01 6.062308487620010622e-01
-4.849388636036929268e-01 -8.426955155945656806e-01
-1.572447236385476899e-01 -3.177937636738535909e-01
-9.633909394488892053e-01 -1.032067099983125374e-01
3.727363632639536101e-02 4.804771548028012318e-01
-1.536165544007903616e+00 2.583667956567821111e-01
-1.125775766499495179e+00 1.910272631331202675e-01
5.439911397012234806e-01 -9.361183515047341031e-01
-1.050258291532943700e+00 2.735025992865898203e-01
-4.765266685957156301e-01 2.231295391641553716e-03
-4.419788549923760468e-01 -6.741002488369097767e-01
-8.162084515506826676e-01 2.047715838847080416e+00
-1.745327149178352188e+00 5.260124007647373201e-01
-1.500850714831375221e+00 1.689199226942602161e+00
9.221952681541859542e-01 -1.781321084883822625e-01
6.329594523698520714e-01 1.051362522800787014e+00
-8.084741598563360832e-01 -9.049691105494860333e-01
-8.673194749383299484e-01 4.341759588645989210e-01
-1.091378259492046698e+00 1.716017243529806446e+00
-8.214003676956918021e-01 9.229832985944171897e-01
5.221144888413450369e-01 -4.087239038488730825e-01
1.049615725613935124e+00 -1.141120308605250599e+00
-2.136145520365978490e-01 1.035038691299184466e+00
-1.421371870969657891e+00 -1.525576294399041632e+00
-1.026076074518993853e+00 9.745843872123478580e-01
-5.733971840585067037e-01 1.623500636483177217e+00
-1.046242343287619558e+00 -1.551802377479949868e+00
1.977693997972058693e+00 -1.889094189624698772e-01
3.301689391336015134e-01 -2.885434536268584038e-01
-1.114856069500138602e+00 -8.727949791416476089e-01
8.243757872428217892e-01 1.243606114673528884e+00
-1.424083100453741590e-01 2.116865216365671820e+00
-1.104061748290197764e+00 -1.128837129606183431e+00
7.450064653399190995e-01 -1.752937841682768727e-01
-1.336831435074463670e+00 3.920108482528201765e-01
-1.008248914453901524e+00 -6.322847250288395893e-01
1.373376096494452747e-01 -2.024870024460862172e+00
-1.104917983758769706e+00 -1.574858769093663291e-01
3.578221765964357814e-01 -4.339037245904683315e-01
-2.145235511535284800e+00 7.602117784134294620e-01
-1.724805450134774265e+00 -2.072629054354396150e+00
5.146480258742058833e-01 1.449175590700992888e-01
-1.030359327746453113e+00 -1.412393324653741011e+00
-5.192593915761851697e-01 -1.702134186470651178e+00
2.336999863961225221e-01 2.254379423858760279e-01
6.960976703126674492e-01 1.670446732005680113e-01
-1.360161982103073597e-01 -2.043444331804048775e-01
-3.330418444563147951e-01 6.078919147357449981e-01
-1.368576694170669850e+00 -4.934813158027601121e-01
9.719648131034900329e-01 8.067449050600413590e-03
-4.088475381443102200e-03 -7.563947859373895688e-02
-3.416483122018493246e-01 3.862421120638496186e-01
-8.121982688116342608e-01 -1.051647866852012669e-01
-4.791347736328252505e-01 9.390999884806739972e-01
