2.786570098546842789e-01 -1.420453576310738208e+00
3.130641137427259135e-01 4.953590817647704481e-01
9.534168888315922574e-01 -2.049048285388537227e+00
-6.642648512740084721e-01 1.287098059673714712e-01
3.651639973531558558e-01 6.370997270040804628e-01
-9.178560817209857614e-01 -6.907081806268385860e-01
1.326826021978139369e+00 -7.629014731430162032e-03
7.526176256072325543e-01 8.500338052135137934e-01
-3.335840470080618791e-01 9.315460026841265728e-01
1.862237992359676797e+00 6.616507728061259419e-01
-2.121163492130740291e+00 7.820941505933128868e-01
1.437663638032219415e+00 4.628484202556576999e-01
1.348006255196634084e+00 -1.348383163163136278e-01
-2.305532201734498410e-01 1.401315807276049208e+00
4.797026986161562756e-01 -7.499220048367781777e-01
-2.744523282022729438e-01 -1.361203475545837316e+00
7.665879442803491539e-01 6.432498537332169697e-01
4.495297546810780309e-01 -8.580706775964315469e-02
1.737697380094214150e+00 2.093669806456795790e+00
-3.172271673481765752e-01 1.098926789380014535e+00
1.626507033269453339e+00 5.627341908936532855e-01
-2.517141237276061538e-01 -2.027720027612580911e-01
-2.238245833485850600e+00 -1.641392938993835870e-01
6.425296881457173148e-01 -1.748519047377979474e+00
-7.002076696683808832e-01 1.093131240084568523e+00
-1.936474826929392545e+00 -1.931312787290466182e-01
1.313524048621448302e-02 1.321290766401029604e+00
-7.607765937556505431e-01 -1.475024439041435320e+00
-7.963627029964874815e-01 -9.746821144010069382e-01
-5.423918337908624210e-01 2.287398399478079714e-01
-8.574849815312146628e-01 -8.760727090747476575e-01
7.141177407755072704e-01 6.497858784426406853e-01
-1.352405546856103369e+00 -6.213011113984343581e-01
3.233838380773247367e-01 -1.095243671236544314e+00
6.402948512130315351e-01 -6.933388838036336210e-01
-1.710910729609871339e+00 -8.223317269959536935e-01
-4.046601003174061240e-01 1.599529852745273706e+00
-3.493746834870479212e-01 -1.376644791691815084e-01
1.408992682917423744e+00 5.901041408356952900e-01
3.579590597134561514e-01 2.654155288008487990e+00
-5.190374831929941979e-02 3.197375594998351223e-01
-3.219101731880495976e-01 -8.261543775438665582e-01
2.669576195289552478e-01 -3.291202426444240214e-01
-9.357025450221572171e-01 2.975392072617371042e-01
-3.524068287988751380e-01 8.684312568239656027e-01
-1.662719097141787561e+00 -4.340290506087738920e-01
-8.739647559397747401e-01 -1.689133116936752943e+00
-9.303280593865809189e-01 6.730336688469380491e-01
2.220024554002884010e-01 -1.188359995285567461e+00
-9.802233018305070988e-01 -1.297004408867208081e-01
-1.379841835885928791e+00 1.870758651357613322e+00
-1.898906341222588612e+00 1.480934180430940328e-01
2.360501638163523264e-01 1.073338821872774407e+00
5.314135825585365736e-02 -1.967784979103165632e+00
1.456154711371270727e+00 1.035062347085772716e+00
-1.376206014901502739e+00 8.961162634417737527e-01
