4.907200568655824546e-01 -1.616913582523860082e-01
-1.623721735829403379e+00 -1.853502159567995133e-01
-7.429817716679215645e-01 2.549189505697501690e-01
-1.014859733337394182e-01 5.667809636594560718e-01
-1.044279169745310432e+00 4.379063471192427559e-01
-8.664158838832880516e-02 7.688891470664445116e-01
1.952067502248333142e+00 2.242630366715413909e-02
1.892331037705357488e+00 1.122439544868564898e+00
-1.126093200594847188e+00 -1.717661904627182379e+00
5.038327730170087948e-01 -1.510001700169232075e+00
-2.843445019355917425e-01 -7.360895244124975312e-01
4.904930952383049769e-01 -5.632979970582665530e-01
-1.861925640063914589e+00 3.180400070029750226e-01
8.530350302233589144e-01 -3.293409808662729477e-01
-3.342052972691819113e-01 -1.232688944567696065e+00
8.994403875933256742e-01 -1.819706900032983313e-02
1.559964198541526903e+00 -2.557362545309779800e-01
-2.519562299265646343e-01 -9.854785948889234204e-01
1.996852072311101844e+00 -1.431337077063371099e+00
3.911185581992654980e-01 8.900082131556086296e-01
-1.136522049991220085e+00 1.723368380180188231e+00
-8.233563395624332593e-01 -1.312044808592094935e-01
-1.407259304432523450e+00 2.881550441205048774e+00
-5.165873872254749255e-01 -1.189440522173968784e+00
-6.851464658861882162e-01 -2.715569661251814315e-01
-1.811372806669211410e+00 -9.168407354617948979e-01
2.641343434729589434e-01 -1.261053127898429604e+00
6.965873088079074238e-01 -1.282509146030272884e+00
5.200444267653570041e-01 -1.127334776316151199e+00
-2.038899718716383092e+00 1.132305097368450975e+00
2.015247024997087966e+00 -1.238425696150559085e+00
8.335828473601263333e-01 -9.464599972527052429e-01
-1.688003127152554739e-01 9.534342100059663982e-01
-3.003701718443091417e-01 -9.296690980134741933e-01
-1.186886060141426169e+00 -6.226727669590639280e-01
1.372011864342506327e+00 -2.652041972252135449e-01
1.993056098842360457e+00 3.016684254265700749e-01
6.048604066324719808e-01 -5.524274024684400208e-01
1.741959422188676054e+00 -4.081888773284114702e-02
-3.020634164652432063e-01 -1.101214617153668668e-01
-3.703870065561445934e-01 1.803325700580287405e+00
-3.413084921622084877e-01 1.215219110534078384e+00
-2.161410144981910975e+00 1.768328996736980185e+00
8.119923661696998307e-01 -1.980469181073481577e+00
1.486366230207270267e-01 -1.250617830891939564e+00
-7.016369556220318771e-01 8.877137043701700814e-02
8.289101088562385033e-01 1.072063457048671120e+00
1.885948941307554971e+00 6.188343733553355319e-01
-6.230198423739082836e-01 1.741126143553120842e-01
-3.081803744383067589e-01 8.846404834464247080e-02
-3.923063203038109625e-01 -1.369941875807900944e+00
-1.559537353379298219e+00 -3.786268768716959943e-01
-5.529315625603538065e-01 1.404965503267621985e-01
-1.330997014327938155e-01 -5.516365493882240123e-02
1.562575658922823241e+00 9.053964115839092663e-01
-3.210744840426395241e-02 -2.010519691141194609e-01
