5.792907880998323655e-01 1.882195896509807787e+00
3.997866779345807253e-02 -4.327273443665513586e-01
-2.639479291391190197e-01 -1.231624543551214535e+00
-1.641269017626965643e-01 1.676332735467164659e+00
-2.853302348575120551e+00 7.044463145351655964e-01
-2.128359904247457468e+00 7.195083331612825983e-01
4.458619389285314316e-01 1.358047951518531749e+00
-4.535331981215141584e-01 -1.907382694440838966e+00
2.165923085594756159e-01 5.958596971382472685e-01
-1.794172975819234295e-01 4.611325838987153647e-01
7.407793310234855877e-01 7.890455356178706081e-01
2.299296306813998839e-03 8.640221193101180752e-01
3.503791597589916984e-01 3.903985624719137626e-02
-6.111007460885167220e-01 -1.716719576992385976e+00
8.162562684140697300e-01 -1.433650657116596894e-01
-4.815031310435557987e-01 -2.869141259827834300e-01
2.303476982093483061e-01 1.084651475803310450e-01
-1.687935962793385869e+00 -4.146691830500662257e-02
1.096789378482706384e-01 7.852413899407382214e-01
1.558233364974618507e+00 -2.757561256940959105e+00
8.662189094960716096e-01 -9.896121213356532387e-01
-9.546937052468391638e-01 -2.248371765507710229e+00
-1.036763645141202672e-01 -1.064023534970510720e+00
-3.167969148007549474e-01 -6.300998348706370322e-01
1.231614393396589735e+00 2.243411529414546024e+00
6.903557399544277828e-01 7.536241668351806311e-02
4.909275183779129303e-01 -2.001227243536704212e-03
8.165641910108483170e-01 8.048861289812851982e-01
-6.413713480456557647e-01 1.091906956250655591e+00
-2.690184826085534331e-01 6.257879827442082155e-01
-5.452280036388831297e-01 3.012968165447642566e-01
6.372999598322623971e-01 -6.919407374694830359e-01
-9.701987256316058073e-01 3.529615882185118680e-01
-1.098359749586355960e+00 -1.688661920455899190e-01
-1.427997467423802513e+00 3.721227359356385489e-02
1.440271673036948030e+00 -1.673252251898116549e+00
-4.869111123896268101e-01 4.327088864062317297e-01
1.491005847564152720e-01 -1.143219175152311085e+00
-6.257648276932009646e-02 -1.443240925467592639e-01
-9.504245938821452855e-01 -7.622317476746836018e-01
-9.228065745030931133e-01 1.517693406722546268e+00
-1.034294233840820310e+00 -1.602644749498542687e-01
3.011514642419489407e-01 5.864889904437841084e-01
-7.467457611023604891e-02 3.101925223244016150e-02
9.365272379671026048e-02 -1.048137020886923398e+00
-6.553101757437171937e-01 -3.630507890800609982e-01
2.238407253860997814e-01 5.296366503824767591e-01
-1.886591327213285929e+00 3.436864182913602073e-01
-1.450580336397204295e+00 1.195995257570155734e-01
-4.469161155766162574e-01 -2.424678423618202572e-01
7.346550045170683330e-01 -5.222686884241802829e-01
6.510851152217604909e-01 -5.682884300189295912e-01
-1.445584428481983430e+00 -1.218620315934926923e+00
-3.910228147313395963e-01 -1.064647838786817458e+00
8.553920705733211172e-01 9.363090687456688821e-01
3.831565401786760083e-01 3.474790618819277865e-01
