3.550884264278028613e-02 2.433905934101796120e+00
1.138409327516531899e+00 7.642251235125321340e-01
-1.305634457076229937e+00 -3.191026768436319716e-02
2.325739742923742970e+00 -1.072626858357958790e+00
1.490205250476286158e+00 -2.786353073532392144e-01
-5.003773349652278213e-02 7.377338744944714755e-01
2.121356355453143383e+00 -8.643593047955835384e-01
3.642385722513354351e-01 -4.910278911344387320e-01
2.364914073018337781e+00 1.430619635499683184e+00
-1.148124618930389085e+00 9.309811571366192195e-01
-2.887757531419882007e+00 -7.073928435034629869e-01
-6.393546061281385473e-01 2.240080832736005279e-01
1.344553105414738159e+00 2.213819723256863214e-01
1.166826158583263107e+00 1.337892085160599542e+00
-1.192618401959805619e+00 -1.014575791651354919e+00
2.362783018988337425e+00 2.647598958244721690e+00
-1.036066214182108203e+00 1.010496134127071288e+00
1.029762992458312931e+00 -6.657115697144204425e-02
-1.528673721642110239e+00 -2.507140704515135599e-01
-2.220100629331690778e-01 4.186965200967605050e-01
-7.547430378143765717e-01 -5.932926670794738122e-01
2.384173231602411680e-01 -1.311064920616759055e+00
1.100168360933963863e+00 4.689780322011840030e-01
-1.367805515290843044e+00 1.672896370632709351e-01
-1.088401858041164072e+00 -1.774193123058790678e-01
-6.839209471012103192e-02 6.437923795527429605e-02
-1.003083515355328359e+00 1.119932711031215389e+00
-4.008011478658495830e-01 -1.597818743338379033e+00
-1.714727519202988049e+00 8.192339802323234110e-02
-7.890303055830255596e-01 1.051418841638191548e+00
2.613458305431071160e-02 -9.205966144253264760e-01
-8.325989110514625535e-01 -2.098745432560487068e-01
6.936751275726538157e-01 -1.275029073358946885e+00
-8.741933338658983699e-01 -1.617790197825995202e+00
1.281628218895787263e+00 -1.393548991645910951e+00
-1.340305690338329248e+00 4.640025753871749314e-01
1.383248820888120179e+00 8.793755498087331424e-02
8.601988905952527853e-01 -1.871255220028207544e+00
-2.025273399204444935e+00 7.995079981207346975e-01
-2.007872205647944774e+00 -1.528838653449667018e-01
-1.868755927780400838e-01 9.329526343334724192e-01
6.782137511281609576e-01 8.574814601873541609e-01
-2.213425771774765849e+00 8.357583540274046152e-01
2.232263354775056510e-02 -6.569103867832687405e-01
-9.293874251927565222e-01 1.499131215359606140e+00
1.104869420881582798e+00 -5.864425689893802973e-01
1.197398952876690181e+00 1.413574078366043540e+00
-1.488392383833625487e+00 -1.779045809231314612e+00
-2.944032332857763889e-01 4.204548730209247687e-01
-7.719371628401271446e-01 -3.518892229585893761e-01
3.151199264985824477e-01 1.704001864792527021e+00
-1.623889091290851017e+00 -5.444152636087377095e-01
-9.372526528731921491e-01 -5.948290611016459478e-02
8.899385879849106562e-01 -1.892232094254313601e-01
1.702369779329297561e+00 -2.295160934855951851e+00
-6.738795276994019590e-01 7.520214794658099111e-02
