-1.544246792122826450e+00 -1.155166706895529721e-01
-9.996815873489253157e-01 -1.458691657881915349e-01
-9.466039054813552012e-01 1.027485689806138414e+00
7.696457124534453742e-01 6.342897533055578130e-01
-4.199454870636258885e-01 3.528849207126134868e-02
8.196084481309887648e-01 -1.403901403629354228e+00
-4.729317634837526541e-01 1.591315533860421516e-01
1.227556606605317985e-01 -4.253820099643789571e-02
3.848149482660749299e-01 6.508650775954302192e-01
3.959580402711870284e-01 -3.220460000217327257e-01
1.539169743925972611e+00 -8.625841804263445489e-01
-4.602895026231951237e-01 1.062412582855747134e+00
-1.068121814601650010e+00 -1.468256063098748732e-01
4.462295070711568001e-02 6.605222300327138196e-01
-1.236239760307204616e+00 -9.638807445095884940e-01
3.524722501798223662e-01 -1.645748642901254666e-01
-1.000356250202214747e+00 -7.470008992490884819e-03
-4.840611808168243657e-01 1.191867101651214567e+00
-7.003160921830006158e-01 -2.789013292605856953e-01
2.640648538882647944e+00 -6.813285057242013387e-01
-1.703472349951712927e-01 8.926904419176838745e-01
9.109108747603339440e-01 1.315598976825331778e+00
9.013952749795618447e-01 -8.165193070659946262e-01
-2.202108447801931490e+00 2.545161930105651615e-01
7.905076797105858866e-01 -4.998570463949606468e-01
1.525989363198729243e-01 9.719067675857562261e-01
-3.195509226529428259e-01 7.104705441497214391e-01
7.051563230172243069e-01 8.948111410979859848e-01
1.226855883970203454e-01 1.700354275110716573e+00
9.249746325769042654e-01 -7.861385656186032911e-01
9.396529615369342281e-02 1.375289932619293998e+00
-8.504165163215655909e-02 -1.688650316746507229e+00
1.534261807310909109e+00 -7.944231459287878216e-01
2.090630000900771002e+00 3.736749610594204962e-01
3.920820739489574436e-01 8.505404355390216997e-01
-1.306120567142850242e-01 -7.892710405664120632e-01
-1.345288642032069215e-01 1.558373357906181145e+00
-4.325854289913256268e-01 5.568829280322447062e-01
3.214090700472076456e-01 1.616762145398172590e-01
6.162771180710628904e-01 1.593587995566327076e-01
7.619528796477523791e-01 -1.350955009854961419e+00
-2.528099366596997521e-01 1.031218829289457739e+00
3.410337966337420590e-01 -2.223667186253148742e-01
5.141639345130698535e-01 -2.846173886968245692e-01
7.474865235090896176e-01 -5.674163860287552152e-01
2.780274263601876683e+00 6.882610733727153596e-01
-1.361214927313213752e-01 -7.699448459327282723e-01
1.333490473890144079e+00 -1.109603836804990307e+00
-2.114337967046354405e-01 1.594057433452659600e+00
-2.290301673251241010e-01 -5.838986905410106093e-02
5.542333749385741637e-01 -9.308847254359911005e-01
-1.343518703467789122e+00 8.940706711510136573e-02
-8.548538787056785271e-01 -7.143529442471525659e-01
1.011837560505483458e+00 -1.507187617380908728e-01
2.632668454981649919e+00 -6.560393585668602423e-01
-7.150542983563475952e-01 -3.637861461005945096e-02
