-7.090602166946632923e-02 -2.647615005140442901e-01
-1.614208477194159608e+00 -1.648058824752264284e-01
2.103679309456130131e+00 6.276399377106078870e-01
-4.542419044725640176e-01 3.327238137473497170e-01
1.283780187542083340e+00 -1.675598908530610887e+00
-1.128480946017862419e-01 1.139175624111103069e+00
-1.797139958587594954e-01 -2.222837411266248009e-01
1.298063462909375410e-01 7.880991996937838362e-01
-1.389612649335805861e+00 4.246779651942469980e-01
4.291763890773778733e-01 -4.781088763167863354e-01
5.256076440018117024e-01 -1.052543463507433108e+00
7.549329438530437697e-01 -8.120400634418649399e-02
1.742813402181278448e+00 -3.779933847076989428e-01
-1.095842199511185111e+00 -6.258652956245283061e-01
5.365270223023168583e-01 -1.662975418305930320e-01
-6.010352447237973239e-01 -7.074540308585614001e-01
-1.323020518485540142e+00 -3.284984729272029669e-01
9.313599968514755245e-01 1.303485240451144112e+00
4.789024723047217713e-01 -1.967594214046983203e-01
-1.645054766540191560e+00 -9.924698253219572663e-01
1.166431815821934448e+00 4.190288629312441393e-02
1.548078776749566010e-01 1.560486293473244690e-01
4.546961808700273888e-01 -5.897787493609244480e-01
9.714329395018571622e-01 -1.574078765752441322e-01
-4.191245076938125425e-01 5.424715872153461349e-02
2.310373152403315977e+00 -9.014949239936685677e-02
2.784857877582010977e-01 -3.582934737299447447e-01
6.260431048266301701e-02 3.056946214150538244e-01
9.549885719328613520e-01 1.701317857699983227e+00
-1.727997723011105213e+00 -1.972988869425239267e-01
2.810360518177662525e-01 2.770182948820117397e-01
-1.943681727406924686e+00 -3.720803485248955558e-03
-1.584977579203778797e+00 1.485612802750377659e+00
-4.915825478104178248e-01 1.649643978656157195e+00
-8.839386378545788236e-01 1.520223733655950760e+00
-9.216734548271640071e-01 -1.333018717085905580e+00
8.022399210223006560e-02 -9.323084251420910018e-01
3.990482377223240895e-02 1.302112547612127580e+00
-6.821365849617244681e-01 7.026673710146528196e-01
-7.636434425064965170e-01 1.115434585423299430e+00
7.304264331322638526e-01 8.202677467596586336e-01
-3.329836567398827274e-01 -3.056923601713990718e-02
1.547793316678269249e-01 -2.019544224144884936e-01
7.261553998098227991e-01 9.764957793081963100e-02
6.905673019232868581e-01 1.754655702031268305e+00
7.629679776671006719e-01 1.653035168630803797e+00
1.219576993000997645e+00 -5.992317174625292342e-01
-1.017081826352334017e+00 2.536338542351819214e-01
1.280750971331211518e+00 -1.064925321397608426e+00
6.708556033553667031e-02 1.350898357656821480e-01
-4.269606758255500290e-01 -2.330075912654159392e-02
-5.660054903928303238e-01 6.228994148173445655e-01
1.817906785337552455e-01 -1.589707883507767705e-01
2.176986948568309377e-01 2.222808905620521358e-01
1.050444996275899490e+00 3.258912117200606362e-01
-1.756932116492058160e+00 2.283262887928818874e-01
