-1.834290637346409181e+00 5.209149719067902584e-01
5.610290748674297001e-01 2.312816092023960435e-01
1.261738925307708703e+00 1.619731501356737491e+00
7.351749038896084887e-01 -2.121792415893658301e+00
-5.170641880454810435e-01 1.192420929884278502e+00
-9.958629916210944844e-01 -9.563857873183999325e-02
1.139964440108284460e+00 9.423784908038636277e-02
-1.521151046197237733e+00 -2.093833328201438970e+00
-6.000344986889588617e-01 -5.431703209717889669e-01
3.145278712109917940e-01 -1.647955261331153221e-01
4.671689823665136077e-01 -8.689905578298180444e-01
-5.253525661543053671e-01 4.766892642625300547e-01
-1.440188184626761458e+00 -1.756504495261964893e-01
2.961178669559829529e-03 1.170623282523747477e+00
6.885959129911689569e-01 -1.096604521421127992e-01
2.266421950979151667e+00 -4.229053870882880650e-01
-3.938269176800586746e-01 1.267393044637993849e-01
-2.110094054265747587e+00 5.156458805041552740e-02
-9.433256175083386541e-01 -3.206294792022316154e-01
-8.653216367239057183e-01 5.884694971787514106e-01
-4.408897788144219843e-01 -9.612025121908479575e-02
8.287609264201715176e-01 -2.117420661006925720e+00
-1.588347798101807484e+00 1.392034267317619145e+00
-1.821257124910353076e+00 -4.912385109720789900e-01
1.549297757251485885e+00 1.012315152737507384e+00
1.216069126256199562e+00 1.763627223679820499e+00
7.777877491066997884e-01 8.474965801829998924e-01
6.800915266986603536e-01 -1.464449815102085273e+00
-1.395483328844534521e-01 -1.030799830336617040e+00
5.528381129333086452e-01 -1.228471701867218213e+00
3.086659811658816754e-01 1.144651401299307647e+00
7.585242669154483863e-01 -7.910425351295837793e-01
1.361248586202375099e+00 -1.259776709079983181e+00
-1.164278456523312189e+00 2.438520426393828711e-01
1.089770810852526806e+00 3.755616108644218576e-01
-1.312027363838956795e+00 9.205105613444775764e-03
3.988701134799521042e-01 -8.855612432139405854e-01
4.410259294486160719e-01 1.303340314461436167e+00
-6.922080877592388104e-01 -9.115395911643439097e-01
6.128900258792771005e-01 4.118727818478378766e-01
-2.568825369559941674e+00 1.908387885801382078e+00
-7.758974809177390242e-01 9.401232962838587115e-01
-1.890252872142697216e+00 1.170786646052125596e-01
1.650845199280801257e-01 -1.304737225838241921e+00
-1.068610529145929577e+00 -4.825432957693713831e-01
2.032671064774330683e-01 -1.402049719617303403e+00
-2.524315269531376971e-01 -8.463003066572500899e-01
-1.020736224395613512e+00 -1.370627118798952493e+00
-1.870556174973173169e+00 1.567282572727418666e+00
1.847707421733387978e+00 6.271751228839387293e-01
-1.848539943547278908e+00 -1.820414596659484241e+00
7.538463220646284269e-01 8.321219241220612073e-01
3.960759826776933390e-01 5.543077778721203774e-01
-1.197774451215356306e+00 1.664715101183849244e+00
1.447729198144727114e+00 -8.042149700025031933e-01
1.151288744122218377e+00 -7.212345265087740653e-01
