9.191961745520940141e-01 1.633243663130319545e+00
-1.050026066479942344e+00 -8.170631884669476985e-01
-1.953411396960530177e-01 -1.884946855578120584e+00
-1.149283818722325767e+00 -9.318358891395890353e-01
1.851193095625541130e+00 -1.602516715999415808e-01
1.092158800703490751e-01 -1.372774182223690742e+00
1.130310278256474871e-01 7.342657906859709760e-01
5.643228600010111728e-01 -2.236319798968620987e+00
8.932477616402375586e-01 -1.016096798141453261e+00
1.461009147712954759e+00 -2.892185074666693834e-01
2.620142520965565991e-01 -5.291076798943006310e-01
1.044942006938841539e-01 1.382941808159962038e+00
5.947254518501341458e-01 3.372459035398777533e-02
1.179648606150389467e+00 -7.590852614370227069e-01
-5.746408380699012941e-01 1.495423267632357556e+00
8.632179499177999871e-01 -1.102016857434792607e+00
-8.128748939171128729e-01 -9.732563325770592078e-02
8.166848691812924610e-01 -3.645479004217791474e-01
7.701343139139017469e-01 1.549556872921053818e+00
-3.323728164740871183e-01 3.358071562989013437e-01
4.626539487794855132e-01 -1.155613621496649701e+00
-1.640888895257226698e+00 -6.674376617590455085e-01
4.670024899087153042e-02 -8.727921376737594050e-01
1.415437085127469741e-01 -1.147725391146722673e+00
1.983859371874884675e-02 -3.715490157983819541e-01
-1.001353615377092166e-01 1.251178930220892438e+00
1.583181296582089337e-01 -4.177372700281317686e-01
-2.984058015090915172e-02 -7.511666991026220985e-02
1.995351641348499294e+00 7.961242809372157669e-01
-1.122174440389207967e-01 -7.779942214761941255e-01
-1.310755052002909649e+00 1.971309560885715351e-01
-2.513493376815413294e-01 -6.584925195066514414e-01
-1.441989864957503586e-01 1.132452645030989746e+00
-7.538219282736282612e-01 1.444799067310408081e+00
-4.692183240542359135e-01 -2.413989829971692203e+00
-1.279378758150139683e+00 -7.376413669340722290e-01
-8.226690154275160261e-01 2.253099853174419742e+00
1.041284698774457840e-01 5.029043395560491847e-01
3.251646219754921741e-01 6.444623834421180364e-01
-2.003656336473156774e+00 3.700024459766750318e-01
-8.557643732880653165e-01 1.919961468988724329e+00
7.639935426698414300e-01 -1.158161346409483095e+00
1.124517488916031149e-01 -1.842107705531177697e-01
-2.513744953240127367e-01 8.661349172980058464e-01
7.462957731485614365e-01 6.969045664007506025e-01
-1.213131581672246551e+00 9.640265498666461541e-01
-7.574758474009993803e-01 5.268753935733876403e-01
8.597231326195013956e-01 1.224252487996992711e+00
1.760602958232912796e+00 1.648250199592035115e-01
2.306477502007434066e-01 -1.153284086458062838e-02
8.061358133243389235e-01 7.745251620470221532e-01
-1.393434295515015409e+00 -3.817171240565731538e-01
-1.160529813062284310e+00 -7.832368879800728489e-01
1.596826069285308194e-02 -7.074713085745563124e-01
1.433243945361247551e+00 -2.865733032046161033e-01
1.895476819767940801e+00 -6.087231384791631505e-01
