-1.837180461686479749e+00 6.663158931270805052e-01
-1.193883527847106718e+00 -1.495589124638906642e-01
-7.296772495138657832e-02 4.167546917513452187e-01
1.409601348632706641e-01 1.001443599171808474e+00
-2.367666333699875447e-01 7.802715375360282923e-01
9.422690653513923209e-01 3.424325708200108842e-01
-3.917080819415045823e-01 8.732082587888487790e-01
4.419113448585239579e-01 -5.962572640377665767e-01
2.142561865416383604e+00 -4.455814698072874114e-02
-4.662348671176695381e-01 1.824100556779237436e+00
-2.840318482862600469e-01 -1.049782948248162845e-01
-2.066782320266296324e-01 1.167296138546176087e-01
5.990670525638535082e-01 4.258627278485543344e-01
6.989599457445575537e-01 -5.376105364388552577e-01
-4.485160297494001358e-01 7.885472491764535796e-01
-6.625378077288180956e-01 5.884750861058789528e-01
8.739214674564512730e-01 -1.740009422748666656e+00
-3.073574546649057715e-01 4.802961231724547364e-01
1.347174872208424801e-01 6.709255221418851667e-01
-6.335875203005352230e-01 -1.299659104860728664e+00
3.220571278796819925e-01 -5.629004809357593953e-01
2.422853842682818115e+00 -8.118834632302688314e-01
9.815082523264632292e-03 -7.650243874448269255e-01
1.434431944204749843e-01 -6.505885532287679629e-01
-8.237810397679632413e-01 5.682633201180019578e-01
7.152893589577637989e-01 -1.223556066500355088e+00
4.267320950379966393e-01 8.321251756318174264e-01
-1.034836326540690798e+00 -1.697786231990021877e+00
-1.158989623852971995e+00 1.676742791449334469e+00
-6.025968395568597202e-01 -7.259999624987216738e-01
-6.421445548990556418e-01 -1.600873876813219576e+00
7.360941293286088483e-02 -3.808596463117956410e-01
-5.863624290722991850e-01 6.495109665031133517e-01
2.024424586747505916e+00 8.088392379191483572e-01
-6.971750403178114119e-01 1.268729225523508530e+00
-8.315195218780250253e-01 -1.418157341922433867e-02
9.425589657416553191e-01 -8.593583944463180080e-01
-7.161074486502154723e-01 -6.963797714997882471e-01
-8.743680020839471323e-02 1.097796436286940791e+00
1.112317138803272432e+00 -5.723909897717501805e-01
1.900151376197651398e+00 5.326993511803076453e-01
-7.273635923735159992e-01 9.808129825438588467e-01
2.031463694362548811e+00 -6.027671299869538091e-01
-7.370867522811119787e-01 2.941381114380426265e+00
-1.410846596290224353e+00 6.824660306529635179e-01
7.376727892163711386e-01 5.330712787484063186e-01
4.876645663526623653e-01 -1.574287639296793051e-01
-1.458204012816852968e+00 -5.565762078289042680e-01
4.810719401883813973e-01 7.026299671702320726e-01
1.198865370757047577e+00 5.241785108682280869e-01
7.525007319596777045e-01 9.544267935627783750e-01
-1.186588001501862388e+00 2.315636803156066736e-01
-1.666579486861666348e+00 7.655327142591786815e-01
-4.468611702157927468e-01 1.863322608805675129e+00
-1.725996340642850679e+00 -2.237753126660708969e-01
-7.665467024153969078e-01 -1.470200478892496943e+00
