1.065524969752079887e+00 -1.958411511933917160e+00
7.048200887966380446e-01 8.874218732714088675e-01
-1.682272325710094663e+00 -8.542360538292966821e-01
9.270448936543786156e-02 4.875617209352874903e-01
8.386465827798367245e-01 9.022654405318344395e-01
-9.248630853225220383e-01 1.048095710134497871e+00
1.162484130579810371e+00 7.980196474780583138e-01
-1.354677176218171075e+00 5.229517882259999695e-01
-1.079902044535720057e-01 -1.568021513278265999e+00
5.482808584367218074e-01 -1.255817011568538977e+00
-7.257638412144409301e-01 4.833058129747209164e-01
-1.033154860841717093e-01 -2.853973966967878959e-02
5.411169098187886828e-01 1.010399502224280432e+00
-8.301306197783516749e-01 7.466422238825508595e-01
-1.005734427924901642e+00 -8.342727369438979190e-01
1.022913713235136246e+00 -9.062719267159509151e-01
-1.787450619524192152e+00 -7.631112133463220371e-01
-1.723686821044560391e+00 1.346906136725197989e+00
9.269219190634254701e-01 -5.510805712173577620e-01
1.174262934723962148e+00 1.994315481836060666e+00
-2.853770729456900912e-01 1.210486790589460293e+00
-2.025371076182655106e+00 4.838549745542594094e-01
8.264383813333550655e-02 -1.962729328868439982e+00
1.319071127755944817e+00 1.191691886480849005e+00
-8.186773442315572469e-01 -9.442329232896836677e-01
-1.551021332726163271e+00 -2.043963772383632360e-01
5.818461852684434499e-01 -1.547271686041097327e+00
-8.597029181392285002e-01 -8.191548500673137001e-01
7.599767879230086287e-02 2.043310384553579606e+00
3.922841780090936814e-02 8.324388263648663244e-01
-2.622032195397169807e-01 5.723892034554649982e-02
8.124698164680856927e-01 -5.515004354613037979e-02
6.488833165929945856e-01 9.629850745672136059e-01
-1.832516221777301002e+00 -5.257581352299576238e-01
-5.393184308457737997e-01 9.556758150909727689e-01
1.177813789684913237e+00 1.042084515159737296e-01
1.326338419492875564e+00 -1.416917913865282763e+00
-5.712168941519518706e-01 -8.338372784902916557e-01
-1.425188372643168000e-01 -8.764070931874927417e-02
3.202593596313420971e-02 7.621492219579760474e-02
1.963427684459381650e+00 -1.179377823136910919e-01
1.198810096938518893e-01 1.104181007114515695e-01
-3.216580471759318827e-01 8.880235905046115485e-01
-7.612188914538390305e-01 6.708965426181665581e-01
-1.203147250235345744e+00 -1.315741245945423465e-01
-6.008703228641073535e-01 -5.343447077226562980e-01
6.425750400384420136e-01 2.217137322953317113e+00
5.272761589948776750e-01 1.296486125841567194e-01
2.782802017752911694e-01 -2.464402711606598073e-01
-1.137997517434882644e+00 1.312057865176737392e+00
-1.268617222624766283e+00 -3.996329304915768321e-01
-7.583384483153106093e-01 1.273987031703276207e+00
-8.575743840192113776e-01 2.987018281120487617e-01
-5.224210540065183928e-01 6.633664721550587284e-01
-1.231328311377847540e-01 6.332619313294319818e-01
-2.197944628270247502e-01 -3.111965586550919372e-01
