1.036171063669198977e+00 -7.955801825169582786e-01
-1.666444810862080850e+00 1.592823171943539950e+00
1.038095730213147050e+00 6.365947950684555101e-01
8.355490680883167487e-01 -2.094739167234553001e+00
-1.031106939388140908e+00 1.847342516991780648e-01
-2.669265033116515751e-01 1.880354369932309977e+00
1.291999957131794829e+00 -1.005953417984834175e+00
1.312423084812788798e-01 -1.701522331302351976e-01
-2.458480185487103842e-01 1.389205486396819234e-01
1.484799411662181268e-01 2.187768347219460896e-01
-7.826342971937859661e-01 -1.183493566099387495e+00
3.444100809872576718e-01 9.679323107884427735e-01
-9.336255148989962560e-01 1.004505672363554147e+00
1.346875435747470595e+00 -1.017826507758009758e+00
1.085101054427903833e+00 -4.445772470101009288e-01
-2.092541094654583933e+00 8.252028798749495575e-01
1.018153748417823357e+00 3.041972917864368409e-01
-5.739573620886677663e-01 3.245058579326563497e-01
-7.470351954752230128e-01 2.809283332537084288e+00
-3.015838078279152179e-01 5.466214534236066847e-01
-3.396892450088724313e-01 -4.829842309877918072e-01
-1.867808988051919084e+00 3.411976692767353936e-01
-7.372377089352812884e-01 -2.077881065347069456e-01
-7.145704637006209392e-01 6.797677014480767443e-01
-9.061427739115343050e-01 1.128567544447682369e+00
-7.225021069819881347e-02 4.573292572210462814e-01
-2.815736691395984703e-01 -1.438706598211687782e+00
1.238147125291762629e+00 -5.907891629394590449e-01
8.336142353102707903e-01 3.847519681254024104e-01
-2.507014605327193002e-01 -3.633209651518239935e-01
-1.887342596753319723e-01 2.160558360221860763e+00
-7.961589632383179183e-01 3.559269993316847847e-02
-2.656153576186284782e-01 6.277747761930110859e-02
4.470402534821576457e-01 -5.390626557560708187e-01
-6.950794222071710049e-01 2.036505668259097845e+00
-6.686827784027103982e-01 -4.180492698941390417e-01
-6.058519027699195425e-02 1.580737774431394960e-01
-5.153025312488322962e-01 -2.151171456888606226e+00
3.815985647943928583e-01 4.207802864049083880e-01
4.152855452106192224e-01 1.014562313072260968e+00
4.687265208649425419e-01 -5.104874955367866285e-01
-1.325896407865611026e+00 -4.859503057266435500e-01
7.099501944888380045e-01 -3.253401946278068113e+00
-1.482867099892683838e+00 1.182904621743937623e+00
2.230330696576535487e+00 -1.832815084356318902e+00
-2.483641723998845752e+00 -8.798196477294123463e-02
9.559218106011099225e-01 -7.883575690246286127e-01
-1.205064003791191052e+00 2.299433532694397375e-01
1.891138335356082611e-01 -1.492380552129221272e+00
4.139033627792960274e-02 -8.988634324946898069e-01
-3.404228183158851395e-02 1.315491117566698120e+00
-9.134019701432025684e-01 1.151593614560152412e+00
-2.318165337682490446e+00 1.091609063651322264e+00
6.705762348850913268e-01 9.324354133446258741e-01
5.933470755622619608e-01 -6.004546033020515816e-01
1.178573675126123099e+00 -9.765091129824735594e-01
