1.527825331204369697e+00 -7.977965363621649653e-01
-8.547702064576497838e-01 -1.812937212611965387e+00
-4.590513478413407039e-02 -4.511233309514370848e-01
-2.134506703408443951e+00 -6.174024001653967142e-01
1.627711518083399200e+00 -1.151476422637335739e+00
-1.094304185896994852e+00 -2.983647947344025275e-01
-1.311211265485483946e+00 -2.078547856643538638e-01
-8.494707892081941880e-01 -2.494769988896902990e-01
8.756088778254073057e-01 -9.548425327313766475e-01
-1.090382854282221592e+00 -1.405813874023784438e+00
7.433367329937236312e-02 7.502394022808100971e-01
3.843614563252300415e-02 -7.454911488591778879e-01
1.374032229365842017e+00 1.102413273546062111e+00
-2.499248733246881127e+00 -1.395405664180588146e-01
2.975784876424711900e-01 -7.750030305730986058e-01
-1.496294547233640859e-01 -5.747993973614458074e-01
1.016561857907097410e+00 -6.446633383249166238e-01
1.339636146179897125e+00 6.470725532462137108e-01
1.231791458704329101e-01 1.309691585624465970e+00
6.533034610344375936e-01 -2.567226188998606440e-01
-4.739035612098738137e-01 -2.096569439374242338e-01
8.684741297112518188e-01 -1.003388483557586364e+00
-6.280226255275660474e-01 4.852788680076940975e-01
-1.684259256715100017e+00 3.589132035854661895e-01
1.245936977314258565e+00 -1.259527832839511419e+00
-8.509028963122389211e-01 5.230991548037626782e-01
-9.193934902064747616e-01 3.396474192326373598e-01
8.786154058319416427e-01 2.399507591056782019e-01
1.512579198035528538e+00 1.148108964617384764e+00
1.679926006408958061e+00 -2.102714916373622955e+00
-1.006118322464841119e+00 -8.169724964485617358e-01
7.964470614234007151e-01 -1.078391903871650293e+00
-4.222409633621838632e-01 -3.118020610486538224e-02
-4.182635008727793036e-01 3.600611480369521611e-01
-4.030005327843980689e-01 9.936212803243394953e-01
1.722312801394629611e+00 -1.347447592310913322e-01
4.725006769232913961e-01 6.370706996917837595e-01
1.718703435112560074e+00 1.596157591187747082e-01
-3.208582867496638791e-01 -7.878496946974813397e-01
-1.039289559658557849e+00 1.932410110112121382e+00
2.858142054922155340e-01 -1.161707859275987298e+00
5.716510984458491595e-01 1.397812746330268308e+00
2.819541567715998509e-01 3.114372609502672473e-01
-7.316601507071809896e-02 -1.117488537061938764e-01
-6.275077829744882818e-01 3.246580760045955749e+00
-5.196898283524673534e-01 1.301392135295166841e-01
3.037400511959317484e+00 -1.630921664841398222e+00
7.712861886610382009e-03 -2.870836263131742450e-01
-9.157315052648930254e-02 1.235669548247956495e+00
-8.475112307041460236e-01 -1.448159593760896868e+00
-3.631531782231349759e-01 3.545607153457894789e-01
6.299160385169504384e-01 -1.343623213796934168e+00
1.118305631298824654e+00 9.854150576164293351e-01
2.698651129628270029e-01 -9.714538757018386095e-01
-1.858119463178434239e-01 -6.172703561389908389e-01
-1.288891288437410632e+00 3.866875406056194953e-01
