-2.046600357857822627e-01 -6.895385162611602503e-01
6.218716587446814215e-01 -1.909771649486790290e-01
1.944957966663202753e-01 2.956178749442812670e-01
3.018917703150967302e+00 -5.832595825496190711e-01
3.565915541206553518e-01 -1.429419012625289011e-02
6.079391368629221137e-01 -1.810264316464787804e+00
6.646061214852420074e-01 1.203411477561387333e+00
-6.042565531605402773e-01 9.132066355030625804e-01
5.632530114252951581e-01 -1.122901502948288277e+00
1.578171372281774509e+00 1.593863473796817420e-01
-2.596621450810350229e-01 -1.131381231295297829e-01
2.229505806691336023e+00 4.778206205606277401e-01
-8.496234336167129975e-01 -7.819766510436464424e-01
-2.324256439034289912e+00 -2.631963543106518588e-01
-9.140895321229651760e-01 -5.224141378733541119e-01
-1.168708765456754284e+00 1.689780947668926281e+00
-7.346966419280854810e-01 -8.600219338124313051e-01
-6.151356606709700303e-01 -1.052739275466118146e-01
6.384405993416421010e-01 -1.172689119095094018e-01
8.755271828076354179e-01 -1.250326294999095200e+00
-1.466788419546663613e+00 -9.131564600473306426e-01
-8.695749372606034200e-01 1.975336709813285907e+00
-4.834710067883850604e-01 2.278243570882087787e-01
-3.231288413208683874e-01 -3.247189655071941461e-01
9.251019232038975026e-01 1.702550414118980893e+00
1.963312359526230289e+00 -1.781064252720945928e+00
1.044422756371579109e+00 -1.680190773048934494e+00
-6.054187172115598203e-01 1.551801246613108587e+00
5.486090768989559940e-01 3.166622647317567929e-01
1.060073313224049407e+00 1.674592112822687273e+00
-6.778948437535725624e-01 7.647170210379834743e-02
-1.176369020263501985e+00 2.419045459333171444e-01
4.736680268235095581e-01 -4.046340340106570621e-01
4.264282473186187250e-01 -8.651096781593560214e-01
-1.009887862951402315e+00 -2.345301297910564742e+00
3.734473017991483679e-01 -6.557072852951378872e-01
-1.523486195575545876e+00 4.817113488043114899e-01
7.508486277043593393e-01 1.784984186460236710e+00
-7.061111208017940566e-01 1.159836034345865796e+00
-8.335536861139117848e-01 1.636266848920097550e+00
-5.887223953428867285e-01 1.203920142737203935e+00
1.429232617315806975e+00 6.583190313286130246e-01
-1.790017149216611925e+00 4.060384813711735985e-01
-3.838818535271772969e-01 8.606606036427109085e-01
-2.000962400177418221e+00 1.608762460367861857e+00
2.159403539493754298e+00 9.296459296766685920e-01
9.527079382799525931e-01 -4.243741038867713811e-01
-2.081667465144043661e-01 4.083619366666739192e-01
4.261706539768148061e-01 5.927018944420889834e-01
6.915068729464899366e-01 8.725588882047720096e-01
-4.608547687690334183e-01 -2.533144919174531995e-01
-5.981927524861945233e-01 -1.445062320518676335e+00
-1.056976307944670568e+00 -6.610613428809943848e-01
-7.157047947514475483e-01 8.016797367962174015e-01
-2.927923352577701047e-02 3.191498412606332824e-01
-4.414118779931707620e-02 2.510376774938092748e+00
