-1.154873326320807747e+00 6.316907438051679868e-01
6.431904616566389565e-01 -1.138017970300842840e+00
1.762917963083751038e+00 1.147033898495033455e+00
-1.205704764749725877e+00 7.768683293830787040e-01
9.369762394178637877e-01 8.957186004855223205e-01
-7.163985831413177685e-01 -4.269922039606686703e-01
-1.503357439920067762e-01 -2.097875607336615378e+00
3.636874914267264058e-01 1.872617050817470652e+00
-4.029218474509879688e-02 6.078143872288118560e-02
-2.416366487666457452e+00 2.915794667959358266e-01
-6.118314299502105452e-02 5.545637340732075815e-01
-4.346183578187355900e-01 -1.244392892839979448e+00
4.567298437210918771e-01 -1.041505769490623345e+00
1.116978876925365377e-01 -3.836127282325121346e-01
-5.177241882175949161e-01 1.024444874775836789e+00
-3.630229386059537489e-01 7.815620139508498987e-01
-7.844653494575638542e-01 2.221030959612561584e-01
-1.991271706699781763e-01 -2.604448797760653633e+00
6.560695216338868763e-01 3.381549571904278739e-01
8.640717988455655085e-01 2.025476204955531379e-02
-9.525604375864505924e-01 -1.194941268384805078e+00
-7.994859236088299737e-01 -9.532770829782513111e-01
1.137467847394484144e+00 2.873430891483435001e-01
2.668005735452254612e-01 -1.909285289437989475e+00
-5.366915612580899081e-02 -1.719676256578085871e+00
-2.485441038035549055e-02 -2.637544765519912737e-02
-2.262329079837488433e+00 8.113733990412581587e-01
1.006650438868927688e+00 6.048068397239889787e-02
1.263228029624214654e+00 1.316060472211992849e-01
-1.413859540221261035e+00 -5.102526565603908715e-01
-4.858961687704383414e-01 8.026355894578409700e-01
1.368698401312971935e+00 3.217291044285651436e-02
8.271081767327311818e-01 5.619830966569518971e-01
4.137815870831705323e-01 1.074418082474681624e+00
-1.272335875833824348e+00 -2.690122467744710671e-03
1.983834444106133410e-01 -1.205648967988289799e+00
6.079601425501649503e-01 -4.137869343393248411e-01
1.518779905200745572e+00 -5.667386498155599917e-01
1.274944659383365320e+00 9.349091716892347081e-01
-1.438764953655000678e-01 -2.260640026239850719e+00
9.500760616035952566e-01 1.244962876890512327e+00
1.866636160425257707e+00 1.268605834608333982e+00
3.169063660305967978e-01 1.370186899937664737e+00
-1.247739949501234097e-01 1.399897972752101261e+00
-1.545872584579480735e+00 2.652292698752503064e+00
-1.876567969093708710e-01 -1.017956857270950310e+00
6.353739222486972649e-01 -4.361445620358161274e-02
-8.408152098751772163e-01 3.592553238695095907e-01
-1.244365875045596453e-01 5.562371144593794003e-01
-4.454644740978868089e-01 1.233897690577532735e+00
-1.088416578439515003e+00 1.414053083875938421e+00
-7.764052276683731657e-01 2.754469335146769726e-01
8.832790625181604627e-01 9.115191514024844066e-01
7.338983903512220630e-01 1.086742334792410780e+00
-6.089746592959152105e-01 1.485467780401707349e+00
1.461489537166391184e+00 -4.428873448486641551e-01
