6.319949396067756631e-01 -1.540097197085706915e+00
2.324841694421516947e-01 -2.947699319360411518e+00
9.532237764080814246e-01 3.833772756721900432e-01
-4.958017345939376153e-01 3.902597419085059027e-02
-9.971424044248903273e-01 6.772439465335057251e-01
2.204661636330522256e+00 -8.621320872764483279e-02
-1.080189917866814842e+00 -7.596169342394974988e-01
-9.922567283811735417e-02 -3.696990344222608194e-01
-1.568839071537900809e-01 1.125670053396228942e+00
-1.121913146971977721e-01 -1.048636971333231749e+00
3.209608905770707232e-01 2.081079286129761563e+00
-1.692551304022226422e+00 6.873006994395338687e-01
2.540380995998674507e-01 -1.909864041786598632e+00
6.852520605020212541e-01 5.914770258820041260e-01
4.251250094443593253e-01 -1.361713921957503253e-03
-5.632150206438566453e-01 -2.515167806264140826e-01
2.707883626143778866e-01 7.201106257130464039e-01
-7.327400624484656233e-02 2.772038893706730775e-02
5.223178438027689108e-01 5.052897061360097641e-01
-4.446331174140334686e-02 4.098490282770914095e-02
1.945136734351728514e+00 -7.336160459214426943e-01
5.192853734652840281e-01 -6.162900610329214990e-01
4.015002836171141509e-01 6.950254863237118608e-01
-6.463236624366601735e-01 -5.549041775754719463e-01
8.769412385124229770e-02 -1.179795885986292703e+00
6.720306361956588370e-01 -6.470378181475043844e-01
-3.596962684117132603e-01 1.337183822279680800e+00
-2.629820086236142052e-01 1.518460764031386301e+00
8.562099065310200263e-01 -1.161391001929174438e+00
2.779895283661285577e-01 2.547471972784025596e+00
4.893518247169730828e-01 -7.469070840203002604e-01
2.200646034885608060e+00 -3.448325469666643772e-01
1.311959353892119262e-01 -2.594782206134215174e-01
-5.874036465359210313e-01 -3.274924131973755981e-01
1.949649616167987987e-01 -7.652668538020220845e-01
-7.141815530991107996e-02 9.711419702136503407e-01
6.736823351470079546e-02 -1.230744680038044492e-01
5.494396777911906282e-01 3.351416990873278823e-01
3.205183507772668694e-01 -1.331185043664232792e-01
2.271928230139130256e-01 -6.703302322280401127e-01
-4.030832385647756810e-01 -2.586507747545493618e+00
-2.082138836999162468e+00 -5.499199448738990581e-01
1.042078593849170787e+00 1.104197866769540015e+00
6.076149614378891783e-01 5.781084693959168130e-02
-8.364568095230427991e-01 5.929114575966090150e-01
-2.904050735341763279e-01 6.187980404065481776e-01
2.661268900244830871e-01 -7.035079947150231217e-01
-1.819668919609486180e+00 1.623173417471893698e+00
-4.908042392019939526e-01 1.692220388180301072e+00
-1.335142014889523221e+00 4.062731593122264617e-01
1.660280856031858487e+00 -3.343851706180187011e-01
-1.057289625304512981e+00 4.275304579769728663e-02
-6.020272085183517863e-01 -3.939585439098247099e-01
1.157294148100331377e+00 4.789693116021163100e-01
1.741775104737171287e-01 -1.017699575222409170e+00
1.120142632071742111e-01 -8.037647380513396334e-01
