-7.545863346940659966e-01 6.202504303928576546e-01
5.050804780557210938e-01 1.104609854740259633e+00
-4.169463049466569093e-01 1.132826017009576081e+00
-1.496147958412584744e-01 -4.780872511315607531e-01
5.196873437813281926e-01 -8.320737256899410905e-01
1.025288311906058736e+00 1.131305866238761171e+00
-4.571403439066829000e-02 2.333805398848040280e+00
4.996811205777783593e-01 -9.771754646952186818e-03
1.210940351020814765e+00 5.516155803468260066e-01
2.751171056179657626e-01 6.152988991662796670e-01
-1.575570343371398785e+00 -8.148828154310554517e-01
-2.884894461870472770e-02 1.455274908329650341e+00
3.888619327921657431e-01 1.257905688960638146e+00
-6.659949424746091085e-01 1.324717448799989761e+00
6.401474166967846546e-01 2.877172272555783561e-01
-6.454053091956106769e-01 3.484379124780636161e+00
-1.076601381640670541e+00 1.309417203429845467e+00
-9.741827950042242223e-01 -5.200977904785316630e-01
-2.527250308979962501e-01 7.282207435829269881e-01
7.457592001922945801e-01 1.019605623599502575e+00
-1.249877052539760114e-01 6.803588354169920471e-02
-1.373528975111823369e+00 2.192522340370770817e-01
2.163431502095898296e+00 -3.403712243135753046e-01
2.920334827862122173e-01 -1.517784881079789372e+00
8.187760948892027768e-01 1.289913086947972187e-01
-5.589781239081675901e-01 9.276500614443216053e-01
-2.814584663326684666e-01 1.317811810485193025e+00
1.165294360156738096e-01 -7.152526261101546101e-01
-1.006968902126266358e-01 -1.070551324386846970e+00
-7.110791594593646181e-01 -1.991208974311285518e+00
-8.857278303515140339e-01 8.089355342514500391e-01
1.341015404911798825e+00 -3.414862991889888177e-01
1.666080402172316122e+00 -2.032898221235034608e+00
1.204959718788132683e+00 2.033902356644403220e+00
9.656924656517876793e-01 8.521612728071500387e-01
7.219963461055926013e-01 1.049361123762364290e-01
-1.049701684589138484e+00 9.967299634512006845e-01
8.502457925319035770e-01 9.818648684296182871e-02
1.576414864476552546e+00 -1.188720341859675012e+00
-4.550183104990990768e-01 1.381329338786156491e+00
1.789721046308907493e-01 -4.832999261370226618e-01
1.042977511622930953e+00 -7.988316020331153178e-01
-5.239417130299722086e-02 4.196659305342764212e-01
9.166000909897225046e-01 3.627963002240895407e-01
1.698334909653379243e-01 -1.680354968826450079e+00
7.597756842297801461e-01 1.176116623659092530e+00
-8.138873642162991473e-01 2.495522678672540628e+00
4.542641193204100536e-01 2.514057380164946287e-01
5.643968382520369031e-01 -2.241638209491499278e+00
1.389489756798458986e+00 -5.108453364463697577e-01
-1.282087036699742777e+00 1.203756380611537224e+00
2.034458542230624112e-01 1.691668207832426607e-01
-1.261822948436304381e+00 -3.538683109887456602e-01
1.325339856316549048e+00 -1.331669503232844054e+00
-2.380461535154016595e+00 2.098980555666122294e-01
-1.051943072765687770e+00 2.207418708740796487e-01
