-1.273389523488054342e+00 7.092522593359081680e-04
-3.260566076626721932e-01 -1.031934623843226290e-01
1.327476316483970242e+00 6.619468069807296073e-01
1.548377491758514468e+00 4.217034997609185876e-01
1.523583437050977096e+00 -1.077665656917072612e+00
1.471079499134104462e-01 2.199100059079069913e-01
2.647446264080077771e-01 1.715219267823958615e-01
1.993391276131834644e+00 9.556619305426602984e-02
8.958728353974365621e-01 3.886704336721528708e-01
1.098787507155070120e+00 4.116440606928046808e-01
-2.264572727345812164e-02 2.022864218081197762e+00
4.014050385791572695e-01 9.683929562524533352e-02
1.140681148505831688e+00 1.090194269132849447e+00
1.711715900977143212e-01 7.217432967515882147e-01
-6.328396183829613220e-01 -1.384260212363355613e+00
-6.816309449871541526e-01 1.049110062384762010e+00
1.698775166890515720e-01 9.525778689928460219e-01
7.650496621260350905e-01 -8.407735821488474537e-01
-1.032128894390748064e+00 3.111147235672571121e-01
-8.316901021454438103e-01 -2.017562500209970633e-01
-1.978512470626641706e+00 3.256460804820405230e-01
1.965333081071514443e-01 -3.308014348233332957e-01
-2.735462839148417591e-01 -6.322054018415190768e-01
-2.663737279315103734e-01 -9.223350008235725594e-02
-3.746299672432253786e-02 9.566200291171648995e-02
-8.642931753106229964e-01 5.295798239884996761e-01
1.029549529284427001e+00 6.691779071221435338e-01
-6.642557512377559314e-01 4.808941673268771200e-01
-1.493290365847804446e-01 -8.363440870471905431e-01
6.786920427987099824e-01 8.938524547258474007e-01
4.688003445131821989e-01 -1.298578165932933626e+00
-1.249435836417320811e-01 1.601209700402543568e-01
1.138224196811902011e+00 -1.737363531256545524e-01
1.118283126933761196e+00 3.012563972230258291e-01
5.096111095264196367e-01 -7.118415559785898905e-01
-3.464748683428865994e-01 -1.221003413040340879e+00
8.689684344400007143e-01 3.953071902860310627e-01
-1.835046772858718311e-01 -2.566141461844959615e+00
9.834685991454340526e-01 -3.032400868787044623e-01
-7.064955370112360189e-01 5.842133858338924846e-01
-2.690880166771888460e-01 -6.485224004485501403e-01
2.656360125894164925e-01 1.246858775109665751e-01
2.457304202089724221e+00 -8.021047639710680854e-02
2.220291920653186535e-01 -2.578682258150256423e+00
-7.018002990229467164e-01 1.507167462712221961e-01
1.487370273356587447e+00 8.272034675122985625e-01
-1.170463146553546885e+00 -1.235525676133203410e+00
8.759382015168601932e-01 8.732676976011152781e-02
1.489825933042156769e-01 6.668032070169408465e-01
-1.044116674668577716e+00 3.496239892968395213e-01
-3.329678134056632821e-01 8.221704637401594518e-01
-5.707596353242220255e-01 -1.308637878689348222e+00
2.010198822321655199e-01 2.751722277693133267e-01
-6.254911345668969780e-01 1.707367238460801850e+00
2.900470575659478412e-01 -6.937963914920205477e-01
-3.933848883854010325e-01 -1.566357767107538157e+00
