-8.139247506649051056e-01 -1.882574439196911698e+00
2.084546822169733638e+00 -7.987145135578562760e-01
8.597735652893682134e-01 1.278550970885075966e+00
6.025469601767496908e-01 -1.307698325837603204e-01
-3.492414673498341338e-01 1.067791425572504727e+00
-9.334782654334474739e-01 8.640396081496786174e-01
-8.394587359680744099e-02 -5.472092626015249150e-01
8.993962116638481996e-01 3.388623693574637219e-01
-1.866171086455512329e+00 5.493652250422343952e-01
1.476256190181360228e+00 6.629502682366470445e-01
6.529827460517450000e-01 6.491288543671516198e-01
1.240054738530444345e+00 2.571445512499021535e-01
-9.602427597008591498e-01 5.563748707149199779e-01
9.814716228716249269e-01 5.101779262523121333e-02
-7.696437288166571022e-01 -7.087541161376023635e-02
-7.622078357870025744e-01 2.103260867764529963e-03
-7.637186089523722021e-01 1.637122583863706238e+00
1.149424995278074124e-02 2.821541879058758195e-01
-7.139185487190430335e-01 5.809605632507524042e-01
-1.462478083674972007e+00 3.699107414528094995e-01
-4.987392599509449798e-01 -4.869826215578932499e-02
1.534380678319789082e+00 -1.795955375258149189e-01
-3.560593799759012579e-01 -7.224661092062624190e-01
8.822022672866615123e-01 -1.514585812305267121e+00
-9.349616163810496594e-02 1.101207239156109852e+00
3.932062258930314469e-01 -3.160537642737877295e-01
1.832569411035708695e+00 -1.337111965649837808e+00
3.009364908295377172e-01 3.771433953895410029e-01
2.241905183859687067e-01 -2.751746180690501919e-01
5.119563446070195534e-01 6.563016478053222968e-01
5.636242268725607379e-02 -7.184224744722770284e-01
-4.273348221914296530e-01 -6.468708094185131596e-01
-8.989075649852505956e-01 -1.836834336647278576e+00
-2.297088847903808462e-01 4.259507557518117937e-01
-5.751760126092371195e-01 -2.452893823202779156e-01
-1.463563054942341290e+00 3.711342066263293993e-01
1.824904301873469858e+00 1.555520566703908036e+00
-8.738526346035144776e-01 6.416202883514082744e-01
-1.791844704485306528e+00 9.943405774181098833e-01
1.794103355614010242e+00 -6.690431046225732148e-01
-7.638342517125834563e-01 5.116345240162819413e-02
4.154630325223805376e-01 2.418719824126547735e+00
1.111166010831716733e+00 -1.951860361486438544e-01
-7.360469372115850950e-01 5.192012705799377015e-01
2.115034979637567147e+00 1.488911581665754991e+00
1.371368391271136078e+00 1.951648353716634587e-01
-3.649642886649248075e-01 2.946315716975270727e-01
-1.038685593276568619e+00 1.726844137785507494e+00
7.013512409390821878e-01 -8.304286964893776712e-01
-8.729659752945689855e-01 1.235650557869828914e+00
8.589345611418166548e-01 -1.075022214971943280e+00
-1.807394099796298725e+00 5.404627930289520460e-02
-3.425388220330753408e-01 -2.184024641508637288e+00
2.987745147576279514e-01 -1.819152687212336028e+00
-7.775826838464068302e-01 -8.556001566934702263e-01
1.576065800752593837e+00 -2.482509210456345983e+00
