-8.316261933259011530e-01 -6.940814655757152618e-01
-1.001098968034675463e-01 -8.350535749553754661e-01
-1.405563373723634824e+00 2.115404384041344454e-01
-3.502293755961893851e-01 1.844388954335349773e+00
1.543764383731457135e-01 4.168354661210215695e-01
7.105197436968296865e-01 -1.018884447274351235e+00
-4.869641553444502002e-01 -1.886579132350270527e+00
-4.426674158173595219e-01 1.983468288202344110e-01
-2.143156439997315477e-01 -1.327388401548404540e+00
1.815286187677362051e+00 -8.386228453882926814e-01
4.025822587645918049e-01 -3.426635624584157269e-01
7.913839133216735711e-01 -2.731577582863525144e+00
-1.675457351439735565e-01 -1.241859536422904808e+00
-3.759712406904444082e-01 -4.652284667127353224e-01
9.224520473122398423e-01 -2.969555792316079801e-01
-5.936961908962665735e-01 2.514277584218635453e-01
-5.856856201860386468e-01 4.537085953998010873e-02
-7.703268000183499664e-01 2.329620013868010375e-01
8.367932311245146471e-01 1.597936770924005989e+00
1.489972154089120426e+00 -3.118229685822501152e-01
-2.084103510258882963e+00 -7.829679496890464829e-01
-7.750783440068156893e-02 1.448914820224875166e+00
-1.300771629018223408e+00 -1.261487005632625058e+00
-4.844416202465557930e-01 -1.195410286739746891e-01
-1.074225927245176848e+00 3.853585426385228718e-01
1.397279443396533261e-01 8.688507769180364715e-01
-7.037967882752839410e-02 -6.544155672159576165e-01
-5.147844109430773640e-01 -9.950254793030346434e-01
-6.742012040033333875e-01 -1.072211832975430157e-01
-5.813321833948662531e-01 8.776574304054867159e-01
-1.380284091506060573e+00 2.187379078155259560e+00
9.495116862468918617e-01 7.640886931180536079e-01
1.819707788444807184e+00 2.298943393662845891e-01
-1.051214816148194675e+00 5.815825210364751197e-01
-2.124573574261784670e-01 8.296883810290400785e-01
-2.168559312076195678e+00 -1.896944066096926562e+00
-7.074967322338695519e-01 -7.391376755622149908e-01
-1.102123490500315703e-03 3.635947735433983086e-01
6.209289228551426731e-01 3.827604416928470088e-01
-1.124929494652036482e-01 -4.306622866272449834e-01
4.939030280904268544e-01 2.364902822286154005e-01
1.132324155464265791e+00 -3.348280979438830740e-01
-1.201655353952805205e+00 5.462706212824941510e-01
-5.225757635320580352e-01 1.423557434137001920e-01
-9.308617017772380375e-01 1.788670238541601121e+00
-1.941368213378467100e-01 1.062912855984236432e-01
-3.724460355706923909e-01 3.138288830612175340e-01
-4.862730774569218872e-01 3.508757332799909423e-01
2.740693125687690967e-01 -6.339666840168907413e-02
3.476725060478386697e-01 -1.256071246731261803e-01
-7.564632935681184778e-01 -5.993575831994254477e-01
-4.882570551405825132e-02 -9.800601457003121908e-01
1.212053297525699014e+00 -2.032257529811427876e-01
-7.563459991105913292e-03 -2.297124371899852968e-01
-5.598501927965121583e-01 -1.698166754575734627e+00
-1.308127905239285127e+00 -1.054770626226907870e+00
