-2.000469002363582383e-01 -7.416678760790705871e-01
-1.034880423770782709e+00 1.631299560798825876e+00
-5.732280643351476274e-02 -1.730290334470208524e+00
-1.751297582846129908e+00 9.446827177357755567e-02
3.177057450085178925e+00 -1.462041320004606737e-01
3.179922959417037509e-01 6.455541485488316966e-02
1.018023767055616702e+00 2.216054996719296899e-01
-1.276209227377476663e-01 -2.780863199419389420e-01
-7.085213022198255661e-01 7.982433946518389112e-01
8.328348586597853487e-01 -1.668492484096378847e-01
7.978378134303154567e-01 1.138535135634838991e+00
1.459244840489491546e+00 -7.265607370698439205e-01
1.398840523406744141e-01 9.778701928800375143e-01
-1.060008015014760385e+00 -1.123292314762952326e+00
4.130050046257059959e-01 -2.604992916837128858e-01
-1.165775640979692218e+00 -1.248132283525488662e+00
-6.875567925406834702e-01 1.618368545057264019e+00
8.798136229620371340e-01 3.616346805520271879e-01
-8.574737771408706966e-01 4.230379247627256700e-01
-2.039691056524107760e-01 -6.536691427501705176e-01
-6.201596718641293471e-01 7.986127767862698512e-01
-1.429851303538292928e+00 -6.024106191157407864e-01
1.107113611138919040e+00 8.563520493049491256e-01
-2.206834680900662704e+00 3.034385101744126456e-01
5.297329320828775973e-02 1.966459378728743213e-01
-1.965963363543781206e+00 1.392876766741706906e-01
-2.623082490757403518e-01 6.213691019926981252e-01
-1.260597214835907476e+00 3.947683006745394962e-01
4.145828062054937591e-01 -1.699417816689129834e+00
-3.302301472223506673e-02 1.411797874041217093e-01
6.254687134100063162e-01 1.087110152005731134e+00
9.895731415195220260e-01 4.267096522533748715e-01
1.170692627051878043e+00 -3.767252973263289229e-01
-4.120982615307702268e-01 3.951471405139118098e-01
-1.230346279639624174e-02 -2.024713798916268015e+00
-1.856715785890898252e+00 -9.560088639398783839e-01
-2.741901915749601626e-01 8.042320600881218695e-01
9.906663399350714716e-01 -2.392849083347499572e+00
-7.119334101194138009e-01 2.889470559049496234e-01
-1.637829519123810973e-01 -9.835998904954634803e-01
-2.935784067739233727e+00 -1.362335998415257765e-01
-9.400130674070104053e-01 1.416418793771759166e+00
1.237926063860341985e+00 2.178043740792570682e-01
8.960671612152982801e-01 1.035737711146190870e-01
4.722191114077524676e-01 -4.371984290166922582e-01
1.023884326091629715e+00 8.935018198707522785e-01
-1.371732481960003858e+00 -3.127537290478221155e-01
-1.301760454418057433e+00 9.598844293304941155e-01
-2.042083648405044638e+00 3.144540187460900804e-01
1.384889514731152682e-01 -5.518830529069628232e-01
4.930482575748419000e-02 -1.512273120444138863e+00
-2.077778780776364353e+00 1.826377642309812366e+00
-2.784183614852986377e+00 -6.625686854725404418e-01
-4.185994188085372936e-01 1.469491242877590809e+00
-1.118197900465440695e-02 1.484439979907221097e-01
2.617024912569499429e-01 1.050888517503965724e+00
