-9.602155004240671143e-01 -9.144706914141321752e-01
1.293081041848755053e+00 -3.614202850134297651e-01
-9.891988333882381079e-01 -1.099171320871878521e+00
6.010409272170985640e-01 4.901520640854221955e-02
3.312677502636524607e-01 6.500982139368824964e-01
-5.478048931960667334e-01 -7.552900759840025513e-01
5.862307974232148222e-01 4.596082431598044193e-01
-7.322321197087683364e-01 1.174492429097795387e+00
1.434830607643022490e-03 1.463789936358345645e-01
-1.376567311987411557e+00 -6.606932953520541218e-01
-2.905867721456021902e-01 -1.708638192476586770e+00
-1.438850480808599210e-02 1.272431742232436047e-01
-1.447359518938297063e+00 -9.282621374378530188e-01
5.026330043894529087e-01 3.666570980341625763e-01
4.377476220506545945e-01 4.020459503377798310e-02
-1.946311082016666805e-01 1.115299177823066756e+00
1.196327027654957131e+00 -1.129364602891394842e+00
2.747594813884450815e-01 -6.629426761750027708e-02
1.311856381617247713e+00 3.036464889371236486e-01
-4.792486366739012738e-01 -1.239436908964207662e+00
-4.613540039222748801e-01 2.908626863676260985e-02
3.590535241460255378e-01 9.018764158511167750e-01
-1.029132865770096661e+00 -2.125365204089886717e+00
-1.804260849069403427e-01 1.996115446596539722e-01
-2.438077391420068740e-01 -2.082505898851584991e+00
2.020169662096618635e-02 6.657337986274264319e-01
1.065206625626262671e+00 2.032266918808507683e-01
-8.102783067023723307e-01 -2.318602099389608373e-01
-2.245638081804926245e-01 -8.640190133527342331e-01
-7.593968756077281723e-01 -4.366623424831944100e-01
-2.205337288386420569e-01 -1.175767970050522360e+00
-1.774975012654458340e+00 -1.866979772583285069e+00
-9.443575829045862402e-03 -4.898075093781080469e-02
7.313746076260203566e-01 -7.357030386951574075e-01
-3.573089575189900557e-01 -1.186257979284717434e+00
4.312609795648460476e-01 6.405097914026787465e-02
5.244659984161997857e-01 4.040571330059808397e-01
5.209189621938341563e-01 1.694056641841554522e-01
-9.758715885169882975e-01 -4.977103088503673223e-02
-1.177549756157800498e-01 4.173893784806510521e-01
-1.554487027456223469e+00 -1.848721241966751583e+00
-1.404745875448799808e+00 -2.550958889640276617e+00
7.952403657789449687e-01 -1.943035062469047614e-01
3.001906295888727150e-01 -6.131148698609398817e-01
1.542390743156569766e+00 -5.575261579540401469e-01
-7.822569710239921092e-02 -1.247099780112642220e+00
2.868331410236935053e-01 2.474628771887291911e+00
-1.674195580084350266e-01 7.733121685894764896e-01
5.970517306577816097e-01 -5.256708871898077007e-01
-1.369612735275484772e+00 -5.484287415247739439e-01
1.030595750400752575e+00 -7.666476308978272813e-01
-2.697011862589814513e+00 -4.055913624433524767e-01
7.230135754866388043e-01 8.417783035591597240e-01
8.739006982870861640e-02 -1.099103435322940914e-01
1.185517776560928382e+00 3.723783199234416141e-01
7.521627635181178384e-01 -3.108789498160210996e-01
