1.964539311668777877e-01 7.891641476949744494e-01
1.197066040011107058e+00 -2.320258917259601539e+00
8.088497658198772200e-01 1.083881318240188740e+00
1.311402685889525355e+00 1.704749937391117076e-01
-6.161002129816969264e-01 -8.516026737678693559e-01
7.868253227368705582e-01 -4.618131217109932019e-01
7.641751911789979035e-01 2.451336876348003124e-01
-1.493348423883799736e+00 -4.788508704448009579e-01
-6.850169851264698018e-01 2.297053890438344459e-01
2.147875903116739649e-01 1.687187791306433704e+00
-7.143759144810811479e-02 -1.255179684083467251e-01
6.630186889309824805e-01 -1.614380309228963695e+00
2.070085067225376108e+00 9.521923501074397445e-01
-2.035149884671616061e+00 -8.317156668760962157e-01
9.091764713868255576e-01 -1.838051941923682708e+00
1.215875041620345653e+00 -3.585036484478710817e-01
-1.626813604306754035e+00 9.417146305941324069e-01
-1.559259358725501921e+00 -3.198992120301157871e-01
-7.011023991616079920e-01 -1.019363947288472572e+00
1.153158264991134274e+00 1.936012773063753301e+00
1.244605138237049324e-01 -4.506307882542878174e-01
2.073526121324984484e+00 4.266923836488407118e-01
2.144491993225161153e+00 1.563647368248296532e+00
4.395751562214696984e-01 -5.716102870049892815e-01
-1.667265895491174321e+00 -7.393231777772460989e-01
2.403007716789583303e-01 -9.482491117802448466e-01
-6.870818001981682244e-01 -8.142281636290291669e-01
-7.882612879687771190e-02 -1.257574368440260049e+00
-1.372214502899220090e+00 -2.243291146758281118e-01
-3.901854492899611490e-03 3.450163855949991976e-01
3.317992575903975366e-02 2.498260135188047626e-01
3.672986365252526308e-01 -8.521630630385036431e-01
2.630208097542646173e-01 -2.179884210183622439e-01
6.541022843923711694e-01 -5.856343747996013427e-01
1.056941695171465190e+00 1.280858143282304296e+00
-5.862698192756446991e-01 -2.613237595252476120e-01
-1.333091040544603478e+00 -7.464944705438907313e-01
-1.222052873135103690e+00 2.358961544219731810e+00
-5.374954313110882342e-01 1.347499563812055490e+00
5.974588827129869717e-01 -7.862637394736875507e-01
4.118816891999530494e-01 -2.669023002262749852e-03
-1.527767695200166864e+00 -4.297027220290385308e-01
1.363129630508826740e+00 2.945400197115877194e-01
-1.351447879601078927e+00 -8.998977138125056063e-01
1.142991899142132839e+00 -1.661549608577941983e+00
-6.533286863868398298e-01 -1.428256914754767903e+00
9.670591174408259549e-01 1.160584569420070711e+00
-6.281952639131573868e-01 1.585678278404485608e+00
-2.765434971808286013e-01 -5.405335424522708099e-01
-2.662725580431341554e-01 2.232385361998234341e+00
1.568523186071420161e+00 -1.369129827186189141e+00
-8.114275942733989444e-01 -2.176575286745932314e-01
-6.513780613511567230e-01 3.715602137345027089e-01
1.673068455918500952e+00 4.121170116930337746e-01
5.115278077492141362e-01 -4.754072574103789250e-01
1.147023577772966207e-01 4.949680881490364226e-01
