3.825092347805517656e-01 3.260771872338353305e-01
7.571467278211501117e-01 5.732694794051643727e-01
5.907588617750124671e-01 5.703801553892809961e-01
6.672905004129651152e-01 -6.435252185629667387e-01
-6.686034372806849702e-02 2.324670079264827827e-01
4.878354797320455516e-01 -1.410023997869006118e+00
-6.158244335546788628e-01 2.291342052196707058e-02
8.438200530254510445e-01 -3.819826309548676191e-01
2.342650443706062902e+00 9.865563479968381122e-01
1.459295369451477642e-01 -1.496214482107797727e-01
-1.123590119210198912e+00 -2.182874351081905751e+00
-7.783945585971877579e-01 3.474360345575812636e-01
7.498824099541823163e-01 -6.982231834528419556e-01
5.513150089782654917e-02 -1.915929377665374356e-01
2.977855587661273340e-01 -1.949449136185171572e+00
-3.515449965726766268e-01 1.727147443053020037e+00
-1.015289574996600663e+00 3.495788527953171826e-02
1.226481912771153926e+00 -1.238863760982813700e+00
-3.578263103225954866e-01 -1.152764661581439309e+00
2.261575425120334604e-01 1.747544323548388512e+00
-5.740481733320257351e-02 -6.489304483914362098e-01
1.532499064264697619e+00 1.637947361324221029e+00
3.265941554300156313e-01 -1.398205680884612834e+00
1.829721317303336869e+00 -6.353064225858583436e-01
1.099500618936862795e+00 -1.647223154389374944e+00
-6.146395757791778269e-01 1.174375027242276381e+00
-1.669180962020575087e+00 -7.456942007049870147e-02
-1.186150775616939823e+00 -4.338773408863309533e-01
-8.864033249358720390e-01 1.391834188607813161e+00
-1.192983392089569161e+00 1.056785770861919493e+00
1.141150826896625281e+00 -8.021499185300742241e-01
1.205816305759309870e+00 -2.498740727476015111e-01
5.830960514196685818e-01 1.116757139191484782e+00
5.804969396500153644e-01 5.632632897991938226e-01
-4.290742742424342171e-01 -4.399543185131140066e-01
-1.642718272535008017e+00 -1.142621406664085182e+00
-1.063677149277072687e+00 -2.314144640950219767e+00
8.901802152809296098e-01 -1.720458143110330074e+00
5.639765379471053941e-02 7.880086782323222350e-01
1.010483971401859415e+00 1.269213849112452497e+00
-1.992991751816312496e+00 4.545929992888065319e-01
-9.086569275875774343e-01 -1.410852741924273124e+00
7.445851130335836565e-01 2.475949058965357386e-01
-1.025357098441790571e+00 2.105347006343250837e-01
-1.210004399972647082e+00 -1.730366416728121998e-02
4.729588098371030613e-02 1.030311755204899038e+00
-2.550257084654646289e-01 -6.052403655720011155e-01
-3.399549728463922005e-01 9.638067332263741127e-01
3.273530111259088660e-01 -8.453509899643373293e-01
-1.041318506460364501e+00 -6.154906359013091466e-01
-1.800622707082134566e-01 1.424275043122832374e+00
-8.795389754397490156e-01 -4.951536687773593348e-01
4.625695497301974823e-01 -8.101836686350629702e-01
1.514770211590587001e+00 1.007733396430908340e-01
-5.331549182111190027e-02 -1.588414998845506076e+00
5.617048007643340446e-01 -9.663300607485287852e-01
