-1.737245448121843339e+00 8.671933566674872029e-01
1.107598970575519148e+00 -5.349148155860973253e-01
-7.837329273702458021e-01 7.431809685538720567e-01
1.721943340424529234e+00 -1.482177476873720812e+00
1.862173149277769335e-01 -7.704888795091565656e-01
6.178889257861728268e-01 -1.060142609275994269e-01
-1.373699801225980177e-01 -1.628601513362159192e+00
-1.481091537666108682e+00 1.778273725251667825e+00
1.228474687809610222e+00 1.381394131123635738e+00
4.132417778704455813e-01 3.882769295436165891e-01
1.957172946957020487e+00 -7.947860051918996804e-01
2.111654376329686333e-01 -6.996111113868791476e-01
-8.870071161679559113e-01 -4.653388298726167105e-01
1.021973336913245545e+00 1.022857637913771045e+00
-2.976084579848113698e+00 6.963785651741351002e-01
-1.417934186114043760e+00 -1.021718507567710210e+00
-4.909484936703712443e-01 7.069162814619033286e-01
8.159891253690908508e-01 -9.074471644934550829e-01
9.712726542524494633e-01 -8.031458698272629926e-01
-6.123574892962209137e-01 6.876803820284485003e-01
-3.224123747725844424e-01 5.682440161761740383e-01
1.379124259412474629e+00 1.057306617435865848e+00
-9.141307182129014830e-01 5.391860212019085052e-01
-2.095106703125036371e-02 1.394927841530704468e-02
-1.114766131002300903e-01 2.360443749720966267e+00
1.712671456237684797e+00 8.498852915134602615e-01
1.175948447984628942e+00 4.800988923056306867e-01
-6.186782584929284567e-01 8.971252260563770120e-01
-1.128835686567562502e-01 -1.349173721576305329e+00
-1.249172262812690670e+00 8.273442716105847694e-01
6.373106152748155839e-01 -6.294356773864578924e-01
-4.220133941189494475e-01 -1.336100217438712656e+00
-3.248665020726139718e-01 -1.024878591371665593e+00
2.986461669471712210e-01 -2.099840083378644029e-01
-4.312255979475257406e-01 -3.465558909380372921e-01
4.787792906907835655e-01 -7.190950138409374359e-01
-1.235860134540762933e+00 1.555746633784419242e+00
8.335413096642064756e-01 4.995329877329088980e-02
-8.096133776426205075e-02 -4.839412746377119712e-01
-2.162491328662010104e-01 -3.914865224333447663e-02
-6.880971666937911735e-01 -1.583834077092999948e+00
-1.074250469096418081e+00 -9.804146795826247374e-01
-1.479512328383591147e+00 4.636686297363736275e-01
-5.525222358816679336e-01 7.606999795842845913e-01
5.922399559347441000e-01 5.982190052806432012e-01
-7.901950953480650630e-02 -1.495282759172074094e+00
-1.869401355427029232e+00 -2.721009831235307597e-01
-1.066857040521109967e+00 8.401433998068698061e-01
3.268909907893253197e-01 2.065346930378675783e+00
-1.519128234792254117e+00 -1.149596914147857918e+00
6.572674023249062136e-01 -6.280388337073515848e-01
-6.072995857755059124e-01 -8.980548384178619337e-01
9.258385388062263521e-01 6.753227647992183780e-01
2.869524204168050208e-01 8.417088080115234239e-02
-1.259938217819988049e+00 -1.068988574956107662e+00
6.068737189801527432e-01 3.492551137254191196e-01
