2.200270721336512025e+00 -8.764190867563121934e-01
-2.968562542006079052e-01 1.872428951736847536e+00
-7.884002567356990232e-01 -5.115102580730539472e-01
-2.183325265409558291e+00 1.804370197153242483e-01
4.443885611339414704e-02 -3.955874670278787253e-01
-7.208781799275092439e-01 9.795151579731470326e-01
1.375326000244437186e+00 -5.879437086458507711e-01
9.851656098911654169e-01 -1.054745557750919938e+00
3.954423243346462669e-01 1.238276908037497792e+00
7.570804395656650226e-03 -4.891952096116135990e-02
-1.122333147403393072e+00 4.080127521299250493e-01
-4.952375852582288629e-01 7.103742287668559641e-01
-4.853443887087542929e-01 -1.126566706504100068e+00
-4.295348409662402833e-01 6.095512891257987009e-01
-1.698437187823485184e+00 2.856754742416786064e-01
8.512282385379390526e-01 -8.551893045615350797e-01
1.745645706620565285e+00 1.571029786047198895e+00
-7.049696129412765799e-01 3.126318833618753623e-01
-2.363828009307907596e+00 6.133937256035609797e-01
-7.511828691218027654e-01 3.656025596861379734e-01
3.867869233450688116e-02 -6.292135858220534450e-01
5.931405390167256986e-01 1.471294831766024824e+00
-2.047397228283158288e+00 7.229509158629109367e-01
-6.115725873666297829e-01 -2.529997231582066172e-02
-2.426447383482845388e-01 -2.146033008948672993e+00
7.438269782748965220e-01 -5.247485997821244030e-01
2.832342209923890963e-02 7.949270717865782876e-01
6.926771069502807299e-01 4.595488905723950634e-01
-2.056374319364075720e-01 -1.591439940100472183e+00
-7.628574585827193610e-01 9.069390286506533450e-01
1.765579135843899639e-01 8.783685082196841520e-01
-9.214349048579753010e-01 1.618284705221002540e-01
-3.650369321040862758e-01 -4.891978363263686791e-02
-4.669695758212034642e-01 -6.565006363534757750e-01
-1.164695735424652989e+00 -4.025162271830749483e-01
1.667068604614123872e+00 -6.543833725725425321e-01
2.868417940135379318e-01 3.516012853797270132e-01
-1.642714765719044845e+00 1.882345301913754154e+00
8.493000198772866494e-01 3.675614159089883870e-01
2.289256596981970038e-01 7.478919126534612216e-01
3.801847527574745977e-01 -4.195857362807662444e-02
-7.539963913110764304e-01 -2.702018152204747614e-01
-1.230124447228213014e-01 1.011359457883489021e+00
-9.007676269865220187e-01 4.570019534967937891e-01
-5.728095610328897136e-01 3.514059922438343975e-01
-2.340005490491988138e-01 -1.417632652319119613e-01
-8.495228007523143443e-01 3.153403003253056613e-02
-1.386064247298826935e+00 -4.303950242474180454e-01
2.548430642622009357e-01 9.679249682177174519e-01
-1.016681371367035291e-01 9.567743881279493490e-01
9.377643511878552829e-01 1.188890635554026520e+00
-6.721780716127164768e-01 7.256317103895113529e-01
-5.246803588908237614e-01 3.637869627492893998e-01
-3.137858077189530914e-01 7.004580188919625749e-01
-5.106075064104335093e-01 -4.112268360616515295e-02
-9.066355906901182315e-01 1.218477079878595326e+00
