2.490261082257525238e-01 7.489720021257706417e-01
8.864968411072203514e-02 -3.318307936049726958e-01
1.040970609379848977e+00 -5.890292689119339675e-01
8.997447417378906520e-02 -5.806342123851695458e-01
1.105322230576664788e+00 7.857520937131487471e-02
-1.017964742263018918e-01 1.023786341336900163e+00
-7.356216187539560414e-01 1.228042338975583875e-01
5.782466748707058013e-01 2.350221833298407614e-01
2.240112962646661821e+00 7.633104284335906486e-01
2.527317705933082248e+00 -7.998615748352851940e-01
-1.627818347232871110e+00 -7.196343333719802393e-01
-1.249625993831241955e+00 -1.157204627481716264e+00
-6.716727419635296625e-01 -1.715014415380113233e+00
1.133345048197979821e-01 7.304339151157643317e-02
3.242025199286412973e-01 1.816165997228175177e-01
7.431852219174027718e-01 -3.827698392064137756e-01
-9.622032524148264876e-02 -4.036805880094006538e-01
-1.035674945100266253e+00 -1.170601104699794837e+00
1.384682604747194068e+00 -7.865647253078680290e-01
6.562330793122589379e-01 -1.239160548728480693e+00
-4.987906504179963688e-03 -9.930617999334689916e-01
6.136389035167919698e-02 -4.568691661991871600e-01
-1.907771396972577360e+00 5.077875952641663915e-01
4.006918725229877687e-01 -1.080216090782863514e+00
1.521862566349088119e+00 -5.129188090308863801e-01
-1.067291045785138337e+00 -8.499467357563437186e-01
3.560841498216518186e-01 -4.415325662370968574e-01
-7.094662342999868976e-01 1.194589801587252920e+00
-6.993999723795359114e-02 1.171920584387137199e+00
1.330186730650529947e-01 3.262266053400719734e-01
-9.407291314438509522e-01 1.118264705180493257e+00
-2.719420631429122492e-01 -5.767100916780096842e-01
-7.460762463932389954e-01 -2.743369959589428975e-01
1.070988617860647862e-01 -5.163187712529371254e-01
-1.663808937666614030e-01 1.970265348326004862e+00
1.189583481616045768e+00 9.593380999260144870e-01
1.122010377103318302e+00 -5.934650323352708146e-01
-1.354368549017111345e+00 -4.492186539246347809e-01
2.582534791269373020e-01 1.898286833095807757e-01
-2.393605347750764167e+00 2.595973308935162760e-01
-1.707722443014028924e-01 5.910547621186823530e-01
-6.458614247909306716e-01 1.291197172326419063e+00
1.650496122201637883e+00 3.007551316209968739e-01
-1.927105869860909371e+00 4.138127998842989763e-01
-8.898352934449565987e-01 -1.009281598152450776e+00
-1.566464995147151429e+00 -6.685255035788485733e-02
3.648900929239540791e-01 1.818857273985665879e+00
-1.629618627112227269e+00 -1.126106172128079841e+00
1.160333389532054671e+00 7.753869825604804700e-02
1.716015816373815506e+00 2.809633314165629336e-01
1.850763616970713676e-01 -3.689374054211091436e-01
-8.043648952449562461e-01 8.682675249485979352e-01
-6.735394284252425035e-01 8.826504052307494463e-01
7.352423407539965261e-01 -1.461627132188829392e-02
-2.004096529680468475e+00 1.395240917883410425e+00
1.212285765319004227e+00 8.254942979654490420e-01
