1.026143088967383266e+00 2.186813306569418636e+00
-5.281353684091120160e-01 -5.339564235220770616e-01
-1.932930791303589357e+00 -4.314211730767613662e-01
-5.220334674902454841e-01 -7.881490876271954882e-01
-4.609417318611626624e-01 3.581126985689432329e-01
-9.249968896606730606e-02 1.826348108689250127e+00
2.371350874330189207e-01 8.746358428455740588e-03
1.634332510262033189e+00 -2.568476613431269762e-01
-2.078914104301920585e+00 2.601353508604903886e-01
-3.629490710745630899e-01 -9.858463573149729431e-01
-9.211352227054139252e-01 -1.431854411266177407e-01
2.569947103857827542e-01 9.110206637355480197e-01
4.500589823519224875e-01 -1.908392547882621082e-01
1.534993196318338748e+00 -1.052437944999795372e+00
1.264337423350197831e+00 -2.778890382554635718e-01
-1.002884306693887506e+00 1.524205093378274700e+00
1.257854182982986180e-01 -4.223726120938864348e-01
1.430884574186251923e+00 -5.334742750020029511e-01
3.542835305678696534e-01 -1.002870558638831566e+00
-7.459543135151687210e-01 7.679747856755335667e-01
-1.399439553733922592e+00 -3.286438557655402271e+00
2.215188292085241262e+00 -1.461883380595990545e+00
1.097523639356020597e+00 1.934097275389204285e+00
1.403501007964314817e-01 -8.033172690663719084e-01
-1.932617221030311194e+00 7.084086446181893371e-02
8.614409098072896009e-01 -5.737211609550123548e-01
-1.022855264490963423e+00 5.898818862229617821e-01
-4.719895214181694110e-01 1.197738890493354802e+00
8.960517826339432501e-01 2.259485111591674755e-01
5.999976553234815935e-01 -2.840536371436765406e-01
-1.535981637210590556e+00 8.581018506516618904e-01
-2.411390779409079144e-01 -1.756750468537328524e+00
3.383984753580028815e-01 -1.602632769029445625e-01
-9.501077511236337703e-01 -1.278231685903087778e+00
9.530896772942522022e-01 1.912244935271297797e+00
4.944453893787900123e-01 -9.850237882263705724e-02
-1.222940510706028272e+00 -8.384115056344737527e-01
-4.081468792901067344e-01 1.363291807038921055e+00
3.497333888587905726e-01 2.913953209562181179e-01
2.773006260867598716e-01 1.020623684706891243e+00
5.359681048095839007e-01 5.570175026487881320e-01
9.905616362404702502e-02 -1.217126379556865423e-01
6.275487697212132066e-01 2.191605540424720333e-01
-2.484851836964323102e+00 -1.336502924868342435e+00
6.968001167302204646e-01 -1.666720462272652359e+00
9.485839029904541420e-01 5.524071962065605357e-01
6.857861204340911510e-01 -1.911019597805639347e-01
1.013374593228262288e+00 -4.983623239146706130e-01
1.299266476113643209e+00 -2.178584806015989583e-01
-1.359427312909937458e+00 1.689781172681304455e-01
-4.053691307665545640e-01 1.054624427863291913e+00
1.480823914178168055e+00 9.397161488042654609e-01
-9.956084794847720465e-01 -6.036274879038872054e-01
1.540948874904933596e+00 9.068978918097844386e-03
-4.092482404400011320e-01 1.543725517802279068e+00
-5.121568118879300524e-01 -7.943611335841364030e-01
