1.266213286114441283e+00 4.190401605853103506e-01
8.870385992258143781e-02 2.673921158855111502e-01
1.019178617915454943e+00 -3.147144251608051668e-01
5.382289067074356170e-01 -8.955421813634031336e-01
-7.362317325802828494e-01 -1.181343156299292374e-01
-8.451734119595911698e-01 -1.797468776568661719e-01
-1.122137518586698413e+00 -1.948508105707452920e+00
-1.179720717964082732e+00 -8.417603074809124064e-02
1.744294867875345822e+00 -9.667330928326168804e-01
1.236582111972738485e+00 -1.058941532167222421e+00
-1.425877914604885832e-01 -1.020533443683598884e-01
4.220598158747865258e-01 5.499147074740509122e-01
-6.305584539559461188e-01 -6.214671763735445803e-02
-7.766767161789790430e-01 4.739021063022257757e-02
1.183559056368044260e+00 -1.349594463030762692e-01
-1.045738691251545616e+00 8.327373466645431044e-02
-5.804589996603298774e-01 7.159735345678917007e-01
-7.881146420608624581e-01 7.907436902415833080e-01
-9.376667144586030289e-02 1.347129573359929555e+00
-1.437516302747471331e-01 7.653901904272836232e-01
1.772547639187349144e+00 -4.398770407335476085e-01
8.182481177396341288e-01 5.986163929308880860e-01
9.666453950827916808e-01 -1.903692060967618005e+00
2.530018358152368863e-01 -2.346763962810202386e+00
-1.507652679697080861e-02 -4.989945425674918167e-01
-9.653720574976686342e-01 2.786018488479716226e-02
4.574954164129627077e-01 -4.556527606067743985e-01
-1.489272307400422379e+00 -6.654289034461050578e-01
4.403717816060995771e-01 -1.174945183202456223e+00
-1.998980605595512161e+00 -4.622789892399263856e-01
2.106770315563685436e+00 -2.375692413793589752e-01
-5.279993397189590709e-01 1.361394262708076397e+00
5.544466297573542590e-01 2.217450275685804328e+00
-4.872045113369738445e-01 4.346957431953060724e-01
1.794520982869032943e+00 -8.116205738216921706e-01
5.586308881737818144e-01 -4.458484430870705562e-01
1.351487584708222778e-01 1.866223256201881009e+00
1.286202204486570633e-01 1.186783664730942656e+00
-7.550813095261792451e-01 -1.314413812742415866e+00
1.419661553650267916e+00 2.042484853330785999e+00
4.305217702716052641e-01 -1.685558019849842770e+00
-9.344670491961629688e-01 2.721572013461661665e+00
1.455863263595103430e+00 -8.839373748952316090e-01
-5.794448239347187446e-01 -1.048486267091939039e+00
-1.186503712463841537e-01 9.259460411100736144e-01
-9.769906293923774632e-01 -7.141175167745567043e-01
-5.691694103917891434e-01 2.609298629391027489e-03
-5.487507822136483693e-01 1.393405854493607599e-01
1.758687211997325139e+00 -4.144557774197969446e-01
-1.196913646427707478e+00 1.307599735240154493e+00
-1.683860606031813090e+00 1.678641254584466225e+00
7.827273824132443547e-01 -1.410761836094207133e+00
3.156169905385347030e-01 -1.174033230388201954e+00
6.100873954940781996e-01 -2.988955151268749000e-01
-1.722207663935834687e-01 -1.047969263141198815e-01
1.417054588935441339e+00 1.242368607805213188e+00
