9.640924674624284929e-01 -2.282530110708790028e-01
8.563529877032196591e-01 1.521980360045458891e+00
-3.030553788166330698e+00 1.327668505152146183e+00
2.058312090544376805e+00 3.772440950759113898e-01
1.346125589291706226e-01 -8.150458341910773452e-01
-1.085356988114003496e+00 -9.121501559001834458e-01
1.899084825150905376e+00 1.119136420372654067e-01
4.372606253744753396e-02 -9.855592724216458711e-01
-3.793244436290534316e-01 9.853457698829076739e-01
-2.769136177872282001e-02 -1.461798541367265614e+00
1.041013339225534517e+00 9.791613263658532906e-01
-1.571701843095764550e+00 6.781222868492662315e-01
-1.417421246747564201e+00 1.267069507462854627e+00
5.584786668343643123e-01 -1.581549653561293400e+00
-2.824655786131165414e+00 -1.035536714699438976e+00
-1.185737585576652320e+00 -3.283456592824103293e-01
-1.574997794352048508e-01 -1.925775139679770931e-01
8.585263901717321566e-01 -7.668859360268571734e-01
-6.036629042446184368e-01 -3.013856379317158218e+00
-2.827448217609432324e-01 -9.276712696766168387e-01
-3.312950791154098962e-01 -1.144606827587984904e-01
4.457498944436560917e-01 -1.708179425700229848e+00
8.671026909399403015e-01 1.980313340968579972e-01
-6.148467345387469418e-01 6.914385532724016681e-01
2.608057737563105882e-01 1.478025376346324693e+00
-8.085622824108407158e-01 -1.329563336117470795e+00
-1.008283242071801311e+00 -1.491493472783956831e+00
-4.252085240159516472e-02 -5.254903927189632507e-01
4.447293026873778143e-01 -5.827288096429041886e-01
-8.171376525217172171e-01 9.499244350563580408e-01
-7.708676848145309402e-01 4.734716903705006308e-01
9.597884794447093526e-01 -6.191625413590213789e-01
7.085900654898116269e-01 7.354412263259856308e-01
-5.156125800398483339e-01 -1.050647972879254155e+00
8.297354205352830414e-02 -6.214258352564867582e-01
-4.016383405150286134e-01 2.048579722969661621e+00
6.000974098769571441e-01 1.632326250294594994e+00
1.041317854815607902e+00 -3.372634922732924423e-01
1.641999960373293321e+00 1.428942779030346610e+00
3.150625585117088900e-01 1.046959099861490161e+00
3.408696641978106179e+00 -6.093450713697289300e-01
1.577470022314447995e+00 -1.021734854850087221e-01
-5.479930664068967117e-01 4.329066686699215016e-02
2.249266810604234390e+00 -8.414086446790335350e-01
5.405194354007059748e-02 -8.934599021413383579e-02
-1.527196157283234212e+00 4.033547061610562867e-01
-8.657229293361575762e-01 3.816558307135706207e-01
5.252691475245918618e-01 -2.391652382782993025e-01
6.779587075396555917e-01 -8.178898119259505606e-01
1.193354428506346321e-02 7.744654704195353956e-01
-1.092801255115388503e+00 -4.312925073100120077e-01
-1.066252773213657523e+00 4.036037022328757273e-01
-2.246514547265605177e+00 1.450180258460054494e+00
-9.483879066911699018e-02 1.284395042224438566e+00
-1.010064887414577450e+00 -3.021371712498654438e-01
6.309435791770904300e-01 -4.699940009050864731e-01
