-1.642869342567955249e+00 -6.479987575369099140e-02
-7.295596563132587808e-02 -2.256933660317489987e-01
1.555084446947367638e-01 -1.316594146233995399e+00
-2.303449092449900149e-01 -4.955597839984097197e-01
-3.996943711890838524e-01 -8.329955531912539568e-01
-1.121887865832827957e+00 -9.517788889637637251e-01
-8.971794012454015199e-01 -4.230823247885475702e-01
3.240689931061893625e-01 5.460729487268326521e-01
-4.537858960299152589e-01 8.818750607830256882e-01
1.249185799571814331e-01 -6.941409962139574730e-02
-2.028334306383259289e-01 5.090854452549741643e-02
1.213520144728678973e+00 -9.930155332422601067e-01
-7.619930614492812504e-01 -8.597575427412091909e-01
3.086037383095331599e+00 -2.297084975105354310e-01
5.979671479018101587e-01 -7.812227974469915237e-01
-5.121838252255100921e-01 5.025289057322005482e-01
1.225016352693805155e-01 1.095081907154810824e-01
6.146787950393863831e-01 -1.507290864481320547e+00
7.091556438836181808e-01 -8.669294548623777130e-01
7.654050065645142675e-01 -1.802145674942223108e+00
5.664464570536624777e-01 -7.178531101915073265e-01
6.220804530812127364e-01 -1.677443768124012635e+00
7.368221065592149219e-03 -4.993385791816882802e-01
1.024416859004146918e+00 -8.697549754152738011e-01
-2.954532607717856862e-01 -6.657154239201834578e-01
7.933405055891604718e-01 -1.065159297020348950e+00
7.401024732400114658e-02 -1.286573197864171458e-01
-1.427377595930144905e+00 1.361045559332816346e+00
3.898626099739025963e-01 1.894876160617569028e+00
1.119822084519024319e+00 -1.441793606394501381e+00
-1.640840898911427315e-01 -1.142511041866367982e+00
1.040227424560643765e+00 -5.784474249758448927e-01
-1.127333279409451716e+00 9.053978742172978655e-02
-6.620999922680330663e-01 7.689270284783756848e-01
9.988324651453337477e-01 -1.217167527944621019e+00
9.161689353737750841e-01 5.857774161161840576e-01
-1.063186448860993227e+00 -7.563348750288512168e-01
2.034557750281334787e+00 -6.902730989812414508e-01
-1.846260918230787418e+00 6.743628245848848346e-01
2.916928493477113915e-01 -9.739205351075695960e-01
-1.399574031116117112e+00 -1.269772147991891753e+00
1.049187249148497286e-01 -6.874096541447025643e-01
-1.460020267422295737e+00 -5.135196645872399657e-01
1.491503794579941644e+00 4.892464912719069470e-01
-9.497950093876043054e-01 5.499473298822821210e-02
1.157342406422395831e+00 1.327152875520375419e+00
-2.003617413812812387e-01 -6.003462872960988427e-03
-1.111665312100985625e+00 -3.337196526172629962e-01
-3.474161864308122349e-01 -1.054676359677529374e-01
1.689396859457558797e+00 -1.394517258523940928e+00
8.791959077838225056e-01 -1.257021644034646446e+00
3.084047088605137432e-01 -1.625055137530772686e+00
3.467483813828309974e-02 -1.847075307777407138e+00
6.866169127081024337e-01 -4.803698825692986341e-01
-1.827265927085726105e+00 1.841905342035521587e+00
8.564446173512032523e-01 -7.294701177111841961e-01
