6.492857264016259622e-01 -3.383473546366104201e-01
-2.497179285206062860e-01 1.163581387604149808e-01
2.834993214399051942e-01 1.106832930870702114e+00
-2.655906018850639483e-01 -2.249161892353217951e+00
3.185814820825534355e-01 4.823601158802658384e-01
-1.880961266816390254e-01 2.679187657507512907e-02
-6.259055387114180746e-01 -8.699940882009434828e-01
-1.638147200975849760e+00 -8.954991776059372244e-01
6.412571730286438232e-01 9.273598538885912124e-01
1.103866098591233802e-01 3.236941820170824435e-02
1.652790666872042458e+00 -5.052761078329251476e-02
3.224109675466512726e-01 8.672532245302956300e-01
-1.215753305014673602e+00 3.066876743384966963e-01
-3.869897741283055970e-01 -4.357075945281138618e-01
9.607718402211269382e-01 -1.674115303996646320e+00
-7.002824474554101286e-01 -1.903900472300504576e-01
2.785757475907089109e-01 -5.015225085688693740e-01
2.060958081360376060e+00 -6.268815102750144308e-02
-2.400567825642387909e+00 -6.398078195409799829e-01
1.140563459972637972e+00 -4.277869920375217822e-02
7.269002818499433749e-01 1.978948053060170797e-01
2.042623706290036090e+00 1.252338423112651089e+00
-3.536672452550238543e-01 -9.124710799379399662e-01
3.770138649651886276e-01 1.646487029628113552e+00
7.511926509254318596e-01 1.745479889937893436e-01
4.252268238761158226e-01 -3.599297203068611839e-02
1.064432690564907524e+00 -2.482368976593089527e-01
4.375702126091810668e-02 -3.515221652466021807e-01
5.187173601045568239e-01 3.801029684632374894e-01
4.703487933031654800e-01 6.207152667608831220e-02
1.543109499363447101e+00 6.080764615880575041e-01
6.898692000157361504e-01 1.556292575896868868e+00
6.230255529759902711e-01 -1.089972296301789267e+00
-3.765632396585035652e-02 -9.389158154498388198e-01
1.055862263353057440e+00 -1.057650538827919817e+00
-3.347341204292613170e-01 -1.374025930333932777e-01
-4.586967879459463160e-01 -1.735267967589837923e+00
-1.362830881153003215e+00 2.007344524785910966e+00
2.779479507661855031e-01 -8.277004842881497959e-01
3.489088670334442588e-01 1.753991831831153814e+00
9.232541894353421541e-02 -3.998570673196001901e-01
6.965175404039380957e-01 2.401321912319677454e-01
-1.507183482749528514e+00 1.486790031517703614e+00
4.788433097947443207e-01 -2.702702274483172462e-01
5.395152068399577949e-01 -1.178672611966060879e+00
-1.516720290855070319e+00 -7.818639738202290967e-01
1.013448961153610606e+00 9.500400787981728712e-01
9.567842227303690050e-01 4.847928463483268113e-01
1.960597778471780683e-01 -2.236679748060086848e+00
-6.667976611989301361e-01 -2.150987194572730576e+00
4.158966298914273385e-01 1.538215935944490242e+00
-1.206046898063978419e-02 9.282137946406777695e-01
-7.221330651689429336e-01 -1.884234684472028798e+00
1.533514856121615644e+00 -7.130725260682158062e-01
6.153637649338712379e-01 4.624401042660037375e-01
-9.906247321399567207e-01 -1.851108338866402359e-01
