-2.329597767536438768e-01 -3.073896722976243723e-02
4.997671539860463197e-01 -5.967549522485041669e-01
1.161934062606938989e+00 1.323894860107951432e+00
-3.653219400848521370e-01 -1.247716097130128210e-01
-9.634469362654138891e-01 2.530682266572343853e-01
-5.798309003994638333e-01 1.798425413960393460e+00
1.236244321562657705e-01 3.267452623066227968e+00
-2.991443060100922313e-01 4.356477297302146501e-01
-3.116291745644922950e-01 4.300173051414510339e-01
6.045288937557422582e-01 1.158276741086736283e+00
7.498974961616029777e-02 -5.639767655761125376e-01
4.915104576471767128e-01 -7.789769550496639106e-02
1.037170652446758323e+00 4.328298403889520585e-01
-2.469705217341304326e+00 1.763583114658788809e+00
-8.022284824780632206e-01 3.748319918742503698e-01
2.277432915080141937e-02 1.924072594987325524e-01
1.857834018097775042e+00 1.321552919521572944e+00
-3.825663099332510253e-01 -2.119248019866228350e-01
-6.752425219615643126e-01 -1.448018579193835809e+00
6.473682277677292873e-01 -3.497007591103100221e+00
-2.260666425469341212e-01 -1.170721444358881147e+00
6.395304614940472421e-01 2.179746280115633095e-01
5.191819861732900332e-01 -8.939600025545235695e-01
1.342656916900433872e+00 -9.699773321367580747e-01
-6.212217376599277197e-01 1.567640834989038334e-01
7.819570901228176663e-01 -9.369864764169777427e-01
1.039080546647039305e-01 1.152987593333727911e+00
1.726452974604962387e+00 -8.331355148394087307e-01
-1.183483584263038901e+00 -1.398118354850170553e+00
-2.634962024020604532e-01 -4.476432856017359407e-01
-1.644486600908173113e+00 -2.746500932822846242e-01
4.891174166329164130e-01 -1.017815497476300290e+00
-2.065058460061310885e+00 8.890200208596200915e-02
9.084864130054397524e-01 -9.012500772280449546e-01
-1.682019657602414675e+00 2.925959983443158663e+00
-1.505629759680720658e+00 1.040841726992696170e+00
-9.694269078125118400e-01 -8.387473676776349141e-01
-1.595929664288452621e+00 -3.156136815892708891e-01
9.313988262474176549e-01 -1.180845782954852874e+00
3.332832881827932359e-01 3.596589395430394021e-01
4.119066026708013695e-01 7.253457873714956594e-02
-3.620838379666055373e-01 -3.822721669380797493e-01
1.722850760930168534e-01 -6.492584686177383935e-01
2.118404371307566758e-01 -9.414606678718012711e-02
-2.582249548718372756e-01 -1.175117949094906800e-01
-5.939140140430430037e-01 -6.278831036213939898e-01
-1.363222764796408804e+00 1.005386252378177803e+00
1.287085464772236065e+00 1.134140355731128036e+00
1.197686416658677810e+00 -1.525649088975340462e+00
6.208763926837754799e-01 -1.312451675478164770e+00
1.418176925056493953e+00 -8.341550022267438802e-01
-1.038988764399247922e-01 -1.863890743649367354e-01
-1.974364383569328640e-01 1.254518148365531272e-01
-8.866653288797888832e-01 -1.489205263094601550e+00
4.974916224429916101e-01 -1.434549038383011177e-01
-1.690676540002380657e+00 1.470837775179091589e-01
