6.008856764028039366e-02 1.284526923376780039e-01
-2.181944669332909204e+00 -1.313103946045931059e+00
-1.393868397061685527e-01 -1.544125452557844280e+00
1.124370462333494247e+00 6.435613887119234766e-01
-8.845149477059632837e-01 -1.021284396189560351e+00
-4.994313267970952319e-01 -4.212997349536776737e-01
-5.631146714310467649e-01 8.201012179117131984e-01
-9.698948614228417586e-01 5.926959685917767562e-01
-5.777053154114033390e-02 9.671874876783148611e-02
-7.650036729919488243e-01 1.177175710405172326e+00
-1.006578618086138022e+00 -3.091220227116443509e-01
-3.145538003761796930e-01 1.271892044078133166e+00
-1.270991598404768386e+00 7.526146586332084221e-01
1.336601678016910544e+00 1.392787224008667224e-01
6.925428941735524146e-01 8.289556523645444930e-01
5.769842262897361546e-02 2.123713025879356564e-01
1.311026595296129971e+00 -1.676842423037411489e+00
-2.323039865623932054e-01 -6.956624692817344746e-01
-1.640482636818843210e+00 1.232091234421846676e-01
6.923863458322121467e-01 -2.083970042757108190e-02
7.107891362381988376e-01 -7.214192416760710491e-02
-9.789208733750403013e-01 -7.560085009403904044e-01
-1.747411189599459957e+00 7.949642892393768978e-01
2.575778477369075503e+00 8.826709178920391086e-01
-5.875733455903527913e-01 -1.923926584666988182e+00
-1.767286632540238989e+00 -7.772612774000171587e-01
-1.009935716402264871e-01 1.346484909258462537e+00
3.186713532518492986e+00 1.824585888531623235e-01
1.161969285110676653e+00 -3.655694968840468850e-01
1.775064889075715358e-01 -7.920349386573873884e-01
1.359733700953044133e+00 6.482060865803160876e-01
3.647068931631473054e-01 2.314527348722046352e+00
-8.873266426113740613e-01 8.401491959924847763e-02
-4.642217732336620384e-01 4.045367662342655990e-01
-1.526269321075153007e+00 4.992898256290997927e-01
1.585871176640364644e-01 6.173519876233900527e-01
3.387812561508694031e-01 -8.453933785283840319e-01
-3.157049817969427297e-01 -2.546990234683919052e-01
1.805631724407082972e-01 6.636444065618537502e-01
-5.074281410778878065e-01 2.105914372828342707e+00
1.707104284644495262e+00 -6.478304154149407967e-01
1.590872657045540040e+00 1.202752444830805123e+00
1.608799494463362956e-02 6.407437915123247174e-02
3.520975601357379525e-01 2.030953680540692030e+00
-6.132439712169037715e-01 2.046967349747721154e-01
-1.281839018384118012e-01 7.247105569532344971e-01
-2.383468276779316386e-01 5.746184952622589437e-01
5.616299355530036674e-01 3.214718131475501894e-01
-5.629501976248119099e-01 -1.035765405242068615e+00
1.159953924442515438e+00 2.518694090443608369e-01
-1.378783800947812832e+00 -4.425965348410313416e-01
-1.930951183470763333e+00 7.992698510892006780e-01
-9.698546468706102930e-01 -6.361190833778992415e-01
1.162191264053868689e-01 -1.776773495887993493e+00
-2.414666632635644739e+00 6.854108063221702185e-01
-4.904147511498279655e-01 2.117401667088861794e-01
