-3.252791329884280880e-01 -6.170193994402862758e-01
5.600954572490609573e-01 -1.049508012825949077e+00
6.602969409707885040e-01 -1.286290353156386512e+00
3.443479677415486329e-01 4.411487406163189240e-01
-1.752266966963920147e+00 -7.896886031116198690e-02
-1.636086520167503444e+00 2.589646391556431615e-01
-6.777160320704462837e-01 -2.362001710295966728e-01
4.661076502057940885e-01 1.563456984578214026e+00
1.407067936255849694e-01 9.236711038471228097e-01
-1.206745281446345852e-01 -9.016729919263095638e-01
-7.039977234287037033e-01 9.472081876579091508e-01
1.395429041936032954e-01 -3.807471799010281877e-01
-9.673367073529234306e-01 8.150017690416411220e-02
-9.138645033633088222e-01 5.422335632309535081e-01
1.341591309240060426e+00 1.692895101895331988e+00
-1.358646829968697345e+00 -1.864654144761278554e+00
1.838188532791555085e-01 2.306766158824942181e-01
1.229241575885203552e+00 -3.922179490565455562e-01
3.833398547060620221e-01 -1.139005542606374766e+00
-9.429267492985516919e-01 5.464714742423067984e-01
5.480275114489038257e-01 1.346516690354994994e+00
-1.971599868422845292e-01 1.366688887167627708e+00
-4.290373983488383058e-01 -1.165611819046387665e-01
7.200592177663601712e-01 6.307038667890667583e-01
-1.266031279685070787e+00 -1.455581097797065571e+00
-2.391109203860707910e-01 -8.208429897863437352e-01
3.086587343704587649e+00 -1.056667053421776137e+00
6.055045097206480931e-02 -5.859587770487707514e-01
1.053442290356663591e+00 1.611392486098091492e+00
8.365232569133500551e-01 -1.310327005776441289e-01
3.634170603621240669e-01 1.295033206297311112e+00
-2.074733817372803824e+00 7.124941534148696576e-01
-8.591076359580833710e-01 -2.152553384264424274e-01
-1.014992445340654692e+00 3.301932548296221404e-01
2.025947885012828298e+00 -4.633834670934999234e-01
1.424172277591326530e-01 3.024923685709474119e-01
1.263159021349057998e+00 3.091550327092389860e+00
-2.324978590473670281e-01 -1.235850184039516408e+00
-1.296281824648820302e-01 -1.413122871904627376e+00
4.745104714390312450e-01 -6.594773853188894419e-01
1.621735419202999587e-02 -1.003272114862873821e+00
4.463310449257937851e-01 -5.198536187519281482e-01
-1.308549293127004187e+00 6.780655160514001967e-01
-8.993954076012153909e-01 1.696771500235747743e+00
5.008999841498712469e-01 2.075331609102430974e-01
4.017327235744577174e-01 6.631795941605119760e-01
2.527344571172816523e-01 -3.323810046607727497e-01
-1.622864309128048133e+00 3.095886221810094097e-01
-1.647871100394606436e-01 -3.144163759632351285e-01
-2.427103315329327549e-01 7.094711713760639693e-01
-3.610179002764936640e-01 3.370620525732732076e-01
2.270996078717007760e-01 -8.499170862894419587e-01
8.687052937598792601e-01 -1.106678940935830857e+00
3.210043534123392939e-01 -1.447977337979948098e+00
1.344313321643781645e-01 5.906568564705871188e-02
-5.902048430706240412e-01 -2.077938754559052192e+00
