-1.380519479995774512e+00 -1.822468299101862144e+00
-1.334598949753352581e+00 -4.891236796545055110e-02
1.150078167371018506e-01 -1.670046439413326311e+00
2.550301737021291593e-01 8.801069501313214527e-01
-4.455312381572754110e-01 -1.428142590286457292e+00
1.882583178829813075e+00 -8.407492578402308014e-01
-2.007873439299904028e+00 1.530106404341512238e+00
-5.968156815081204769e-02 -1.095461410430706550e+00
-3.144831958925113913e-01 1.316718128837143453e+00
3.745107440347101857e-01 7.286262813854399445e-01
-1.493725805002513063e+00 -1.027689820771424900e+00
1.454733747343934513e-01 -2.184844181952671160e+00
-2.568403388043493107e-01 -2.267002419442556149e-01
-2.048529302839300126e+00 2.501698850799703777e+00
2.232071762909486168e+00 -1.022526196985090285e+00
1.086229179325232386e-01 -2.076998051882527285e+00
-3.400195970215363905e-01 6.951616384265975057e-01
-3.238255841073984787e-01 -1.399230198613188092e+00
2.279604969818608051e+00 1.025268441389385554e+00
5.872446086065611359e-01 1.427339599759511302e+00
1.944060043746126953e-01 -3.307942014427777688e-01
1.026496428285561535e-01 7.830510801911961805e-01
3.491238203220156655e-01 1.401734796691997742e+00
-4.031161346969222015e-01 3.392119385037236645e-01
7.642718620819054509e-01 2.413562542227762897e+00
-1.329477757483870981e+00 1.649177842583755105e+00
5.680376741307272548e-01 9.014980124375900905e-01
-1.858399522566436923e+00 -3.550758904729947596e-01
-4.978178778279786498e-01 1.207486678940376201e+00
-1.755009104378648863e-02 -1.774866728453973197e+00
-5.588418533690622247e-01 1.272583640644787129e-01
-5.169238961013070677e-01 -6.732510393851444119e-01
-4.114464906646415066e-01 1.495031461729139810e+00
-3.238794066764721924e-01 3.872691843061263905e-01
1.200888933463572616e+00 -1.517429889229995554e+00
3.815130299856753227e-01 -7.222951421794775451e-01
1.140947181693565904e+00 -8.983183255721564064e-01
-4.760506652044917408e-01 5.832237179256253290e-01
-8.761152220216135156e-01 1.334039125948794924e+00
-3.466128083206501762e-03 -9.497409485678499907e-02
1.544439019468195839e+00 -1.402346539512250967e+00
-1.070428768956541044e+00 -2.653216305006959597e-01
1.177808820690956493e+00 -1.114591074628447781e-01
-1.454507623263965765e+00 -3.036267655231286167e-01
9.455522531863906899e-01 -1.023326320909908160e+00
2.753958137963435360e-01 -2.287140274140300633e+00
-5.721560230488218490e-01 3.173979990518237537e-01
-1.694897003172585404e+00 -7.866496816373593770e-01
-2.035239575202709983e-01 -3.276896317759250832e-01
-6.604801693419083408e-01 -1.523799744779917420e+00
4.479848513927086467e-02 4.286218015808496151e-01
-7.199074078701630519e-01 -8.268905018243258853e-01
-1.260911303984074472e+00 1.320816196818086041e+00
-7.742543122424515589e-01 1.725232356638802811e+00
8.574472476320459113e-02 1.190333763059475247e+00
4.175252627303003838e-01 -3.090692046855981201e-01
