1.147751914389922634e+00 5.378221770430003934e-01
-2.045334203158840347e-01 -1.470374647780482213e+00
1.306751573111148312e+00 3.283907724780185666e-01
-5.143437298197220953e-01 7.842650120982157524e-01
4.453708363719169339e-01 1.206992559909318086e+00
-1.139030439582004117e+00 -3.251806461619418664e-01
-1.157004577981435745e+00 -5.490380508455039443e-01
-2.076715303272516966e+00 1.638554206792044221e+00
1.867580069062521608e-02 5.986682056745759040e-01
8.270854915956292741e-01 1.191390514093538355e+00
-1.046591453292523788e+00 -1.530115001735247837e+00
-5.425537009054443027e-01 -2.075637941335715997e+00
-9.544172667294742451e-01 3.944709335430810482e-01
-2.197050314001946225e-01 3.506213393062876937e-01
-4.225901998960518435e-02 -6.433107674693810951e-01
3.284733453359654082e-02 2.077557845261662484e-01
-6.652212778344950284e-01 4.287150024263303855e-02
5.667694344055894673e-01 2.037508511951547918e-01
4.285431464724193673e-01 -7.317397448841724827e-01
-8.869158599865700765e-01 -1.237215649852152266e+00
8.796161772598689588e-01 -5.289557736356812478e-01
3.012869318286075515e-01 4.414485433494668709e-01
-9.382177590565305980e-01 1.074882298232823885e+00
-1.801341609486852402e+00 7.937731798430981700e-02
-7.691193785694520058e-01 2.462181866387043450e-01
-1.587015831548207911e+00 -2.557950165828547506e-01
-2.372208220998913930e+00 -8.142532395864318095e-01
-8.578156708542732378e-01 6.534863553307952433e-01
1.239416332453417535e+00 5.474486238971717489e-01
2.516717994500735078e-01 -2.719931430003116879e-01
9.380052360233043229e-01 -2.613776768712908205e-01
-3.327043500273920151e-01 -1.339415633158326013e+00
-1.139830614585068735e+00 -4.846902511409264536e-01
-1.590148521957684968e+00 -2.392684626031824913e-01
-1.299969875269983532e+00 -5.036656590719941207e-01
-7.520332601208452594e-01 -1.026257794456669314e+00
-9.632058507856342544e-01 -6.419855523488970928e-01
1.788418636383891092e-01 -1.904103607315441371e+00
1.656293832348091355e-01 1.095407056258632661e+00
8.372154835421360408e-01 2.047810529129070023e+00
2.148090459289572429e+00 -8.360097860521392699e-01
6.644420770686269018e-01 7.327094619129586039e-01
1.098678586422831671e+00 8.251616121091812639e-01
1.537840691703390439e-01 9.126634878421625574e-01
1.315489420084276606e+00 -1.819824912873875045e+00
-1.887832223752013538e+00 9.727964852058719192e-01
-2.783494657397606042e-01 -5.486289403451560104e-02
1.660169123247899892e-01 -2.195616696462258932e-01
8.255357520457216047e-01 -7.186413204665321741e-01
-1.005666587995022843e+00 1.259421991439573230e+00
-1.112478166881276209e+00 -1.147003111198340169e-01
2.487343812307874213e-01 -6.033288597088198868e-01
-2.281974042509605116e+00 3.303071651324224201e-01
-1.056693382238196532e+00 -5.233590411976221102e-01
-3.366565961669004681e-01 1.207557223104609001e+00
3.173875147097856564e-01 2.962795703097940991e-02
