-1.756040707337530871e-01 -1.230345890334850534e+00
4.302723967599078603e-01 -5.185659368023343152e-01
2.370672718559792891e+00 -1.493282163597745571e+00
-1.140551087245322837e+00 -4.172971123667294502e-01
1.434741061409879004e+00 -9.330884345132437474e-01
-3.386653118771258408e-01 3.922943383422823893e-01
7.477424446285015902e-01 1.463982731672553717e-01
-1.415638195490625417e+00 -6.833015788283020031e-01
-5.617742163188199633e-01 -9.827798313957807341e-01
-1.668912404635665592e+00 -1.369182599684297008e+00
4.113716188145451480e-01 1.680975647428687575e-02
-1.088248433013589311e+00 5.909723634937852355e-01
-6.689308398463471583e-01 9.030472090302643640e-02
5.754675433140811203e-01 -3.112000744649334738e-01
-1.102874711674582731e+00 -9.793454827120862127e-01
7.474862955602917802e-01 -1.288839088209615458e+00
1.347692553310996466e+00 8.577057254330426872e-01
5.953682494827877703e-01 2.868509181123057861e-01
1.342163311623062905e+00 -8.659597867986105202e-01
-2.608718092058445182e-01 -9.909715778981984524e-01
3.553741646856558023e-01 -4.641220145300544719e-01
-1.674282728282272537e-02 1.962652696472986236e-01
7.213390571018837849e-02 1.556722968426809794e+00
4.794462382080239560e-01 -1.246277885451096301e+00
-4.518464588750815691e-01 -4.895147043738158898e-01
1.277147550260659070e+00 1.013126634456636088e+00
-3.642234202780073038e-01 -1.232367214131913968e+00
1.187365653163723778e+00 2.259597526061961070e-01
4.209325519596034404e-01 1.929586434871486400e+00
5.017302990216428171e-02 4.550405163936125374e-01
-1.822690627206772440e+00 -9.501650200099106547e-01
-4.845663874030927132e-01 -1.514884215582491533e-01
2.228294750776630195e+00 -2.654013393705059176e-01
5.361052549542257850e-01 -2.514356696848949468e-01
2.183740858077059255e-01 2.184745635461280699e-01
-1.175443991564965263e+00 9.883685676220833882e-02
1.212246832845900180e+00 3.528223758653344921e-01
-1.338071645012625932e-01 -1.244147741732426926e+00
1.109445872178197678e+00 -7.886872490966665428e-01
-2.359885049055304163e-01 -3.908509502393975321e-01
-1.282049989188535521e+00 1.570145785097033064e+00
-7.004144297259035090e-02 4.791057108049188717e-01
-1.049528260511010114e+00 -3.297881932521848913e-01
8.191455116930982383e-01 -6.434232948258501728e-02
1.126389586119089570e+00 3.248974338430452025e-02
1.615667385339669915e+00 4.521124383907679928e-02
7.440547840186727546e-01 1.375774319456324613e-01
3.695626677552688588e-01 3.019983333826797289e-01
-7.736663898768486591e-01 3.027842715578675514e-02
1.228394225109577853e+00 -6.573104640851757940e-01
-2.032405416723381375e+00 -2.070889441714085510e+00
-1.205884238779280304e+00 -1.782081124872026134e-01
8.698388940600350061e-01 -9.138083537164167769e-01
6.432363235755638939e-03 1.535115618326058140e+00
1.502596718974274492e-01 1.829174729766612495e-01
1.520305664159073533e+00 1.560132236003322292e+00
