8.772771895519063667e-01 3.993391328048201405e-01
4.156401182848734610e-01 -4.494373323464753156e-01
-1.762991510298219655e+00 7.007937457847629448e-01
-2.796446732591476025e-01 -5.899530468934650607e-01
4.823631306006080366e-01 -1.101108295272503090e+00
-2.183998712492494360e-02 7.481370146970697244e-01
-7.573662858842313828e-01 -4.720017391039275090e-01
6.060197416046292362e-01 1.166861801298282986e+00
2.171601225638775945e-01 7.770775020144776724e-02
5.363762578939361703e-01 -3.400071967662992023e-01
-4.858669630592620803e-01 1.553774801763173841e+00
-6.551478338971136184e-01 1.781475615881444208e+00
7.716674536522166727e-01 5.979847347546217717e-01
-1.288660280188381968e+00 2.796446066449247980e-01
-4.072487575379238889e-01 3.585900846245508866e-01
-4.835958171753527712e-01 -3.206650459553795351e-01
-5.549561205200718161e-01 -1.228975328789225330e+00
3.468589565183126111e-01 2.903390993698417022e-01
8.947828744368655496e-01 9.026247968038939584e-01
6.150714842133877536e-01 -1.235144851881395889e+00
-6.080103798650110525e-01 6.495947360394532799e-02
1.965758725121326211e+00 -8.379789375770057003e-01
-1.281749943746801179e+00 -1.678930612578208026e-01
-1.494290982274370794e-01 1.685018318015608196e+00
-6.615561857672495050e-01 -6.638554723016562020e-01
1.349560984760537430e+00 -8.680871407833018472e-02
-1.091073846506935396e+00 -1.662751838775502700e+00
-8.637268999025810023e-01 4.541966599477256783e-02
1.334089457822207780e+00 1.371591473484692569e+00
6.970595708544673474e-01 3.227924408576190451e-01
-1.911768324800674046e+00 -1.234269250367486803e+00
-1.514255326549149849e+00 7.977248683208268965e-01
1.326712365121802017e+00 -2.995192360169378620e-01
-2.198090359743794242e-01 -1.339355141806327087e-01
3.034937997726366854e-01 9.971263260333184109e-01
-3.636499429228106095e-01 1.120899824624591146e+00
-7.641129980692841217e-01 9.132449245475565691e-02
-7.592421512521406735e-01 9.321507529669660341e-01
2.442816885366734525e-01 6.440552794628950917e-01
8.424278857086923145e-01 -7.626319506667269543e-01
5.712993504320275084e-01 8.108522898904767240e-02
-6.392647796312346253e-01 8.156677202941019500e-01
6.955508982387745842e-01 -2.346243013326878291e-01
-1.259234811970919132e+00 1.165111139418134156e+00
-2.318173496211321183e+00 6.388648300488281029e-01
1.172460951951073582e+00 7.575854590380407538e-01
-2.414393298681173916e-01 1.646753245527093623e-01
4.503268740681667381e-01 4.893374936525007324e-01
-3.321820510299492435e-01 -3.691977140739193808e-01
-7.261622913854970385e-01 1.032039807886611760e+00
-1.329976378433133100e+00 4.922308118204890004e-01
-2.319700429494813143e-01 6.264064846645204243e-01
3.885712120315910068e-01 -9.521156718255405771e-01
3.587150222026238011e-01 1.638747583630866256e+00
6.796039229810278692e-02 9.116903740179290727e-01
2.511701165259527802e+00 -1.143266895204444467e+00
