-1.408197072144638629e+00 1.104912235578300983e+00
-2.095234688043769861e-02 -1.720100258544421737e-02
-8.128836491977802226e-01 2.838264308464714780e+00
-2.028338143314041275e+00 -5.860202483907711590e-01
-3.250732621348808027e-01 8.177222046793782839e-01
-2.862967135488870274e-01 -1.673777783341591663e+00
-9.388295057913362829e-01 -1.759933325321441089e+00
4.397446956784059058e-01 -1.232372288018853901e+00
-3.674102031634484677e-01 -1.183596540636641103e+00
9.376744424107837927e-01 1.077686664030715197e-01
-1.142794217031355197e+00 5.094887037134711028e-01
7.681545565899551287e-01 -6.547817593336006936e-02
4.294283520664064491e-01 -1.046716355264273757e+00
-1.277847449413314296e+00 4.599272852215219864e-01
1.070171417257181012e+00 4.615805182345353308e-01
2.515098755959974230e+00 -5.935280975254780822e-01
-7.470664112622671382e-01 -8.128250381137539504e-01
4.156730332038674307e-03 -2.458240630089443823e-01
-9.672927067816005087e-01 2.133681192971746340e-02
7.694307162644054010e-01 2.878302075364021911e-02
-9.008930719518652985e-01 -1.102878558192783798e+00
1.145163874469255827e+00 -4.847926510543575929e-01
7.675260434243061924e-01 3.961503042126793273e-01
1.200282646649045049e+00 -6.771859970624733993e-01
-1.539717414327707257e+00 -5.580881912345538876e-01
-4.958406022096324417e-01 3.286227471922278376e-01
9.471014920894205158e-02 7.016206306553280925e-01
1.208458560401588278e+00 1.419640166500569199e-02
-1.345229030762839395e+00 -7.741252976439215727e-01
-2.906906439305645962e-01 1.356536014911966737e+00
-1.563320886675911181e+00 -1.100104501815071023e+00
2.015835033026299183e-01 1.335590276337882187e+00
-1.851224084247858059e-01 8.962653336635532098e-01
9.222093627455273390e-01 -9.100393278753515780e-01
-1.242066333124157040e+00 -2.050376294621705231e+00
6.300882301181900402e-01 7.761080828326247794e-01
1.289165009917406346e+00 -1.228998910250516996e+00
9.524437773783556160e-01 2.437456309726170611e-01
-1.526260047126771491e-01 -3.334529986620406450e-01
7.927073033785705380e-01 -6.335435685294789065e-01
6.123067175279913732e-01 4.395573311770963332e-01
-1.446102854794540260e+00 -3.398511730915619866e-01
-2.057036488165644994e-01 8.478050060149605605e-01
-7.918450230020689373e-01 -1.238048321250040607e+00
5.071815528437197962e-01 5.213726883768563525e-01
1.217348982655731549e-01 -9.012832017221682201e-02
1.638377795786179758e-01 -1.392238544801119193e+00
1.816354787095687096e+00 -5.981037889029932053e-01
-1.405678589910258180e+00 6.410491667555960893e-01
-8.756201380120828826e-02 2.008606074465909552e-01
3.475717196934379749e-01 -1.077654230789218071e+00
1.176698430460049405e+00 -7.320193017654076373e-01
-8.596465748707309285e-01 -9.903529366028428482e-01
-2.780615117605622078e-01 4.087566046422939636e-01
5.830799397791589511e-01 -2.079994525237201408e+00
-1.293550577158992576e+00 -1.116363207775408206e+00
