6.879566050012085876e-01 9.148734647029231892e-01
-1.066115856237246140e+00 -2.223232918922214640e+00
-2.255077401466861475e-01 -5.037366907591825926e-01
6.956198551920087514e-01 -4.967990475458077815e-01
-1.163029386430775469e+00 -1.457576263735640643e+00
-3.332576861616654007e-01 1.346531181453795689e+00
-9.758242440180117661e-02 -1.162827753408892439e+00
3.112141664003036379e-01 -1.611445744660504886e-01
-1.677369022888195171e-01 5.692835599216264919e-01
-2.304560139759351145e+00 -5.934802707023353330e-01
-1.062701414209155981e+00 5.328268890993442808e-01
-1.124145292133867269e+00 3.505699986042202787e-01
8.771270505382036120e-01 -1.094941447039580851e+00
-6.851504691829085614e-01 7.543329498960012203e-02
8.304802567001005054e-01 8.906406759218849639e-03
-5.386404429375991620e-01 -9.030483351375355738e-01
-2.639485177489509643e-02 -4.573526095926850332e-01
2.260940324856834049e+00 -4.511429331227654327e-01
3.690151220944858368e-01 1.283170101329930701e-01
1.459242782896375823e-01 3.098849875989766467e-01
-6.146812222596080844e-01 2.438186418313483539e-01
5.049274291036850437e-01 7.279461180477243554e-01
-1.283054381218708406e-01 1.316315450226376749e+00
1.051018592999584556e+00 8.626571069809007009e-01
5.908317931701678738e-01 4.595155036013838235e-01
-1.701132468073054405e+00 2.067668173435056378e+00
7.588732342297705991e-01 -1.842071580139422071e+00
9.508343678778858887e-01 -1.061729504061194457e-01
-1.627064038870912610e-01 -1.013317683664717972e+00
3.259471048364713130e+00 6.025676325062793159e-01
-1.524171747421447787e+00 -1.135968057561857147e+00
-3.597539261314703363e-01 7.288616869919707364e-01
-1.237539082674810276e+00 4.762681459901323827e-02
-1.021106173131601347e+00 1.964790186756072199e+00
1.046553438084119270e+00 1.816111575104746745e+00
2.157222346753443973e-02 -2.048703085392397372e-01
-1.214272269643023927e+00 4.487705704727849021e-01
-1.416716707451131096e-01 -1.453146428898117071e+00
1.852722728243153316e+00 4.929713142127019054e-01
6.705915726344778838e-01 -1.824039061452146226e+00
8.489318606402256329e-01 1.678873372962164101e+00
3.474261435962880396e-01 -7.030822488804695514e-01
1.968503099107643817e-01 5.689592150468706366e-01
3.946833645730076778e-01 -6.296933473583764540e-01
6.522021638443323832e-01 8.792626688966139747e-01
-1.943338199457608495e-01 8.487027633890995570e-01
-5.892372219329508609e-02 1.068266807489119508e+00
1.315397553381182583e+00 -3.525722858288178607e-02
1.390163445580747448e+00 1.026098094326352683e+00
3.659228775198247741e-01 1.320064123575238335e-01
9.387923448987831598e-01 4.853627364744964034e-02
1.214095384636182384e+00 8.968852132411958555e-01
1.185063865788798854e+00 5.283431128249581610e-01
-1.018862467345999362e-01 -1.618623021409279161e+00
7.358942967005002167e-01 4.295009355297530473e-01
-4.017252869951402072e-01 -1.924101644305375780e+00
