-1.135765833128571600e+00 -1.314387846149234429e+00
1.430219516426035176e+00 -3.729628548409639338e-03
-5.086898961403080177e-01 6.115193854511786764e-01
-2.214749061677034003e+00 -2.254872877215271798e-01
3.482992509073277732e-01 -1.046644413253489558e+00
-5.883188185512673585e-02 6.644272983903951602e-01
-4.895665729669690380e-01 -1.125479077717695064e+00
-6.782198235012256715e-01 1.054355251257114434e-01
-3.253975469719057045e-01 -1.660508881128609782e-02
1.790686407491012266e-01 -1.281826464629396978e-01
6.598540890668704861e-01 -5.800759892132630879e-01
1.024459944334989103e+00 1.747103566115578044e+00
2.988716604393946707e-01 4.906877535797746770e-01
-5.892813133634546841e-01 -4.566284375608865576e-01
2.907216003877384491e-02 -8.663007401851826605e-01
-8.668201943548821120e-01 1.219980701916803412e+00
1.799416854563747004e+00 3.349714164882739986e-01
7.171106076256881234e-01 -2.424046407868752695e+00
5.657908491406411777e-02 1.383239304941945136e+00
1.608988502112391750e+00 -6.235520914913991186e-01
1.443805888669463355e+00 6.073143192765525500e-01
-1.279268995277654530e-01 -9.138247498250398060e-01
1.150142810026250739e+00 1.320050967908767969e+00
2.192973878019597311e+00 -1.432005611134731238e-01
-1.485031766852641155e+00 -6.600133684191266115e-01
-4.295512649566853303e-01 4.262505895204958817e-01
-1.480082798472659666e+00 1.043132644252711128e+00
-4.937267073485294144e-01 -3.946193044977779341e-01
-1.739243660210368636e-01 -2.239407312618132972e-01
-9.762475308633862259e-01 5.986636092420468680e-01
-1.941662944803714541e-01 -2.019096374943512018e+00
-9.625140908443000631e-01 2.998361970452628200e-01
-9.047234242484603062e-01 4.944305115295089537e-01
5.962072074557707158e-01 9.068733791319283366e-01
-7.356199196382638694e-02 -5.881455878138558413e-02
-9.035910542500977805e-01 4.089936735992825145e-01
-6.009816760496748955e-01 -6.476075054022870647e-01
1.096239602675302821e-01 1.702898435146468659e+00
-4.405668178619524533e-01 1.288478296223258379e+00
2.746796922212296210e-01 -1.309768891558939163e+00
1.203578390861224756e+00 2.649424487508000858e-01
-1.394716732811483118e+00 1.776054319657458302e+00
-8.483175507941679294e-01 1.032322848802028403e+00
2.292324681579735179e-01 -1.755312691127866032e-01
9.872878392274335724e-01 -4.978880231688173619e-01
5.791486491608560661e-02 3.639267845085583652e-01
-2.902572539262991413e-01 -7.474297004826924162e-01
5.200498929288375205e-01 9.753123142242320354e-01
-3.409563795313948487e-01 -6.074478424904955487e-01
-4.747197199987628763e-02 -5.599198210782285745e-01
-1.694026371179326862e+00 6.295691696499445822e-01
-5.161360431830764872e-01 -2.782828249055584457e-01
-1.075892886377874058e+00 -1.343419955138452471e+00
3.439236801483425698e-01 7.409709542077180799e-01
1.096564927034626935e+00 1.682820278005911385e+00
-1.087844550814177635e+00 7.329685073360729941e-01
