8.397891960952321710e-01 -3.962360890217201947e-01
6.550338345797005468e-01 -8.412031502303412012e-01
3.235329095869957650e-01 4.261474777986526408e-02
1.139200972037854032e-01 -3.111803018615296179e-01
1.825540979081166526e+00 -2.384746289540535524e-01
-1.542404105527658276e+00 1.574538458647709138e+00
7.965242452821025276e-01 -1.142432757847299252e+00
-1.870375916818741713e+00 -1.166679211826688212e+00
3.085603681134124754e-01 -1.706186677158232912e-01
1.133247871274759566e+00 4.740800177263418402e-01
-1.775498953530362245e+00 5.044976400509924019e-01
-2.537160464482182687e-01 -1.072910849585028803e+00
-2.124310041881720401e-01 5.561908777245896385e-01
-8.776429021226399563e-01 -9.981149223815045657e-01
-5.109964297079252482e-01 -1.472461416368886722e+00
1.641816410755779776e+00 -3.210794342649122002e-01
1.533424877688309707e+00 -1.326840700181909360e+00
1.173762728514031295e+00 1.866861232165615503e+00
-1.112999592127138573e-02 2.324474039863142494e+00
-5.392106470824202802e-01 -5.027534879304310644e-01
-1.128562629802924544e+00 -2.560896525299471982e-01
-3.979372146614807426e-01 -2.454431200851408534e-01
-7.859083078034182490e-01 3.769640324047922597e-01
5.595919877531200237e-01 -6.807717206683190359e-01
-1.076274483727846620e+00 -1.720492716222842000e-01
3.538894443792174882e-01 7.348474975245522511e-01
5.699287672207441480e-01 2.018692043650764933e+00
-1.135994558962158729e+00 -2.158968064931741981e+00
-5.660518630703988974e-01 1.145339679385878773e+00
8.236705398524859500e-01 -1.622064682191662444e+00
-1.915567588429056139e-02 -6.038002068263269295e-02
7.916613887336443334e-01 9.655462537913095389e-01
-7.762587255131169206e-01 -4.215690037013317820e-02
6.414156850873411475e-01 6.841604133920203834e-01
2.159021731748564044e+00 -5.814291809283292922e-01
1.047045533037326059e+00 1.566717666223213234e-01
-3.263093779299608421e-01 1.959376841032157701e+00
9.221338972929518096e-01 -6.312080777043022062e-01
9.337345227900377687e-01 1.042444812863310366e+00
1.188474104961460442e+00 -1.077204950226786417e+00
-1.628306899258575302e-01 8.506399966285314862e-02
-3.293462328862455935e-01 -4.772592069309974927e-01
-2.570181911298608846e+00 -4.803020251870946389e-01
-5.543020980179532708e-01 4.496823260203491879e-02
1.475430238606958877e+00 1.349751670671968329e+00
1.430586199974011707e+00 -7.419679771121792111e-01
4.901137168795711707e-01 1.609834027843345394e-01
1.234127455846349697e-01 -4.865580480579618228e-01
3.199132721053460915e-01 2.109819834996142784e-01
-5.734354364766378609e-01 -1.625134633632588366e-01
-1.612267201764783220e+00 -5.720572297811759022e-01
9.575668433449082695e-01 6.199279087674485211e-01
1.932595470096071244e-01 2.577733009997229194e-02
4.371008433379737212e-01 1.543707246536936362e+00
2.905192712704359193e-01 -8.547479835396879499e-01
-1.067788204173816258e+00 1.020512650912805297e+00
