-1.745959864300450359e-01 2.318258864243094575e+00
1.005417567932037626e-01 -4.713540803647548461e-01
-5.700877302748256215e-01 1.050666027176742207e-01
-8.109997391112752085e-01 4.735275597364334565e-01
1.363508632168329626e+00 6.868978895352917391e-01
-1.886491782611685875e-01 6.828877718745305359e-01
-9.745537565691615722e-02 2.040447624801357218e+00
-3.755395959787190957e-02 6.655533818639167709e-01
5.225688845651862424e-01 4.163273907113525518e-01
1.170711419312185475e+00 9.109866327098213590e-02
1.265379682266148109e-01 -7.746714156955833985e-01
-2.401834776818026818e+00 -6.066681173258435811e-01
-5.624925392114231704e-01 -4.836021034150397302e-01
1.120746438744735896e+00 2.570413541325815010e-01
1.242599929846083695e+00 -6.335579515528136918e-01
-7.680232832358125927e-01 -4.847773234478158777e-01
-3.125819962619187375e-01 -1.351077336166626397e+00
-1.374348903155839519e-01 -1.325285640339152637e+00
-3.859426513594818586e-01 1.564023342369563085e+00
4.397289993411847009e-01 -6.670770598226306858e-02
-3.891988687583943785e-01 9.594712249640479085e-01
-7.525235586747835992e-01 -9.882901044662729673e-01
-5.094953920969697014e-01 -1.744808988991257470e+00
-2.451156972394450684e-01 -1.383272493255609747e+00
-2.660210735069087340e-01 1.466959086628545572e+00
2.824786897617131420e-01 4.284003511952849119e-01
5.704198571672035589e-01 -1.517509170353960934e+00
-4.576716463330885443e-01 5.768886277884176517e-01
6.884147212848124031e-01 -7.437054055764050764e-01
7.947177449726647858e-01 2.645346793560326426e-01
6.328921585707640851e-01 2.315653398735260105e+00
1.119489389726629369e+00 1.293370114138981064e+00
1.316611546856645831e-01 -2.646315547711807770e-01
-5.357579077243581622e-01 -2.528285248655952167e+00
-2.796756647331808399e+00 -5.958192517202470784e-01
-3.604518281950837566e-01 -2.662111757739293316e-01
1.144076183701536742e+00 -9.818834010324427597e-01
-1.683540608097438662e+00 -6.455457858404909377e-01
7.560267101232102105e-01 4.472863967443236888e-01
-9.293444955171581423e-01 -1.288066324522798567e+00
1.361317110319102630e+00 -5.278417466547201675e-01
2.691014925037617522e-01 2.804006001341771137e-01
1.075109344640167233e-02 -2.428228219833908630e-01
-1.348942437243347836e-01 6.877687783432251400e-01
-8.389287956743677332e-01 -2.084004272166174454e-01
4.515104917378765514e-01 -1.141866229853966352e+00
-1.570674255527122032e+00 -2.002289595572915637e+00
2.212117990450671035e-01 -7.723794982219612804e-01
5.627191931047875739e-01 1.552455915432421341e+00
-3.667026529487709685e-01 -1.408601732722949196e+00
1.204920145639684970e+00 1.114352910955417775e+00
-4.119888002648813830e-01 8.469463166261116394e-01
-4.794340117716728300e-01 7.715791866797184761e-01
2.137325845370307009e-01 -4.067783340867135444e-01
-1.223446956460107371e+00 4.669984388033295297e-01
9.667073882433097065e-01 1.076230544564626079e+00
