-5.605380974155742546e-01 1.630782484887582651e-01
8.220218561493042309e-01 -7.507456019423235372e-01
-5.230601564146389881e-01 -1.383412303847684433e+00
2.914844194947353029e-01 -2.490968150291364314e+00
3.273907371765206187e-01 -3.375855160045092562e-01
1.354765972359907589e-01 -4.522285090913671368e-01
4.888014050117087672e-01 8.172825916080835862e-01
-6.782142638957434633e-01 -1.835992455773754140e+00
4.653392740269015060e-01 1.483405386588119823e+00
5.986940314595143864e-01 1.385589531868940849e+00
-1.467783977612428792e-01 -3.451130432318419428e-01
-1.798252948568604292e+00 -2.745813168292287054e-01
-1.043725197832882756e+00 -2.372416372743901825e-01
1.368009973619757624e-01 2.758527793552002505e-01
-1.119280467156072323e+00 1.164486914484883062e+00
1.097603755609549481e+00 6.206202686706298044e-01
-7.947641965210455739e-01 7.637374232270975616e-02
6.839521189642766563e-01 -9.460182522178433029e-01
4.252340341620804431e-01 -2.685523907010324951e+00
-1.600668513053233433e+00 -5.311760164393507511e-01
3.590927644302146060e+00 4.000531293927478416e-01
-5.654305358090404576e-01 6.836637796681517276e-01
8.481593491976470167e-01 1.763906528200922530e+00
-1.755188718601435216e+00 4.717430674446887462e-01
2.550132912672709029e-01 1.181739373064137899e+00
1.237366688093598066e+00 1.786769763412116019e+00
3.640195619507571312e-01 1.642634920243668251e-01
-2.772608534353455112e-01 -1.159563359546061712e+00
-1.076760038575729217e+00 4.885192583131733879e-03
3.685087722113373321e+00 7.322718062192935529e-01
1.012535078113951270e+00 1.484497506152167690e+00
-3.561239986124392076e-01 -7.974081184302661551e-01
6.335464847730876148e-01 5.759874882352956638e-01
-6.059164514932207091e-01 -2.171177296644104526e+00
3.105580189327349777e-02 6.523374998767161870e-01
-1.077464563486224547e+00 -7.268688713166756576e-01
1.727420662677851659e+00 1.385190171881880428e-01
9.883450444028404336e-01 -2.459196494607575612e-01
-2.801843823092122765e-01 4.200660789123762395e-01
-3.438146664241177874e-01 5.280737115504310353e-01
4.398346506204382500e-01 -2.304410824934325641e-01
-9.687084529925841236e-01 1.066387038041463509e+00
6.708016032836676690e-01 -9.933100427248164888e-01
2.335774202580432057e-01 4.333093425745631611e-01
1.504444701248765781e-01 -2.123713778942477315e-01
-1.145253831013630652e+00 1.417750530448242063e+00
8.344449324458439454e-01 7.497090003462265617e-01
-7.284546651231262882e-01 -2.563224887064841528e+00
1.705791925020997413e+00 -1.180186678125916711e+00
-8.916233554914240189e-01 -7.473090292238419030e-01
1.122422578527082493e+00 1.397959540488673102e+00
9.544060357635014702e-01 1.164989264230976929e+00
1.335695764020544463e+00 -6.479045343759479714e-01
9.723767614275127258e-01 5.847354718153872088e-01
-7.925758186019814522e-01 -1.908367331512908160e+00
-6.159901830243939003e-01 -1.933263739905250744e-01
