-9.485907090773243455e-01 4.803347220179786659e-01
2.003030483237293602e+00 -7.548913371305835396e-01
-2.565593371839266279e+00 -4.467979234790359078e-01
1.405328838748361342e+00 -4.232539060165153022e-01
9.230430591820604214e-01 -4.546379666947777398e-01
-8.655155655451236552e-01 -7.328440697258689074e-01
-1.982072051392524292e+00 -2.279960959687747368e-01
-1.816153861954298065e+00 -4.458659434877360606e-01
-2.193215191135635678e+00 -1.127474647342056935e+00
-9.569250923810851406e-01 2.323423066746485230e-02
5.553756637685179909e-01 -3.284399359784759831e-01
-1.749514540139141650e+00 -2.044722158507474408e+00
9.897219336727031136e-01 -1.587174902988457703e-01
3.408654071198093938e-01 7.748151689407354326e-01
-8.861012910233162509e-02 5.399065199457654396e-01
-5.314043404641320967e-01 -1.899819777052795367e+00
4.292410538791592567e-02 1.365186667552260591e-01
-9.773523035666867864e-01 6.353741371609387123e-01
-1.292818677311506237e+00 -1.305259122852630682e+00
4.231760122098539578e-01 -3.463181142578588556e-01
-7.373113720114116143e-01 7.708343524159474436e-01
-6.063397595388694272e-01 1.586071598307709607e+00
-2.973725473286826793e-01 2.114237932162030612e-02
-4.308058215087929299e-01 -1.511775980559393051e-01
8.870776231819432756e-01 3.646810129653045851e-01
5.375968491913782898e-01 8.004361545823736046e-01
2.210922966687075331e+00 -8.552052084684927946e-01
-8.305411813927381093e-02 -1.084908826818387073e+00
3.980478595470764991e-01 5.425193898456649455e-01
1.514979067551582625e+00 6.742727058283678465e-01
1.375403864698813150e+00 6.094977423700058683e-01
1.745598504904306014e-01 -1.498636052789962037e+00
-1.194419776753677054e+00 -8.165252261340765205e-01
-9.247487828770063478e-01 1.226469783110635481e+00
-9.077867862260310394e-01 -2.489228904461578740e+00
-2.435955269904765519e+00 -1.677548661640842820e+00
2.807460571407625199e-02 -1.428155760499794980e+00
4.768626547971584473e-01 8.135639486239844009e-01
5.126223761515578126e-01 8.117143767632513107e-01
-2.933987979614367525e-01 -7.807816530312666758e-01
3.415796052012965434e-01 9.169202939769808269e-01
-4.302936259121897256e-01 1.446471710351859175e+00
3.176253440884650447e-01 -2.798355930285983284e+00
-5.515258841460431993e-01 -1.931533922920791180e-01
-5.905864894187149439e-01 -2.325421013042447971e+00
8.428615185594074966e-01 1.742612462567399642e-02
1.258997548759471119e+00 -9.611450201620057587e-01
-6.845134576803048043e-01 -7.166427435560667192e-01
7.212034449648914158e-01 3.641747872688588794e-01
3.041621184733740435e-01 1.346024914184537513e+00
-1.627186834320387243e+00 3.570479008669849574e-01
4.238443932552984905e-01 2.519651187609170395e-01
-2.590699197625373484e-01 -1.401807386169209968e+00
-2.613258887927646157e+00 -1.255923897553669732e+00
7.549462609499191235e-01 5.054193136113099838e-01
-5.333745108476228847e-01 1.198112949887404355e+00
