1.232714104822375811e-02 3.099271078464167495e-01
-7.548780089087323564e-01 1.000373234683756413e-01
7.148460575689463692e-01 -6.873237827293666724e-01
4.863883837335051807e-01 6.921999361808674200e-02
7.817348751745617497e-01 1.014308474750996503e+00
2.888977420026998644e+00 3.842260605779053706e-01
-4.925898650489141106e-01 -4.152601810266194349e-01
1.120552087747407555e+00 4.168138826676309749e-01
-1.449132335509095038e+00 -2.888150114274705249e+00
-4.884274528708139052e-01 -6.488251726739296954e-01
8.405599690808854829e-01 9.266058578451010774e-01
1.835735779532950487e-02 9.148894309725445761e-02
1.036154260281251904e+00 1.787258317082366099e-01
-5.927446006388165101e-01 -3.514770628335451286e-01
-8.022498297299347769e-02 -7.731433374667588954e-01
5.406168195929862419e-01 -1.468853732174415505e+00
1.122304335394525898e+00 -2.931752225509823978e-02
-3.217467855536700339e-01 -1.041399850954386697e+00
-9.547497867016507475e-03 -1.112328199401234619e-01
1.446674746486501961e+00 -3.166638909638854193e-01
1.088587211158495327e+00 7.145241965789416172e-01
-6.812133896662510013e-01 -1.049193087751897790e+00
9.885561804442256628e-01 -5.805810570697057527e-01
-1.250910393646472052e+00 -2.839290123460057602e-01
-6.939920060397398727e-01 -2.061032808702079611e-01
4.633212760412723230e-01 1.776069965876737600e-01
2.623072441268305965e-01 1.505952097241544330e+00
8.780006098490276134e-01 -4.142193194707340931e-01
1.578380581004789507e+00 -5.436241617247533631e-01
5.749168720733138782e-01 -1.689954107587285481e+00
-1.584581579041205002e+00 -7.041316945829753093e-01
2.827628506256538721e-01 -2.629188140023790421e-01
-2.414055884935627283e+00 1.371064193995091829e+00
-4.665709093277318753e-01 5.161025296703505294e-01
-3.718840687998232197e-01 6.299574502128475473e-01
1.586589737322668281e+00 -3.728038955631252094e-02
-3.304025658337674365e+00 6.458356579233995864e-01
-2.410151124551400681e-01 1.077155220665358071e+00
3.815529290953576513e-01 -1.082727161189764420e+00
4.585534339509289570e-01 -4.979603226425268758e-01
1.127846767312259857e+00 1.956109823939697345e-01
3.521743262092646987e-02 6.711782447958893894e-01
1.075155867752563443e+00 5.613903205455920142e-01
-1.230727180527879938e-01 -4.551444872557061649e-02
-5.700984018964884159e-01 1.641199058119713561e+00
5.680735525940047159e-01 3.834669402051218978e-01
-1.432092011167477308e+00 -8.192788894143564482e-01
-4.983361552163033670e-01 1.251694705195927515e+00
-1.651410382382861641e+00 1.371709219064432439e+00
5.242945279189591828e-02 1.229567640738875589e+00
5.195927252330734269e-01 -1.404406796553117287e+00
-1.010512918399576243e+00 -1.010718529597226967e+00
2.186551537501897347e+00 3.978733631964887496e-01
9.988717817375199204e-02 -9.623226056992363331e-01
-1.981524304122157798e-01 6.491385491566079580e-01
-4.873849036162127835e-01 1.377896286095908973e+00
