-3.682228210614201802e-01 -3.807386915614437428e-01
2.041092124765345461e-01 1.219203417107662224e+00
7.877697356997555023e-01 -1.611690982031249025e-02
5.089318433315414003e-01 1.088834143599752835e+00
7.570318411910315071e-01 2.680237865945792386e+00
-4.741525452551120234e-01 4.129232173235683478e-01
-9.287308408391046211e-01 1.004480429226737748e+00
6.863274432974386663e-01 1.626171063127589855e+00
9.904356921897382593e-01 -2.902861112864640880e-01
-6.996961546978680557e-01 1.184426126572272642e+00
-1.139495146186513930e+00 -9.642118400779359222e-01
-1.530437746344957661e+00 -7.125467730498874497e-01
-3.079300545136532397e-01 1.145443831576139715e+00
9.853911595958331215e-01 -4.439614762976329398e-02
1.267504117744611691e-01 -8.637731247191322848e-02
-4.523642098736208594e-01 4.374615177640153035e-02
-1.000401843646307576e+00 5.470670312717756945e-01
2.944217643158104081e-01 -6.466150627502055270e-01
1.269650583683286316e+00 -1.094535260168058022e+00
8.732070549383682545e-01 4.359960345134034077e-01
1.324927441247113702e+00 2.717849444498245948e-01
-1.352945738305477985e-01 -4.099731532911737170e-02
-1.379596684193261424e+00 8.301652044655523088e-01
1.536064818654193087e-01 2.823368383942450599e-01
-3.100747735109625758e+00 7.762486485850910167e-01
9.072005934859453391e-02 -2.783066412859417915e-01
-5.042282407315408221e-01 -6.713202838350522672e-01
-3.619585385288574542e-01 5.460767480068502433e-01
1.475813825948142810e+00 -1.642818063118380634e+00
-1.703075631564798242e-01 -4.489607264262056030e-01
4.646251678701995846e-01 2.757302527895014732e-01
-1.636075312372009760e+00 3.788153479887137465e-01
1.256024306242691679e+00 1.950154021942654692e-01
1.465505025548625495e+00 5.409016480466657395e-01
-9.821513501048296790e-01 1.025550108132795291e-01
-7.274753253502357353e-01 -6.647325610631127368e-01
2.657599047892752475e-01 1.609199750670873064e+00
8.197496340788511526e-01 -1.368158017096565482e+00
-6.144968314280419008e-01 -5.509314687193054283e-01
-6.786169001483917107e-01 -9.645164072171331926e-02
2.649945750016611257e-01 1.590846351040493989e+00
6.305905689640134426e-01 7.631979070342487237e-01
1.292886215099436242e+00 -3.270871615338345473e-01
-3.442512472462870288e-01 -4.665800723031867103e-01
1.049725246092994446e+00 3.843332496903723028e-01
1.472074562143235732e-01 -1.066929799791261069e-01
-2.575923819346770949e-01 9.437082815735388097e-01
4.259743878787640714e-01 5.221183644251198297e-01
4.099115799820788331e-01 -9.710434552788498319e-01
1.895758477751264548e-01 4.785111358138900428e-01
-1.696239155882877991e+00 1.364505997534662951e+00
1.358076628326961854e+00 1.141369824974829861e+00
1.663228783174019343e+00 1.399475162295036990e+00
-1.132290725360615813e+00 8.431494044579346259e-01
-1.135956870091249460e+00 6.044616749231050967e-01
-9.715848681620894434e-01 -2.041369837090003525e-01
