-8.912981556775529945e-01 -5.874516253199153493e-01
-2.345746110494003889e-01 4.224576766054392585e-01
3.685019577255766454e-01 5.656349898321937353e-01
5.140878799351464856e-01 6.001129072625616123e-01
-9.145359220661951616e-01 7.547758651701471644e-01
7.906380700831506791e-01 -4.298296469653206109e-01
3.012239596766793648e-01 1.814964452821259622e+00
2.077992535419634912e+00 6.341493834622558001e-01
8.533824269356384828e-01 3.427297772945205323e-01
-1.409353824103222408e+00 -5.092413220017079079e-01
-2.339072547636454336e-01 -5.140484952515164685e-02
6.889026177033312770e-01 1.307648250301428616e+00
1.055224518515081256e+00 -4.650512181403190087e-02
-1.728460593297604167e-02 2.560753910922600740e-01
6.029777369679356624e-01 9.092734680529037661e-01
3.426175126474025889e-01 -2.552389426326595157e+00
-2.908625625869683540e-01 5.861747417716264841e-02
-9.630941213720376481e-01 -3.008076612829030383e-01
-1.294886942381442640e+00 -1.203729557752944990e+00
-6.484443887509762361e-02 4.752217840449911579e-01
-1.467106182552092020e-01 4.861528933375189321e-01
4.383431804258434705e-01 -5.354913724051849622e-01
-1.101511824636556947e+00 -6.969798744503923338e-01
-1.645220202041814739e+00 5.367578962401217124e-01
-7.015910536128541208e-01 -5.891352440587831890e-02
-1.330876787020713214e+00 1.474225062536235198e+00
-1.182064968539098926e+00 6.380732730338831704e-01
-9.878190658914195454e-01 1.017413925856533563e+00
2.100317410753092862e+00 -4.442856243646436942e-01
-6.188033414037700242e-01 -5.737431791867758646e-02
1.292678441746932361e+00 4.433216762904167441e-01
-2.529018869600650476e-01 3.143926007998272820e-01
-3.526448531492818450e-01 4.452768244635644385e-02
-3.013529476908003435e-01 -2.816436267674864991e-01
-5.278867905735592503e-01 8.361562266763895579e-01
5.849326477137974933e-01 -6.827634269232896180e-01
-3.847951129636227874e-01 -5.419422275089622598e-01
3.554059390032930921e-01 1.969885200110087720e+00
1.614609455332403909e-02 -1.524764851649700104e+00
2.560626254712922711e-01 1.591644890119189748e+00
1.253519534652496992e+00 4.669001111932088444e-01
-7.843543255928761004e-01 -2.758217713587995945e-01
5.679712267001413295e-01 6.274249292266567135e-01
1.489680177711540932e+00 -4.486367752430123201e-01
-9.115922094839621348e-01 1.737568753025101609e+00
-1.048289985268954450e+00 1.855639294666960204e+00
-7.217975804482169577e-01 2.176426064044406916e-01
9.745037863849795867e-01 -1.429629309432655759e+00
-1.242110421657696140e+00 -1.155915952599102292e+00
7.193019330244271314e-02 2.940961357915252705e-01
-6.427556862392900250e-01 4.664749585795539000e-01
-9.850446095957051673e-01 5.284465791546223423e-01
-4.450604204063985936e-01 -5.211846821859191792e-01
1.168445530965189105e+00 -6.330128974153420574e-01
5.125195575887627752e-01 -3.013326554517420375e-02
2.383058711011131425e+00 -4.781580176163587881e-01
