-9.965779712165995230e-01 1.017196723573909889e-01
3.385236441400602536e-01 2.162382769340223998e+00
8.116611769894555017e-01 4.832064738698010342e-01
1.825030502705613067e+00 5.221844419706211937e-01
1.355592195341656370e-01 2.680991607925198861e-01
1.110377218690317358e+00 1.533750734308117758e-01
-7.011888814215425647e-01 -1.656201012453188071e+00
1.462902360188279127e+00 -1.119369785410235352e+00
-4.674023914274780811e-01 5.301876838528494229e-01
3.166400216690669067e-01 -1.087983563290256805e+00
-9.722115888460267641e-01 -2.587276115401284660e+00
1.387526507159246414e+00 -5.038449264940914746e-02
-7.259288869661915111e-01 -5.553243404626297952e-01
6.969282698069277915e-01 -9.952862982402685965e-01
-8.453234549062343950e-01 4.814812906626209643e-01
-4.549874807643661812e-01 2.198116126311546292e+00
1.401941557822416362e+00 -3.444628588324836257e-03
8.846079536201870708e-01 1.098219230776705663e-01
1.432767601039839356e+00 -1.853471910123438426e-01
-5.711483674585267067e-01 -1.767028651866636046e+00
-8.083865444768539854e-01 6.452666150507718745e-01
4.532557765264648153e-01 4.427870101524686297e-01
-6.224415068612002555e-01 9.259175274188150562e-01
-3.735571515315542768e-01 6.636897768929633790e-01
-1.988758193776577962e-02 1.199879468090893742e+00
5.820146756072640537e-01 -1.634676010524986067e-01
-3.519095605405214156e-01 -1.322187418715062179e+00
-8.261804498688901655e-01 4.483281430654656452e-01
1.815551381724235247e-01 5.595610410923613776e-01
6.829977628921022337e-01 -8.742472464809701860e-01
1.118494381791390824e+00 -1.327033190776631066e+00
-1.903719927555440894e-01 1.658160207762080507e-01
-9.243161826648357837e-02 5.993903745906934422e-01
4.401107659112426518e-01 -2.344768152399896999e-01
1.074118812942977397e-01 2.086955658061510621e-01
1.234876494936854252e+00 -6.360297528351612772e-01
6.615255449471535432e-01 -8.665341522839977717e-01
1.013504155056048184e+00 2.129081103998825275e-01
4.443761623808555328e-01 8.759458473925235689e-01
8.833988935371561713e-01 8.764703963013071863e-01
2.258626288618007238e-01 8.579910506075564269e-01
7.791706627644665040e-02 1.679202786482890009e+00
-1.634329191378459667e+00 2.130914641145805533e+00
-5.732757038792919008e-02 5.298278891411145608e-01
1.362641358640810374e+00 -1.702731281524821894e-01
-5.799404960941586529e-01 -1.214199641575204547e+00
-3.157024912530207242e-03 -1.886767694189631639e+00
4.968813253070942793e-01 1.353714466854511578e+00
8.527996644223886369e-01 -3.244574268402983241e-01
3.193126542438322613e-01 -1.366901012138125537e+00
-8.664313203395913598e-01 7.404856002597972608e-01
1.244363223361428350e+00 -1.339515606171506557e+00
6.368247357517268226e-01 -2.056098970667824766e+00
-8.242528163351464654e-01 7.195576772174896441e-01
1.430289125199323941e+00 2.066841681053324109e+00
-4.279407944603700331e-01 -1.831436089150372704e+00
