-3.568463097957162433e-01 3.298333730284802590e-01
8.577660761910977927e-01 -8.877634050856177961e-01
1.230618562904412933e-01 5.101689610741074743e-01
4.969858018744028882e-01 1.344094266911847413e+00
-2.019288713054764095e+00 -3.128997710260873477e-01
-1.647863378772002729e+00 -6.881825793523644874e-01
-7.580864621558131011e-01 1.231760085036362140e+00
1.121385096258159297e+00 -1.357009545247203519e+00
1.963273286872276646e+00 4.410513314283365238e-01
1.038815920516224844e+00 -4.721995057429012599e-01
5.944142849833673470e-01 2.338437880039064554e-01
3.418957194033427904e-01 -3.473470348490384496e-02
1.254492861979502827e+00 -7.427359853624363462e-01
9.117950587499159543e-01 1.411935938968566839e+00
1.594034355973623862e+00 4.433479396285903706e-01
-1.470336987451571042e+00 1.559972542034658183e+00
-5.763288877874377381e-01 4.900775539967694994e-01
7.424464374253050281e-01 -3.787590078009848149e-01
1.354142090500035422e+00 -1.098589029275697904e+00
7.085301291985266481e-01 -1.511943636103287636e+00
-8.927770647330182663e-02 -7.521976751161072450e-01
-8.861162120357607419e-01 -2.069047468373139687e+00
-1.173878344227313963e+00 2.190418452810563577e-01
5.054572643643676644e-01 1.321189460249986514e+00
1.400347705150346012e-01 2.335883295266268922e-01
-8.886486728788415279e-01 1.174325437181000936e-01
-4.458945691181312454e-01 8.719261013681367523e-01
2.203313616033311662e-01 1.602651687103145761e+00
2.335203811854343336e-01 -6.649102849205288379e-01
6.080315885784609575e-01 -9.119669418720058873e-01
4.272361386863687271e-01 1.391780632135066531e+00
2.515313476311484830e+00 3.597403627419375194e-02
-1.013284643253758111e+00 -3.983481987726140705e-01
9.173329009429709302e-01 1.320998958561122372e+00
-1.737801443557876135e+00 6.440879269019119668e-01
1.432040883404177289e-01 -1.616571832030675004e+00
-1.363766247752715710e+00 -1.965173904515258099e-02
-1.519377798665277224e+00 -8.287582952294146876e-01
6.985515225265048755e-01 8.007227151652557273e-01
-1.871088863955261972e-01 -5.766159120059358711e-01
-1.534865584469317090e+00 8.311713398739577485e-01
-8.204795038333969615e-01 8.576561481331484993e-01
-9.159963791405689726e-01 -1.102488492915519425e+00
1.635935895898059877e+00 1.411853624458440315e+00
-1.555981641056240483e-01 1.635033076971314836e+00
-2.274674183966478025e-01 -1.155293238766064434e-01
-5.709690161173741618e-01 -2.419916620635339743e+00
-2.415108239121039890e-01 -1.946977075407821944e+00
1.264412119486008956e+00 1.060687339372239579e+00
8.857927321899355944e-02 -3.832573098599442729e-01
2.595628295803004137e-01 1.122787210883222864e+00
-1.339492491344570768e-01 1.060190957801679268e+00
-6.124243042010385496e-01 4.040092417500296129e-01
-1.168561378231105952e+00 5.743453817076394907e-01
8.937912433949732893e-01 -1.137070643655645474e+00
1.872716633627969085e-01 1.091106950462372716e-01
