-4.962197343756958312e-01 -3.822279079645212740e-01
-1.255600933745214975e+00 4.416342446113613596e-01
6.546960767282888893e-02 1.740142960383084025e+00
-9.122425403006798605e-01 -5.760721325840710838e-01
-1.041754779177043178e+00 -4.824995833188265859e-01
-3.270389961985053495e-01 -1.563911184991909398e+00
-3.678732470872990712e-01 6.918788842094665270e-01
-6.700306832317756145e-01 9.496375990889083241e-01
-2.385964627617928047e-01 7.144028893246686662e-01
8.369363799714354957e-02 2.830468371078393552e+00
5.387954958617774404e-01 1.317652418001910464e+00
-2.530223348608281464e-01 2.997286456651826470e-01
6.964751962264882357e-01 8.693183005776301542e-01
-7.755173612469301592e-01 3.633564179071999134e-01
-2.999730012058550721e-01 -8.122352626578810408e-02
-6.944451725475120352e-01 7.517619337343431907e-01
8.326964498648811719e-02 2.901605402027810587e+00
-4.695899656821481832e-02 3.087711361940139176e-01
-1.209879393422176097e+00 -1.281604410229836066e+00
-1.222882549003757868e-01 -6.819952331675199764e-01
-4.613957312071669259e-01 1.618002000628751547e-01
-7.446379033300708494e-01 1.256338125443976939e+00
1.176517900598515354e+00 -5.608132918315448245e-01
8.522409278164918556e-01 1.055417520601847681e+00
7.160854819652765491e-01 -6.361545838353418504e-03
-1.289498558630945535e+00 -3.861000178026815499e-01
4.384113027594577772e-01 -3.133326942086400169e-01
6.521192714867365403e-01 -4.688359774633531901e-02
5.621245071679544791e-01 -6.697813188267474072e-01
-8.437042034456738726e-01 2.020944337510890421e-01
1.458479024456015072e+00 1.378757881776887739e+00
-3.212461434837097229e-01 1.611278810168329967e+00
1.724991054274089164e+00 -2.887491967931202774e-01
1.710683185270649165e-01 -4.661077018353359525e-01
-1.197535220684085577e-01 6.520054438318955148e-01
1.678426357219108489e+00 -5.886341071008569514e-01
-1.404444707534379555e+00 -1.266619659156316580e+00
6.073290704519515026e-01 -1.283485634664905062e+00
4.282788063047036631e-01 -7.295058529749930409e-01
2.686540079705387104e-03 -4.799107437478544735e-01
-8.266130151880769772e-02 7.895092801024858886e-01
-1.684295907123756653e+00 -2.140503478429927497e+00
-7.336093345033027902e-01 1.120662837076955798e+00
1.358066811117635275e+00 1.202962451935162269e+00
-2.996328763477992818e-02 1.580725860314126097e-01
-6.332575796796799938e-01 -7.663094699072044991e-01
-1.565401869325557804e-01 7.043156709575134622e-01
1.881688691376145472e+00 -7.050103510013696617e-01
-1.333104904724311979e+00 2.384330326533922462e-01
1.131953799235696723e+00 -3.613228176463452179e-01
-7.106607485399707436e-01 -1.833642433875707800e+00
1.120637406253488955e+00 -5.183448537084567320e-01
-5.972229824283715738e-01 4.927062539974773614e-01
-1.340359242821181074e-01 -9.492887338086234417e-01
-5.612432189985649966e-01 -1.822475320031857748e-01
-7.988694024741642696e-01 5.671548209628783921e-01
