-7.026869784934380858e-01 2.363092651098715191e-01
9.749575362482484353e-01 1.206958077517014671e-01
2.711912729591694937e+00 -1.054316497332832725e+00
4.912813457032781383e-01 7.617702086110698101e-01
-9.346005839504095691e-01 4.830035716984248939e-01
-1.030484024335377002e+00 1.368184435129063292e+00
-8.714337532797703512e-01 -3.389569646511061962e-01
9.110882837110892973e-01 1.984610649896185297e+00
9.747924888682490963e-01 1.286768954894411010e+00
2.102370062244542925e+00 -5.258738050852773682e-01
1.982387513697548079e-02 5.474449966823312641e-01
-3.022502717984416054e-01 8.468393040546463579e-01
-3.685886697376108967e-01 -3.126498575318862883e-01
3.690119840795774153e-01 1.271017102440572089e+00
7.973164039851622364e-01 2.705725282153784716e-01
2.782504263955571377e-01 -5.434234089230888243e-01
-5.483207506060577829e-01 -3.547364074468892237e-01
-1.188454408835797782e+00 -3.662892618742126238e-01
1.608457412279013399e+00 -2.813683280377709539e-01
-1.042849244075775728e+00 9.759793201552234843e-01
-2.287503976863435984e+00 2.722308499204970644e-01
-8.768050342566223732e-01 6.671576958543784519e-02
7.272487213639536874e-01 1.555691268116243586e+00
-4.975334533776162860e-02 3.774082238484826046e-01
-1.779807967042826844e-01 1.431222735088693465e+00
5.512883719729722021e-01 6.703526781064184092e-01
6.273630396821554545e-01 1.003278658403066181e+00
9.626579516662807645e-01 2.572049963914085247e+00
3.720056408493014111e+00 2.102451460350258650e+00
-1.904525498586268073e-01 -1.408191066626873100e+00
-5.557385929258660262e-01 1.060210452191070844e-03
-4.806282209300086206e-01 5.205058857614891510e-01
-1.102071541766632967e-01 -1.538179027179493730e-01
8.018021970692011946e-01 4.950156530440181363e-02
1.564531872850624561e+00 -6.683213360678393888e-01
5.076543435454983211e-02 2.761642447393549693e-01
3.343565309744555014e-01 7.466772085942190440e-01
-2.720284300201707417e-01 -2.606375915649166153e+00
4.565748681417666210e-01 1.288798698607724225e+00
6.865715733179769131e-01 -2.268126162032940152e-01
7.635916870093135689e-01 3.305534587264964408e-01
-1.482394876928223137e+00 2.278236247111721513e-01
-2.714256281369750390e+00 3.240874397707764754e-01
-4.035570322539933641e-01 3.407532647195864461e-01
3.836639003978146167e-01 -1.260520489929775501e+00
6.428999780345072690e-01 -3.663767041136093972e-01
5.200802487064870583e-01 -1.140284670732245154e+00
7.338096314620788929e-01 -1.246448601254523947e+00
-1.882649086556596352e+00 -1.144197828640844739e+00
-9.834361360847975186e-01 -2.437369365617373107e-01
5.961509931139774565e-01 -9.518213382250673149e-01
2.935070978220029603e-01 -1.608408002115548685e+00
1.410415263966838362e+00 -9.210567187897948926e-01
-1.587529759427739121e-02 -3.997476716549910880e-02
-1.469458544584213655e+00 6.483774842011085227e-01
1.054047275406376327e+00 4.984620896261140466e-01
