-6.201950856654839250e-02 6.362811938552422886e-01
-1.691830989182655731e+00 1.400017287668119170e+00
-1.736188859123870110e+00 -1.377862877268734909e+00
4.671348858207465260e-01 1.006278739582491255e+00
-1.191001660476886242e-01 -2.020890936807512972e+00
-9.035552427033639589e-01 2.508613400310956365e+00
-1.093031123008214367e+00 -2.601199268164987033e-01
-3.300890698362252684e-01 1.243980475622040505e+00
1.050266961980952152e+00 -1.283347785359141513e+00
-9.889987956530474911e-01 -3.589878078920265003e-01
-1.809062077467040952e+00 -1.196766265627501324e+00
1.423927290815537594e+00 9.991261615254182216e-02
6.601921784936039261e-02 -4.556353062834204160e-01
-5.600788590677090450e-01 -7.435620388977803863e-01
2.008782973541176353e-01 -2.250049830637786963e-01
3.849765775403667933e-01 -1.005740545687623611e+00
1.238716404983814412e+00 -8.383896536597859050e-01
1.177304063715767901e+00 2.096893290291366618e+00
1.613611124349530135e+00 7.338894204324619697e-02
-8.891434767442513154e-01 2.645349809581428957e+00
-9.006030798732483911e-01 -1.281247097389476064e+00
-2.716735819797291285e-01 -1.663148181113026647e+00
1.897479376981417443e-01 -8.792986393722557192e-01
-1.470032100036166023e+00 -1.808160090164001144e+00
6.150873098850614396e-01 -6.813369824034243294e-01
-3.972196772266501363e-01 6.251911669892828982e-01
6.324485564211776989e-01 -1.268456796220171767e-01
8.307166439001550939e-01 -4.426185410589920100e-01
6.313817523942392151e-01 7.049523436814534305e-01
-4.140520457918805963e-01 -1.939598684259681738e+00
6.112472132014215020e-01 -1.634750794153106535e+00
7.410761750644110357e-01 7.521076541254883008e-01
-1.911777170461143038e-01 1.046468588715520731e+00
1.058856511410270373e+00 1.019814951062492092e+00
9.107769543216522878e-01 -1.280445195474704034e+00
6.698673097990333059e-01 6.596810212004406981e-01
6.474390527702782450e-01 4.431756391145015295e-01
-2.051795084056467822e+00 -1.040818232818647049e+00
1.803781792520631422e+00 7.039499699795188636e-01
1.333360981482515584e+00 5.254187603525862782e-01
-1.093676856082979709e+00 5.126911860823283457e-02
3.215376377261672802e-01 -1.596316588469102182e+00
1.306241179551465237e+00 2.266167649487672353e+00
-2.014394376663501074e+00 -5.577812911724238099e-01
8.305598099385992361e-01 8.735174383823995914e-01
-1.528065770415138469e-01 -1.816728848605727586e+00
-9.134360498448770294e-01 -1.829429619483979030e-01
-5.104854797284182899e-01 2.616905065898799787e+00
-5.211494884975539366e-01 -1.160024897588627812e+00
2.583606521191601502e-01 5.431584275541695428e-01
-2.757512503452349550e-01 2.766835128553199574e+00
-1.494749584146951582e+00 -1.380226291672924654e+00
1.186128312798651718e+00 -5.738503060467265993e-01
-1.243667109940908233e+00 3.787053315620483862e-01
-4.195825438656662909e-01 -1.813917535368828049e-01
-3.937831388554552392e-02 -5.730297050462230812e-01
