5.515617418339695543e-01 -1.116672991450005981e+00
-1.745107107341201447e+00 -6.402061275359033354e-01
-1.177156268129296635e+00 -2.660676907380297163e-01
5.548356342062719104e-01 -1.203095362744124763e+00
5.167287586039727154e-01 -2.178433368100449741e+00
-1.847432574037568553e-01 -1.277586291026225451e+00
1.673771933751145025e-01 -5.574863019740198267e-01
1.265594992166602983e+00 8.189067896609465436e-01
1.383955883434190293e+00 4.198053776555523142e-01
2.715347495109671216e-01 -8.636632474046718189e-01
-9.001696591770327327e-01 -1.601989980647810841e+00
-7.476388242944481677e-01 1.027654871393325120e+00
9.168659224204004365e-01 -3.168370816187603967e-01
-5.031099962616891741e-01 4.292652863934583451e-01
3.101259619637413145e-01 -4.718783382409143523e-01
1.042519144292153088e+00 -7.614699498723783710e-01
-4.416996020941887924e-01 6.831531150497308635e-01
1.088602154614021877e+00 -1.268090526385069472e+00
-5.842292399317779994e-01 5.059801282974026870e-01
1.252079476041743078e+00 -9.154743480842965075e-01
1.671717714825005918e-01 -4.489724748017884792e-01
-7.773050557620403422e-01 1.971738862644479562e-01
-1.879532966230171409e+00 -2.670038861376993200e-01
1.199472034522278907e+00 5.795294378604155527e-01
6.166494456557912729e-01 7.141313859316397727e-02
7.105514445183629402e-01 1.120189587717194790e+00
-4.165072648229516949e-01 1.202492409959155406e+00
1.380071510245942379e-01 5.296282182516003356e-01
2.804912442162587616e-01 7.550586094344211574e-01
-7.782731719089521771e-01 1.207474071363315443e-01
1.164523043263244517e+00 -1.153219172518635538e-01
-8.289324031620338984e-02 9.427520597581403594e-01
-6.241541196584921014e-01 -4.581084264811647322e-01
-1.046939345834939861e+00 -2.395316596275098575e-01
1.088863811208441890e+00 2.721187631632892012e-01
1.353720276785471466e+00 1.203068175745312773e+00
-6.329850381999412023e-02 1.607747263863828824e+00
-1.505606829860799412e-01 -1.253102724843260907e+00
-5.476144601068676510e-01 -3.767355446548251718e-01
7.264390508859752682e-01 -1.261694250728010891e+00
3.389752336063635019e-01 -9.066880364451439522e-01
-7.025009409212296108e-01 7.250914349609424159e-01
1.924367570973124719e+00 1.769170517302166346e+00
5.194818637866259747e-01 -1.497909851845024454e+00
-3.244939073041164246e-01 1.172718173590935775e+00
-4.507841276037067302e-01 -4.873369402778600645e-01
2.259947710806548216e+00 -6.548207803240583269e-01
4.378371164273922034e-01 1.751888079503083784e+00
-1.270057140764303538e+00 2.084762965033359894e+00
-5.042365623569243782e-01 1.201011991039398596e+00
-1.148785137414468194e+00 2.278588183126606034e-02
1.221133428734541698e-01 5.840637861149271769e-03
2.550314962867648583e-01 -1.325692583005185110e+00
-8.110288409640438456e-02 -4.440016810391260171e-01
1.174342206251048237e+00 -1.595685856516504630e+00
2.109767417216195096e-01 -7.386927235368218048e-01
