2.502497937872071532e+00 -2.033994326859801249e-01
-6.794921349761906537e-02 -4.334642533776694173e-01
-6.457406247031667323e-01 -6.630951558245364863e-01
1.321032556364681199e+00 7.071649560505147702e-01
-3.396534804496001980e-01 3.237000974790101709e-02
2.644030615902975279e-01 -2.674188281787059918e-01
4.364231874440959724e-01 -6.810504319142072216e-01
-1.441624345143219577e+00 -1.784330251251271093e+00
3.499559792689554971e-01 2.494359314180950360e+00
2.876233390741511978e-02 1.480046129361107132e+00
2.008193374286066479e+00 5.428813928306965852e-01
1.035067106701380357e+00 4.249980684969978384e-01
1.400206057014831806e+00 1.760928162668635055e+00
-1.762691959468097591e-01 1.317854323124618476e+00
1.858615468718176178e+00 3.070501444717311235e-01
-4.055792792762857868e-01 -8.754475521262282678e-01
1.208958074158466900e+00 1.071244623052754336e-01
9.868320312412955098e-02 5.287896076663926026e-01
5.929993474852304214e-01 8.350787121921494638e-01
1.809292196214062454e+00 5.465046525051372450e-01
1.235487877032258042e-01 -1.117200174713763872e+00
2.076680795657199208e-01 5.780501221757806674e-01
-1.285037784273469041e+00 -1.447664451051679180e+00
-4.784788704899225475e-01 6.489305127534359396e-01
-1.202537621032606641e+00 -1.152195406263770483e+00
7.773665309490237485e-01 9.978890800956518037e-01
-2.030343200113413349e-01 -6.385491874387899669e-01
-1.196247779054058658e+00 -4.546201553657808758e-01
-1.131291927153014742e-01 5.662073562155731654e-01
3.609061853779341744e-01 5.814848092669470114e-01
8.361344804635220673e-02 1.565059823127680660e+00
-1.035295259070014157e-01 -1.068942894904284235e-01
-1.219161770820146762e+00 3.427964910285025701e-01
-1.033056244675623070e+00 5.996556498560150494e-01
1.114030390832672079e+00 -1.299938257615913750e+00
1.341254507629654924e+00 5.998210942582076211e-01
6.045419606253038536e-01 3.863291525728415610e-01
1.159836792999975330e+00 3.572521516099776417e-01
5.078365795004747829e-01 -7.221756993323311669e-01
8.449208283152638277e-01 8.084525861411894221e-01
8.393605790946810918e-01 -6.372133489765364756e-01
1.138893492083994513e-01 -1.837135135162736854e-01
-1.191323418853439176e+00 -2.583642664655025900e-01
-1.127124623806033954e+00 -1.168518466361321950e+00
7.795097260868652511e-02 1.437511948985413235e-01
-2.646216165452098257e-01 8.713073648270765192e-02
-4.559577535017163563e-01 6.100601796344700123e-01
-7.595841648214521902e-01 7.281108542687747542e-02
-5.601492877250042746e-01 -2.049816142852606049e+00
1.600970390501910590e+00 -1.058336132347031722e+00
1.190426105499448717e+00 2.597589186764091007e-01
1.225677252786819549e-01 -1.101123144903522366e+00
-4.851697706404085042e-01 -1.062522410336395717e+00
8.474570843551765265e-01 2.969843244311619057e-01
1.965597810470472995e+00 -1.120391173640949534e+00
-1.041245626757769649e-04 -8.975743936261620926e-01
