-1.341472341094257503e+00 -1.337168672496139576e+00
7.633691926321142240e-01 -2.735417429241456810e-01
6.818346260491826571e-01 9.323887427096183567e-01
-7.245968581552565402e-01 -4.118295762601138499e-01
3.139456668735473577e-01 5.917420928433440031e-01
1.454431072708054495e+00 2.395760648902569123e+00
2.085250543182603500e-01 -9.910896950651234549e-01
-9.731270547749684696e-02 1.313226850138187851e+00
-3.737132700503625338e-01 2.644572871451674967e+00
3.914130178029344154e-01 1.014051672647779678e-01
-1.470720903244363997e+00 9.901097229960744706e-01
4.956498835156461502e-01 -5.774685442835872928e-01
-1.987390582944829065e-01 -1.215064663274190604e+00
-7.328463768433004510e-01 -5.935008542005263399e-01
-4.849290867029674712e-01 -1.046979907918924591e+00
6.324215966195310124e-01 -8.543524978514739632e-02
-1.352453566564980836e+00 5.811530139160141495e-01
9.539315449263948699e-01 -3.440739320442238180e-01
-2.521763991176562136e-01 5.156170839764357972e-01
-5.728456679096571857e-01 -1.916251972904323975e-01
5.736006624799302456e-01 8.431380824386619510e-01
2.722162484552045347e-01 1.547278465851131546e-01
2.380876068630974063e-01 1.348562658846027773e+00
1.117600606319507417e+00 6.227488288752532908e-01
8.189078091387502756e-01 1.275950080578006629e+00
1.899794905864805594e-01 -8.922225976689189819e-01
1.197850643308070451e+00 5.714247486846006918e-01
6.570250197143917559e-01 -7.496805515326265823e-01
-8.405007357122051825e-01 -1.652464771654778897e+00
-1.055741123209423954e-01 -4.051950461239580137e-01
-1.480057744172094347e+00 -2.058899010651572770e+00
1.431657637349174950e+00 1.336734298835627444e+00
-9.596264638107501188e-01 2.602163934771791975e+00
4.556847509556067322e-01 8.961097751063311634e-01
7.793338868769881245e-01 4.707832326848104265e-01
-7.549194151298893596e-01 8.842003144248394841e-01
-8.761302729361120090e-01 1.490077371005096296e+00
-2.134174056994508906e-01 6.152456645776359645e-01
6.326326643396872340e-01 -1.089162231787253132e+00
8.305308395685814249e-01 -4.654768676856302911e-01
4.013180506155114569e-01 -8.253538156804982595e-01
-2.731938788870370560e-01 -1.153444174007454803e+00
-1.137609527489420902e+00 1.443028502333125740e+00
2.831732588921193061e-01 5.786882941539002179e-01
-9.097589467614075609e-01 -1.841830635524634996e-01
-1.815009387688769182e+00 -6.599862931208896888e-02
-1.653900694132637073e+00 -9.778598583594053650e-01
2.391633184809411006e+00 3.278887710876326467e-01
2.055715987370736020e+00 3.578919095306711262e-01
-1.333831780260819055e+00 6.895836300525913787e-01
-1.181700849405688425e+00 -4.059458042287396595e-01
7.970772825412331120e-02 -9.786619332178652098e-01
-5.350644918124768112e-02 1.089543980460311090e+00
-1.178512820751322354e-01 5.469660767659911826e-01
9.173919630449173246e-01 1.420301661070506816e+00
-8.612967008024486892e-01 8.284816637833373187e-01
