-3.478304551265700151e-01 -3.016359809919380019e-01
-1.004241071275261410e+00 -7.450126852415835943e-01
1.593017009494396508e+00 -1.300195127043024756e+00
6.705968905227031041e-01 1.115807774192642654e+00
1.187491442108154382e+00 -1.218228281626094089e+00
9.659313092340327325e-03 8.620882689245573660e-01
5.808218042347071952e-01 1.850083849554804871e+00
-1.575285274050752360e+00 5.711943351656996182e-01
-3.554858183438957403e-02 1.218337247729326611e+00
4.445910775168191442e-01 -1.678728506544560961e+00
5.861214310862922217e-01 4.737969850583275688e-01
-1.859194235377679139e+00 1.139240175197442806e+00
1.727901400373425878e+00 1.645837304239909649e-01
9.570415498655380215e-01 2.207505697765297370e+00
8.577542139449160219e-01 -2.948668119186702352e+00
2.851035527236763303e-02 -1.621305070551644301e+00
3.203262069930714051e-01 -2.098378397377706150e+00
-1.768860779520357585e-01 -3.678006272724625991e-01
-4.942546961710557185e-01 1.720111038936550596e+00
-5.867940655714992682e-01 4.121879864826437090e-01
-2.997760204800639983e+00 1.420780403791071400e+00
-8.427871369510554767e-02 -1.418244985502252531e+00
-6.692889786836203614e-01 4.148147641765957960e-01
9.918594633402657568e-01 -1.158480029781542298e+00
-7.870999429023244343e-01 1.257862497510869038e-01
1.418173658048133001e+00 -8.994554595598869273e-02
-2.564097216360110010e-01 1.658153519031782208e+00
-5.565678777406767308e-01 7.139125247847302180e-01
9.440943016312631775e-01 8.476114751281447202e-01
-2.736639489401454517e-01 -1.390402040507205061e+00
-9.940530460618099973e-01 -2.939226006710177197e-01
1.202488017141615934e-01 -1.073722497383018844e-02
-1.579455503867549293e+00 9.704508296533834733e-01
1.602777302343699972e+00 -1.706850919921001561e-02
8.210143203118919208e-01 1.431941934371763869e+00
8.596493557842408428e-01 5.534059610697387166e-01
-9.163996028535278393e-01 1.363912310179104803e-01
-8.926419172761539123e-03 2.044595295503245591e+00
-3.461250767952553931e-01 -1.390647977978804739e-01
-6.666419476612911454e-01 1.285195331276948461e-01
-1.207235451514344193e+00 3.124578410805751716e-01
1.231363179219477910e+00 1.556101912907890350e+00
-1.814126681287412668e-01 -2.557665523005504538e-01
2.137681796812727353e-01 1.570430165287841184e+00
2.685277530879818242e-01 9.953196846649975393e-02
-5.632190944135843091e-01 -1.393898108219239651e+00
-4.473776115608292803e-01 -6.636467243869216270e-01
1.917519325942232955e+00 6.514458547597477001e-01
7.467223887548454231e-01 6.240870853589607359e-01
-1.967529836569416490e+00 2.700155038770830074e-01
-2.139355681043949853e-01 -7.440074483927070492e-01
3.697179820782863641e-02 8.752503330000297455e-01
-2.716258084597140132e-01 -7.890425715514948202e-02
-4.439388036589472786e-01 -5.481413416265205063e-01
5.393983991352739871e-01 1.354453664237725397e+00
3.287871158217530732e-01 -1.507177554068697412e-01
