-5.896487273065675883e-01 6.185313721501500828e-02
1.635800390130155990e-01 -5.438092968335626054e-01
-2.036162439668196544e+00 -1.006312601038263227e-01
1.962366515142560663e-01 3.033055908294500780e-01
1.550928070350985122e+00 -5.588571137321147742e-01
6.322187863212133108e-01 -1.600682377897679309e+00
-8.826956544627050441e-03 -1.220652929704616751e-01
2.394698438630948334e-01 4.126147429694790869e-01
-1.644593057674502978e-01 5.384273291913321824e-01
3.187142026531012973e-01 2.354285385212839810e-01
7.902384216429285679e-01 -9.583648532928981667e-02
-1.500880366525209508e+00 9.640836625188304865e-01
3.773058081540305309e-01 -7.279997624223842889e-01
-4.636326628884613471e-02 -2.159865670868351017e+00
1.314853751456151576e+00 1.070603366108128673e+00
3.679542198790787810e-01 4.927860921382389847e-01
-1.613002073969412642e+00 -4.527083028808392973e-01
1.980042346502284945e+00 -3.157284160356263469e-01
6.968296822955425407e-01 -7.000897482513475101e-01
1.740016442649269024e+00 3.212799972326202402e-01
-8.932791122610898027e-01 4.467880627032195795e-01
-3.937458650643554936e-01 9.410152471260834206e-01
2.069586869824477482e+00 1.628256885072657978e+00
1.072040039124368516e+00 4.974138583944387459e-01
2.138413792107255240e+00 7.843526670076845786e-01
-3.226552784461833578e-01 -1.570111194541155664e+00
-1.097717924842308790e+00 -3.233281382185315689e-01
6.714316408250230461e-01 8.802055508127558381e-02
7.880239769026124996e-01 -3.567837731827386283e-01
2.149291385284809675e+00 -1.610726421855254997e-01
-6.056478921035428620e-01 -7.128270942745638106e-01
8.889049236257157149e-01 5.709229624284020144e-01
-5.269361333079209953e-01 -1.467412142374320827e-01
-5.905901561372691733e-01 -1.752712474492132688e-01
3.009305446059906686e-01 1.978054649774697360e+00
7.253705208339238375e-01 -8.359396820939586359e-01
3.361775059615484396e-01 1.428527358385657531e-01
2.274893969347947242e-01 3.816087518324411398e-01
-1.619649391721901477e+00 -1.087627195052461859e+00
1.084649675476643260e+00 -2.782137347857938092e-01
-3.481016225957884735e-01 9.796705618260826975e-01
1.112443593098964456e+00 -1.376352047036620618e+00
2.027720736916364258e-02 6.065613950072911154e-01
3.586225599305493672e-01 -1.905600613679366395e+00
1.214646616835189930e+00 5.999215477089215875e-01
1.640745266670859959e+00 1.325922684030804266e+00
9.097094163139078649e-02 1.617733917473744842e+00
1.766361980641534490e+00 1.204673961370086310e+00
-8.872484549243195850e-01 8.083961288140347756e-01
2.109527775298782437e+00 -4.071304391651519028e-01
-5.615914762643205993e-01 -7.789629784871473506e-01
-3.070942879940376929e-02 -5.681689381043522058e-01
-4.000821925515802291e-01 -1.249353050455428993e-01
-7.857681263258526894e-01 4.654562355390028383e-01
-6.448838724242040854e-01 -3.380026508870814239e-01
3.230235652503019028e-01 4.911414526824506299e-01
