2.067532731464498674e-01 7.969762687052963646e-01
6.563855836650093201e-01 2.022028116495320216e-01
-2.618747666036695398e-01 4.460019428392315022e-01
-7.047555007174871600e-01 9.644043356558106295e-01
-1.102966938923852558e+00 8.690265045847036518e-01
-4.113594051102226201e-01 -2.013361574420965278e-02
-5.998943342466721562e-01 -7.509632947908000400e-01
1.123065395972593361e+00 -4.845890886774825712e-01
9.756149579014881112e-01 8.536758637221060209e-01
-5.137034049028852550e-03 9.409501180940017528e-01
-7.608934425560825998e-01 8.955508359308378408e-01
-1.146543207152794785e-01 -4.269307853895275007e-01
1.791965466396686635e+00 -6.980808558049553803e-01
4.846010917622132763e-01 9.290381915048170347e-01
-1.623286383919499698e-01 1.967974701906728185e+00
-4.337787468742703711e-01 -1.179365754796227517e+00
-3.172972323100740955e+00 3.910748590419361737e-01
-3.354366444550071491e-01 1.302546510921729128e+00
8.883403693724175598e-01 1.472492398259068747e+00
-1.688042605913818717e+00 -1.951204003416207311e-01
2.495766252673747021e-01 -1.602720231637146941e+00
6.450975692631888414e-01 -2.458009991114461779e-01
-2.377855900135095180e+00 -4.222603089879862215e-01
1.676307109795406314e+00 1.583379364076209495e-01
-4.364171068767907502e-01 1.434968715983402365e+00
8.236442861374114466e-02 -1.154063597383313766e+00
-1.140251322041968274e-01 1.891136157094533976e-01
2.416445705686984524e-01 2.093001507748118994e-01
-6.425981796508274668e-02 1.287560008167631942e+00
-1.645382789525711709e-01 5.872085261519659483e-01
3.749992809774594371e-01 -1.187632642584666304e-01
-3.469307621986432721e-01 7.290379921991917422e-01
-8.995176357848394533e-01 1.561055570275881932e+00
1.427512633700453559e+00 -5.205101005516404866e-01
-2.129876960137532249e-01 1.580170296862267731e+00
4.232339854560174808e-01 -4.087736830229069529e-01
1.179932090772863457e-01 -4.221015786992953212e-01
6.066681835161358283e-01 4.802344512056979653e-01
-1.819394511702272510e-01 -8.004791660202775772e-02
-1.390133089491865537e+00 4.079925666595822231e-01
-6.301556501951888212e-01 3.900114368499308370e-01
-3.243260441631545116e-02 -1.017575978189731778e+00
-3.366158346249712996e-01 -7.772846969322220190e-01
-9.775261106690616986e-01 -1.308284706089752669e+00
-1.128057907628147838e+00 -1.873333261423458795e+00
-6.533136231298004581e-01 1.945568111781422305e+00
5.531243056452063156e-01 1.245686075972191276e+00
-2.318357636510020026e+00 -1.069628295995274092e+00
-2.380717629646902922e-01 -3.433410828226377692e-02
1.290342552023709954e+00 1.082849492693250121e-01
4.989840451537242427e-01 -2.426227294281705138e+00
4.538023689731635613e-01 8.881868360199171031e-01
1.900507613744150948e-01 -2.232654243475515055e-01
-5.463840645883568659e-01 1.301125161325694668e+00
7.451373298002441636e-01 -3.421160554383514268e-02
7.779902945701439032e-01 9.226627939814655566e-01
