-1.863142431079548855e-01 -1.669341536555609684e-01
3.847635543667114466e-01 7.487595495480749985e-01
-6.861171577737914529e-01 2.509338143685145919e-02
-1.425549359926392978e-01 -1.026575207366688058e+00
-1.634875568044881489e-01 1.920210125542006319e+00
-1.164068395523320670e-01 1.850583345305751637e+00
7.159007446115641660e-01 1.445451586817637857e+00
1.130548568723120650e-01 -9.280543907417426741e-01
3.144204711813348985e-02 -9.118315864851503916e-01
1.075430722229114178e+00 -8.926668766701593150e-01
-1.390151315912414032e-01 9.177598691256914076e-01
-1.596017018409049415e+00 -1.068652148170684824e-01
1.608141994461176560e+00 -5.214924283615283152e-01
-3.663514801029580381e-01 -2.737556613834940533e-01
8.142898289358954100e-01 -1.645621016855382424e+00
-9.968486744229281271e-01 -1.582593946834339294e+00
-1.498524495688316138e+00 -1.197223607021312919e+00
1.075914884543589627e-02 -9.521745799932636034e-01
3.244482879141291631e-01 2.466365511356356233e-01
1.030913166003376569e+00 -1.726806694634739126e+00
-6.523526126145199333e-01 7.424226739280971599e-02
-1.360929254754879247e+00 -7.531918323285422545e-01
2.621810854428160975e-01 2.893607724938456638e+00
1.268407427382464370e+00 1.180649868448961692e+00
3.540906584797653793e-03 -3.098407568036948834e-01
-2.293337252707187357e+00 2.955000022106291646e-01
1.080904213262830593e+00 -2.886475147867398339e-01
1.836499727611156096e+00 5.318838266857364161e-01
-2.149788548695847346e-01 -3.919710473280319518e-01
-7.987036843095224325e-01 -8.001459537855217796e-01
-3.483125229731601769e-01 1.991480469934243880e+00
1.476751167350526028e+00 5.576971141300006707e-01
-2.401212285448631079e+00 -1.044001171472432210e+00
9.676873000070612685e-01 -7.860192139954824686e-01
9.297532313976711871e-01 1.753654976937554011e+00
3.045592066556021549e-01 -2.453331157326390788e-01
-1.195720358286059160e+00 -9.286080136444182509e-01
-1.413936855257393210e+00 4.809671486387093187e-01
-1.309336035398392273e+00 1.080767537845047865e+00
1.124498640784020953e+00 7.228152772219500477e-01
1.628717786676064705e+00 -3.819034588097543481e-01
5.157249536623592645e-01 -8.256241881730640442e-01
7.606141092577192175e-01 1.886535257058721549e-01
-1.492047643031150450e+00 4.279866163911815180e-01
1.237371867093995492e+00 9.564603653184275966e-01
1.629677975312762594e+00 -3.354413975819043880e-01
1.633057187320755554e+00 8.743220087371749161e-01
1.961249873609448857e-01 -7.437636519843742189e-01
8.174217261770396759e-01 -3.265598296671440998e-02
-1.417373916756424546e+00 -1.219499905522397620e-01
1.819694115987421368e+00 1.122098669687539019e+00
-2.482275189326480502e-01 -1.979709435661670125e-01
4.193081965670222844e-01 6.427577530222028379e-01
-7.849665945023089897e-01 -1.638637315166437125e-01
1.288939839089577211e+00 1.873581546731472702e+00
6.211665193599300583e-01 -1.023479161311698249e+00
