-9.304393656252543665e-02 -1.179884590836938862e+00
8.043027272906514424e-01 -7.137783557903054632e-01
1.209765634895825448e+00 -1.021421055442550241e+00
-8.857956042870277491e-01 -7.613449496970093877e-01
-1.063465980993207882e+00 1.489848617178890278e+00
-8.576263909845385225e-01 -3.207854729096618618e-01
-3.861644748970341490e-01 -1.644481176096049546e-01
7.095412980625630528e-01 1.756958407820390367e+00
6.209828479607378826e-01 1.240084884324086811e+00
9.405683570951716144e-01 -3.563388359299455299e-01
7.859263776144688185e-01 -3.699245356790462069e-01
8.340250301126819199e-01 -1.760932771649852846e+00
1.732512212819454556e+00 -1.932691310242843352e+00
5.047861634890397076e-01 1.482663357629827372e+00
-1.030561774419461729e-01 1.036600785295608507e+00
-5.096447103243123555e-01 1.860368673239930493e+00
8.360553668352571632e-01 1.455532465766627093e+00
9.371536309961385758e-01 9.408577702226450512e-01
6.172701113528976657e-01 -9.716238432557218196e-01
1.884261431346471394e+00 7.689527034719808585e-01
1.258541614634259398e+00 5.957274300603859069e-02
1.257945561590962713e+00 8.831663320567085806e-01
-2.741962944528111498e-02 1.004870661867769632e+00
1.244441417120633497e+00 8.364050542261788901e-02
3.624987531628328097e-01 1.999872913013369002e+00
-6.072612377940949102e-01 1.053352694966665171e+00
-1.635312482174472670e+00 1.519336431299377566e+00
6.867275565141887084e-01 4.840197423598896487e-01
5.546965533319215824e-01 4.943837350481076753e-01
5.345646708626150545e-01 4.549664231525515357e-01
-1.622980359878074763e+00 1.648830414565602309e+00
-3.043584338867302286e-01 7.353217750947372844e-01
9.049694079132434288e-01 -1.488013286021790726e+00
1.182154562406260156e+00 -1.322144174303681252e+00
-9.358082414988074804e-01 1.679024755990071505e+00
1.810032897223043502e+00 -7.495413284539422794e-01
1.275709031988409681e+00 1.269075578094935208e+00
3.207671348860566263e-01 4.766698528138723634e-01
1.915163035772048106e-01 -5.168053612082552650e-01
-7.925560780745677381e-01 -1.006171759424776407e-01
4.704318106140821798e-01 1.010111121261199951e+00
-1.191920345050175634e+00 1.411905502236861842e+00
-1.927894559426428955e+00 2.047206806015637592e-01
-2.061163172740723415e-01 -1.834378087762319476e+00
1.239664301507597655e+00 -1.595762424661495649e+00
2.592288516001332033e-01 1.352012116636565509e+00
-2.824779293947794062e-02 1.692989708064196186e-01
3.712958976009487211e-01 -2.034580555957550274e+00
2.326156988707519968e+00 3.505656558962919056e-01
7.032093833072059486e-01 -1.254005032790430074e-01
2.334347901282658899e+00 -4.932239336550297559e-01
-6.858364831135630446e-01 -7.500249131458053276e-01
-1.068942605757847053e+00 -1.102048090494015087e+00
1.187246450915959040e+00 6.509409905632419502e-01
1.022122024418871566e+00 1.455081472067650816e-01
3.502237524089613974e+00 -9.008556432884911036e-01
