8.666028416605701112e-01 -8.604672329315351531e-01
2.449572515488174229e-01 4.673608553342398220e-01
3.908878690999339489e-01 -6.790798302671064990e-01
1.096728832958217881e+00 -7.058294318053138783e-01
7.834833888761851828e-01 8.663433459263952807e-02
5.625867401241840815e-01 -4.317945588317228522e-01
2.946662283525831594e-01 -1.826469661446250337e+00
-7.692706367533137524e-01 -3.425058364283232737e-01
-1.046418554181262506e+00 2.290766918874315383e+00
-2.222816971175834766e+00 -5.926704485030037661e-01
1.179792303913709706e+00 1.709795615535528501e+00
-8.100282566190769584e-01 -1.375555562309653590e+00
8.168624013749871127e-01 1.626589032722461026e+00
2.850019229336206994e-01 -1.408256476414862401e+00
-5.280570535306157443e-02 8.027630197769786147e-02
-6.496047702017049286e-01 9.331277332645194766e-01
-5.676744369798827350e-01 1.410435167073114782e+00
5.016933916211339106e-01 3.958237606314994883e-01
9.223123613226151818e-01 8.401728822549182629e-01
-6.278735674100304198e-01 -3.653397932277483579e-02
-4.295457908964897542e-01 -1.230920735204270144e+00
-1.285329449902123666e-01 2.759154189018537262e-01
-6.081326991312548114e-02 4.247960937486783273e-01
-3.251347447505186228e-01 -9.611604272458399434e-01
1.611677221140639382e+00 -1.474453397529542409e+00
1.773647509582626736e+00 -8.922703154118805102e-01
1.052323466141629860e+00 -2.881078136716061500e-01
-8.852414271561391823e-01 -1.638721871324228863e+00
-8.563462399822101279e-02 1.330524822969895382e+00
-9.377159689279416233e-01 3.138182082885893065e-02
-4.623723359526236143e-01 1.645881155798103235e+00
-1.060819144629890909e+00 -5.267724143031191630e-01
1.529165009314036539e+00 -1.830631463478187504e+00
8.439962001591286844e-01 -1.705968082988057744e-01
-1.677869885874939015e+00 -1.778283008596992731e+00
8.714537044207720795e-02 2.166735644239279335e+00
5.878543716273861713e-02 1.714740682751658252e+00
3.537590650821170191e-01 5.637460158162247575e-02
1.022051968689838608e+00 -1.678956888007048232e-01
-1.617819008731357366e-01 2.466107275616632663e-02
-1.337892901806464474e+00 -3.292365171481197006e+00
1.842590232736460720e-01 1.411423850624421217e+00
-1.439394671715252150e+00 3.051545518920713990e-02
-2.758649616168943816e-02 -1.512598249531901695e+00
-5.107280082806418126e-02 7.775678224497359903e-01
7.067896344644708506e-01 -8.993934588742413805e-01
-8.665904605350588374e-01 1.792468970294402109e+00
-6.055907189380346223e-01 4.629308868087876339e-01
-2.464661890945974765e+00 -5.260545119442712192e-01
3.505332116647074669e-01 -3.374072559604375798e-01
-1.476771119993510739e+00 -5.453268362195229368e-02
-9.368969418482772094e-01 -1.058261845988454297e+00
6.569590369304290078e-01 1.224804554456430661e-01
-8.337526749912709256e-01 -2.018182583360058624e-01
-1.838360734655828166e+00 1.488448821900895114e+00
5.929538166283605527e-01 -3.394618904074597765e-01
