3.129798024083807473e-01 4.098415273582296514e-01
1.781670125597383525e-01 1.214179753294833297e+00
8.353039335025287393e-01 1.033036130994738011e+00
1.068336481666672944e+00 5.530608181971711224e-01
1.867249371535864233e+00 -1.759735899677675741e+00
2.532018053771209476e-01 -1.182991016251884853e+00
-4.513541947481367611e-01 9.452692465900153218e-02
-2.882784965220008128e-02 -1.954574735910596495e+00
7.034686194039303508e-01 -9.406007278126213844e-01
6.392709587024195672e-01 -2.663437365400355361e+00
1.521285129076124010e+00 2.938982887515020348e-01
-3.832592770964461382e-01 -4.410185156648549487e-01
-1.278170122493118288e-01 -4.940979798127035916e-01
6.471489639197727239e-01 8.610139504204846750e-01
2.297725146574422173e+00 1.261122583623288940e-01
-6.401820371907672724e-01 -1.317330830693237198e+00
2.245326614883295102e-01 -1.559306811027675099e+00
-1.453674425482076871e-01 -4.485201267901077482e-02
1.408411068950569112e-01 -4.648690619344037489e-01
-6.776076715513756898e-01 -4.234600222883315723e-01
6.121537056262068566e-01 -4.801492250109959392e-01
-8.891398106670306278e-01 9.332394316936200029e-01
-6.677554736608668495e-01 -8.072142154417932813e-02
-9.421946892477981450e-01 2.341542227284564709e-02
-6.380591752036965936e-01 5.261196425928337250e-01
6.951127256485523098e-01 9.201816706515449917e-01
2.273693825954406500e-01 5.926582787122316454e-01
-3.533357362879395169e-01 -2.600579650337032422e+00
-9.363276367137940426e-02 2.547825237398553710e+00
8.274161489851944440e-01 2.595810640498320332e+00
4.461111290632732707e-01 9.241325679069059551e-02
4.939293020349131424e-01 -1.069302501830809327e+00
9.052875375926298096e-01 -6.283389515115105350e-01
1.941679627538056840e-01 -9.515212034342576120e-01
1.594811860378028578e+00 6.401958494579043091e-01
-8.897396687847316521e-01 -1.596043812617984892e-01
3.127478290935480354e-01 -8.382239575964327560e-01
-7.333441718020021760e-01 9.118296416098482515e-01
8.447098402102484749e-02 1.173281970809326724e+00
9.613072879362318801e-01 -5.139211572842811160e-01
8.892610391640127787e-01 -3.096947812499943886e+00
1.249402394300350681e-02 5.032807728131690750e-01
2.163327174572435840e+00 3.588201920677571155e-01
9.626956617987146581e-03 -1.252895009410445182e+00
2.128434971021532854e-02 1.316679584976431894e+00
2.054775182098731723e-01 -7.063186252772987173e-01
1.470885782014943466e+00 7.039610550765916797e-01
-1.011365850449596815e+00 -9.193501927171687793e-01
-2.883386538305185542e+00 2.018450933554062576e+00
-8.326639530723696225e-01 -2.866967007174978210e+00
-8.092196178525072892e-01 -7.689783184996962229e-01
7.691513157932668987e-01 7.099395842992385353e-01
-1.196862637045656541e+00 -6.985043971326226897e-02
-4.419500267171864172e-01 -1.743261445458568426e+00
9.020173005466182170e-01 7.321287387412522829e-01
-8.810323609767677366e-01 -3.497971853071942250e-01
