-1.235892643437473293e+00 1.423504038565245988e+00
-6.790313198598489919e-01 -6.645811890597451699e-01
-7.776971285352396457e-01 -1.766299033253208917e+00
1.256239770213940954e+00 1.269186466036341443e+00
-2.378986730783809733e+00 8.385851553594174668e-01
9.126821171705525870e-01 6.709866190432282884e-02
3.537221448816384173e-02 1.082881593246741270e+00
4.388337328137669746e-01 6.814878281259963144e-02
-4.739781570704363900e-01 -2.168947591916741968e-01
1.396810115438574806e-01 1.646888376579372704e+00
8.796394409878133258e-01 -4.763234729933626399e-01
-3.843317043254536047e-01 -7.314838295858255846e-01
1.611035873557751463e+00 2.404106326422466577e-01
1.290350979636960993e+00 1.411928724694129444e+00
3.042578133019001596e-01 -9.057930444213196930e-01
-6.483952376353593339e-01 -5.343234592644754422e-01
-1.448178509973015560e+00 -9.682821649526337504e-01
4.222846335767956871e-01 1.329795981484250822e+00
-4.259116429569991813e-01 3.250193669995083967e-01
-8.864490136092020300e-01 6.160626011248103717e-01
-8.949381645539987717e-01 1.737621669186017126e+00
1.449425457122631267e+00 9.579585855327167332e-01
-1.853314092850540273e+00 9.885802275306986298e-01
4.622889497603379083e-01 5.522455832468665671e-01
-5.485955371239612521e-01 -3.340045421405857251e-01
-1.160128958081871609e-01 3.751160581434512947e-02
-1.300470714835766373e+00 5.076836346672825018e-01
-7.417807958087186959e-01 1.182248779919364834e-01
-9.123570137717522677e-01 -2.358664851187973477e-01
1.189186441047844101e+00 5.298717554056283641e-01
9.126283949705138454e-01 2.620898224664601206e-01
-8.788045880800573473e-01 -1.176362599969765603e-02
-2.109164355734736429e-01 6.974499838854668621e-01
-1.762071162851663653e+00 9.263083332571779849e-01
1.074248881718098625e+00 -1.093649975791485263e-01
1.302801546817024647e+00 -1.009160513062224845e-01
1.423918247780677993e+00 -2.797201653670141064e-01
-1.338135787427056300e+00 -1.171285410528816850e+00
6.695739506456220846e-01 2.982567210427999882e-01
-9.225982868125506275e-01 2.190949658114885457e-01
5.786604728821878041e-01 -1.343620790080838789e+00
-3.760436906565936543e-01 -4.774852103783454038e-01
-1.899006387060728773e+00 -1.451340345324294567e-01
-1.745993306970397452e+00 1.020030427244388166e-01
-1.629883857533123592e+00 4.509943661922523606e-01
-1.733351262917614877e+00 3.157428403785764170e-01
6.303579420036077574e-02 -1.061661157924311955e-01
-3.283202648831068160e+00 6.925158923251396592e-01
-1.002858613979623392e+00 -9.549782906468300414e-01
-9.720480403307438788e-01 -2.228934131206075975e+00
5.735601948498896263e-01 6.170615427517122525e-02
-5.527549943447107594e-01 5.288975377848962461e-02
6.959904350481211921e-01 -1.512858332434839082e-01
2.502253611375920839e-01 7.011741203135216649e-01
1.122625216229632683e-01 2.932243336704425385e-01
7.757851736610706928e-01 -6.461036422599697460e-02
