1.826193760209576800e+00 -2.455718269616831706e-01
-1.563529935121917291e-01 7.765977211631677202e-01
-1.138380379811935850e+00 -1.256933992635861808e+00
9.354873621957243701e-01 1.616068059795806033e-01
-1.368402269600380861e-01 -1.151104399266714040e+00
-7.618747127263983954e-01 1.682958274866377169e+00
-1.511154570437859279e+00 -9.404429638077883569e-01
5.659318181055575936e-01 5.857459791722164910e-01
-4.306675058774921960e-01 6.469744183413275174e-01
-4.624933335299789006e-01 -6.770166834669376632e-01
-2.976454111810598491e+00 -6.274449566000628309e-01
3.000436068425793024e-01 -6.962953386155174007e-01
-7.968657103773197151e-03 3.176344306146755558e-01
-1.197880370140808726e+00 1.591118579910068442e+00
1.893026073921176833e-01 -1.901905401627011605e+00
-2.119854464070990208e+00 1.620589549869778434e+00
-1.199933669915435319e-01 -8.041649327598223707e-01
4.873827691296501174e-01 -5.327859660930293062e-01
-6.135246798767922671e-01 -1.386000729775931806e+00
6.455001701169471584e-01 -3.547567115284092076e-01
-8.489800844466419694e-01 -1.968701658991887093e-01
1.465313489342497943e+00 -1.705402865689755076e+00
-2.149250752340893467e+00 1.679864976515795805e-01
-2.313016194670886261e+00 -2.015485016324731760e-01
1.059406317133439746e-01 1.559423794061147173e-01
6.394426379905144842e-01 1.168076577189020249e+00
-2.828075582130779586e-01 -7.268009660149511719e-02
4.325607106666193857e-01 -1.310386777940746539e+00
-8.558423756553062978e-01 1.745673410655905533e+00
2.777656016901658975e-01 -4.987027964467388719e-01
-2.767460927403226911e-01 1.285624030671144169e+00
4.984956944202031948e-01 2.843772020019493807e-01
-1.776129215790785754e+00 3.349612292069734654e-01
2.988545487025670022e-01 9.404287635048317329e-01
1.337069779240479761e+00 -1.016541063931952205e-01
1.317934134814920388e-01 -1.443543134553191831e-01
-5.777686481630137094e-02 -8.496059709942034299e-01
-1.430708629042683588e+00 1.632689799625907767e+00
-9.289455663320506096e-01 -5.546068132951657015e-01
1.695245712047611653e+00 1.263805706741243595e+00
-1.501605967468866876e+00 1.324460068748585906e+00
-3.022052014218916671e-01 -2.933512545396826585e-02
8.148663851693811466e-01 -5.344819180584389207e-01
1.525126337625415607e+00 -9.040048222968335434e-01
1.589049302945522157e-01 -6.852927084436296612e-01
2.227995980792932609e-02 -6.051867312097568563e-01
-8.476995942380601001e-02 6.720096270854453158e-01
5.532383262117935852e-01 1.213076959126525356e+00
-2.428044822423371052e+00 -1.239628301678014077e+00
5.020403535067322620e-01 6.576454528673447708e-01
1.638946442031651851e-01 1.246148024583088709e+00
3.045041066896170268e-01 5.866194829167500346e-01
1.072436131918184099e-01 9.451963924038166986e-01
7.786448851498006807e-01 -3.539821698772618874e-01
7.460555958303013435e-01 4.186794603413748761e-01
1.351806706784318024e+00 7.105105845657643249e-01
