2.681894830702772348e-01 -1.774343830327824278e+00
4.292209151093831498e-01 -8.963004627349401288e-01
-7.898360401118695862e-01 1.346740504057462040e+00
7.383657554716790417e-01 6.017988090909572874e-01
3.359481982366621655e-01 -4.301418125299641959e-01
1.651252930052264034e+00 2.800021838969833365e-01
-6.564609626899482464e-01 -6.883462970183572560e-01
3.622833267946856117e-01 -8.201922135442760720e-01
-2.596804170671118683e-01 2.012525923092416846e+00
1.278999514703202500e+00 -1.188190778507589584e-01
1.530460296571727774e+00 -6.255627151421166987e-01
9.130263819239455014e-02 6.557459736047854815e-01
-2.077459589897700520e-01 1.809471037760601586e-02
8.546395989297185247e-01 2.340197140504602924e+00
1.181056737059615447e+00 1.114872848893681212e+00
1.380165462374306484e+00 7.522487014831714669e-01
-5.366837465317013667e-01 2.213106412378988141e-01
2.086834745876839037e+00 5.381529327146750141e-01
1.202796696513336316e+00 -8.622292783144566153e-01
1.062063689622779972e+00 5.251977634144485707e-01
-5.165553243114782145e-01 1.450236083863664163e-02
7.739286003838796724e-01 -9.595887344541530473e-01
1.001815281516777345e+00 1.512442348605710807e+00
5.159359068286100553e-02 6.884678019721900410e-01
-8.783251601982923207e-01 4.435067133971876130e-01
6.178981499611935213e-01 -6.141701220533469785e-01
-3.680068233918425413e-01 -3.808968199535150423e-01
-1.324826210762298340e+00 -1.270128818211917920e+00
-2.787894155746971706e-02 -4.398568638662620489e-01
3.845478655955875680e-01 -1.113939993079404500e+00
1.789495427218019463e+00 -8.780572136793034499e-01
6.177185652278351924e-01 7.283012674416292631e-01
-7.533702655813573346e-01 -5.279663334833904764e-02
1.541648267951298612e+00 -8.505532309425976045e-01
-4.965286886903010344e-01 -5.033273199906306283e-01
5.609045614745831326e-02 7.198142753825628182e-01
-1.534959649758228295e+00 -2.858273524551959710e+00
-6.274153418666540416e-01 4.062961690248574897e-01
-1.413731456713006318e-01 1.282238039213206893e+00
-3.889826988146212194e-01 -6.562930916005431659e-01
3.209388453010159070e-01 -1.161745844709795472e+00
2.231800643866872491e-01 1.828739153677831908e-01
-1.692102590552325481e+00 5.882235273835040301e-01
-3.213333759233942821e-01 -1.442585424458086574e-01
2.274268582822512041e-01 3.192376392942203878e-01
4.584451939034457357e-01 1.146579422935518844e+00
-2.459538674036324313e+00 5.569650735482402082e-01
2.797289171068044478e-02 1.273549417130342143e-01
7.211659543621810053e-01 -1.252158550693457661e-01
1.384817731329011536e+00 6.318261327394683047e-01
2.851838927755848130e-01 -9.882939606684061351e-01
4.837326473192580245e-01 -2.368698011582728857e-01
4.130597612765193362e-03 9.574161312820294034e-01
-3.217123548555710921e-01 -4.224415190353770777e-01
-1.609383108410322449e-01 2.089781650560447179e-01
-4.256312911529231968e-01 -1.023410501218915691e-01
