-7.001760020682348262e-01 2.306902586392823029e-01
1.407314951856564855e+00 -1.147816142258558214e+00
1.175195096449775267e+00 9.179986794679911855e-02
1.258392812117914206e+00 -1.455459997330208477e+00
-7.968075625630602898e-01 -2.431166724027695736e+00
1.280158775095359580e+00 -2.110714125584324252e-01
-6.917805473972309382e-01 -3.933954605386353887e-01
8.030798803064542746e-01 1.332857462323903119e+00
1.323183598800838023e+00 -1.723268044979088920e+00
-1.170009823620836498e+00 -7.316928492088914382e-01
-1.385066654895184213e+00 1.394730707665922775e+00
-1.458055052636975935e-01 -1.333544063972034732e-01
1.457598861851217453e+00 -4.829264926520454027e-01
-8.273745942554380228e-01 9.751153973868317837e-02
-1.254674849592288810e+00 5.544928085338107770e-01
-3.771590728224744754e-02 2.460503679773410890e-01
1.170113968023336781e+00 8.552446625630272248e-01
6.990286952765314976e-02 -3.241834365013563923e-01
-1.722440885304064917e+00 8.856872655678733608e-01
1.343593617264312812e+00 -3.201242076825455141e-01
4.875271858157403937e-01 4.497866641656448339e-01
2.596899301903005330e+00 -6.270291223644423040e-01
1.138221847209326953e-01 9.793023476887226242e-02
1.853902752411491772e-01 -6.384925035971665830e-01
4.710956773888659854e-01 4.624851512543646792e-01
1.934775874667430395e-01 -1.614778879323851335e+00
9.343930623926623158e-02 7.913879916051758112e-01
-7.038206816874180427e-02 -1.277846969660310528e+00
-7.713415586051028949e-01 8.717598696291292137e-01
5.907085856401078638e-01 6.478315544324669828e-01
2.524393573487471176e-01 -1.684522559355076332e+00
-1.165058069777776151e+00 -3.274589560080027884e-01
-2.183618489258286888e-01 5.545449500205417159e-01
2.098288526273292209e+00 -4.309862872583448135e-01
-8.635422436926359913e-01 9.632187431143555134e-01
1.968116309975436629e+00 1.636046542589435493e+00
4.510440971626190620e-01 -4.908226321798223601e-01
5.883290238371893244e-01 -9.237878917163109271e-01
-5.711246121150761468e-01 8.518304126401688992e-01
2.495252159984952645e+00 -1.437480947588366753e+00
-1.436208406589431608e+00 -4.178219351272371429e-01
-6.363843051653000904e-01 6.312040696978446497e-02
-1.906019238153802420e-01 1.479207636935862435e+00
-8.339909964357142824e-01 -6.008967646620060332e-01
-7.176285240784451291e-01 -9.680698646551054720e-01
-5.729411832940434213e-01 1.417738963523312634e+00
-1.666868376222705228e+00 2.416850372028654714e+00
4.801089207893968758e-01 2.951297283459184406e-01
7.023444660520882232e-01 1.287548113424522578e-01
-1.059973075448195079e+00 -5.081714733568959419e-01
2.119561648807424259e+00 1.897953954603843751e+00
-6.485449513906168528e-01 -4.948459521654157145e-01
-3.024088059537186068e-01 6.570315071470591572e-01
8.141104760218160763e-01 9.095613501989878724e-01
-3.527361625274691437e-02 1.735755635240371797e+00
-1.523812330859512232e-01 2.980958544965972123e+00
