9.948691904053036383e-01 -5.355963058360878604e-01
2.839867513477128291e+00 1.103841165960692594e+00
1.929994898309597695e-01 -1.338654585547827125e+00
9.031869008079730365e-01 5.984024297298058404e-01
6.906494956095261539e-01 5.143792104095611384e-01
3.886117122756385101e-01 3.113723955734233884e-01
-1.258763206695189929e+00 8.449562232035264797e-01
5.445277817854473623e-01 5.246362573955813957e-01
-6.065539189634640005e-01 1.662460866651698010e+00
-5.330474407505907397e-01 1.262662447183777736e+00
-1.268762474824751407e-01 -1.780914458346634532e+00
-1.216246107297844992e+00 -5.013447427184065663e-01
7.860220121754498690e-01 1.292910993663602959e+00
1.456879960223991466e+00 1.398881816230790109e+00
-1.273811518194945258e-01 -7.598931431619722066e-01
-6.825295705561610360e-01 -7.036493471553137424e-02
-1.586565626657076233e+00 -8.981279196747118387e-01
4.120821458883565103e-01 -8.611400742694217403e-01
3.593971633404556831e-01 -1.157973407697217988e-02
3.748885638515819796e-02 8.407363645771777083e-01
-3.734145592024058075e-02 1.051010617282702730e+00
-3.228132886316248396e-02 -4.685901190466413846e-01
-1.921948635268360128e+00 1.733562606677645945e+00
-5.452438968982039613e-01 -7.090974717158999852e-01
-1.818477550672345400e+00 4.901359982549013949e-01
7.521352279286186437e-01 -1.255359781001432973e+00
-1.420529793404343710e+00 -1.063902032937759645e-01
4.817405274207037236e-01 -1.138798890302600064e+00
-2.751010014014232397e-01 -9.673206168837049646e-01
-1.280882094074576594e-01 -4.589504420041519706e-01
-1.478369305901016950e-01 1.028009849654087482e+00
1.102142214485499622e-01 -7.718696509335486455e-01
-2.111253162266134853e-01 6.104860012193662477e-01
5.356454492414757240e-01 -1.494588718769397362e+00
-1.268466241795717542e+00 1.697435098366718353e+00
-1.265349434954015972e+00 -1.837039897966802782e+00
-1.284737590656445994e+00 4.606800838064302739e-01
2.378713139807498989e-01 1.796902979708183912e+00
-1.183634766713710373e-01 9.697274647547764470e-01
-1.499483262920039195e+00 -6.065456421884349858e-01
3.624370972006261682e-01 1.197976273992454432e+00
-1.041927334476143052e+00 -1.203298559462120165e+00
-2.941063507370654251e-01 -9.603128149096090693e-01
1.411154388037447971e+00 -6.270496519078210262e-01
9.727030952574861056e-02 1.913518545682423300e-01
5.685092756731487951e-01 -3.737576436392230916e-01
-2.026105129674818262e+00 1.674441095053602169e+00
7.708937681151359911e-01 7.034176084533654283e-01
1.014977192460429833e+00 9.831377147432251995e-01
9.176349711096496442e-01 -1.031125284466982012e-01
3.955068190416678453e-01 -4.444103549772878137e-01
7.102810593202383282e-01 1.739918671899391311e+00
1.190345323117951271e+00 5.952813760950411565e-03
-5.656409493691764295e-02 -7.916906563103107697e-01
9.964939812268741592e-01 3.389014225321257956e-01
-1.631573591956287927e-01 1.645479428008958800e-01
