1.165516431720721169e+00 2.896883063869024610e-01
-1.518159712489695501e+00 5.723196233263418975e-01
-3.184072515362769140e-01 9.807177235713320229e-01
1.430472500444405770e-01 1.101299981897718272e+00
-7.251555464715989663e-01 8.235702431073325114e-01
1.486033677886745841e-01 -6.243028577655929112e-01
1.766877951904747723e+00 4.366234314949288264e-02
6.617039829690553043e-01 1.006554660606719456e-02
-1.978511678189176504e+00 3.740490474388363240e-01
1.058588455530832806e-01 1.280965973599135888e+00
-5.773235220813491830e-01 6.125995818019727146e-01
2.733558769437353653e-01 3.274249981459435022e-01
-1.987261461518402827e-01 -5.649560520344918402e-01
1.175236270069142774e+00 -2.564869237921231226e-01
-3.022489144059503086e-01 5.057538301190762642e-01
1.530478563609265263e+00 2.800927293774508331e-01
-5.669252574459662242e-01 2.073014196497262152e+00
-6.061920376564164936e-01 -4.932883896129592327e-01
1.039198917246525911e+00 7.606080928855770695e-01
-2.027724973481181137e-01 -4.822841294347848806e-01
5.416181146260006241e-01 5.130388953655703466e-01
-2.679005595347065394e-01 -4.768213944479457456e-01
-4.935162658561656479e-01 3.210315492022962625e-01
3.552226126313465793e-01 5.084820562318582704e-01
-1.506357619548600035e-01 -1.297715112804956661e+00
2.346811119683034796e+00 -2.183167951875616408e-01
-1.235025267285141171e+00 -1.089934685082267096e+00
-8.339886461061771783e-01 -8.927710755423091948e-02
-1.407832327363020553e-01 -7.805383777415897395e-01
-1.093573715064176666e+00 1.449514954394727440e+00
-1.944136481786172377e+00 5.101331204148010778e-01
-4.728781498987487120e-01 3.852373857126859535e-01
-8.154151732371177630e-01 -3.530407272351628878e-01
8.969686912522216726e-01 -8.571376916828893355e-01
1.245191214033191107e+00 1.395652886053635910e+00
3.338057716445111400e-01 1.044189521184954339e+00
-1.984719229982529476e-01 -1.505356439943634994e+00
1.323408653020573977e+00 -1.366920861135620724e+00
-5.278530972656970688e-01 1.527862903552932083e+00
-7.422640174591208506e-01 -7.368794719529110360e-01
-8.646579415110706712e-01 -4.195373623390035167e-01
-3.156372900169123752e-01 -1.404696083812676743e+00
7.824440238774783563e-01 2.729370577996134806e+00
9.248715456113736355e-01 -1.561642774592299387e+00
-1.793212437222041045e+00 -7.424173298786468367e-01
4.395429048247708192e-01 4.592771554270773104e-01
-4.290650466435851906e-01 -5.186197239815790727e-01
-4.873672084756789369e-01 -4.679340265079593997e-01
-1.418355300180225598e+00 6.605509615475779750e-01
8.111799449872176826e-01 -4.002731219874551827e-01
-8.586315948680340870e-01 5.888854158117842047e-02
-2.209528773745350616e-01 -1.261502977113923452e+00
-5.632455393803444954e-01 5.113106059113412538e-01
5.924846407056010289e-01 3.124212137910241036e-02
-8.147284150021248672e-02 -1.237467838429795686e+00
9.943533128293477463e-02 -5.697204501242273400e-01
