-4.490515006286343036e-01 3.607403247410764235e-01
-9.186067729771981716e-01 -7.983800985029454456e-01
5.842748950463133584e-02 3.475912839977489677e-01
1.040788153103656688e+00 8.327241475368927226e-01
7.100943055166282214e-01 -1.099036779578023593e+00
-1.665203450193174506e-01 1.117299214318605793e+00
2.155364753156399971e+00 1.376182927807477752e+00
6.684760593715005639e-01 1.168102509136210498e+00
-4.890605888641010313e-01 -4.220091633337335058e-01
1.310952166400335683e-01 -2.480772947501052039e-01
-5.473048486062941365e-01 8.269445719904077174e-01
-2.486420815388926453e+00 -2.925544305649122601e-01
4.559611234294221049e-02 1.420284371954458891e+00
-1.758975985321106439e+00 1.173725934425392969e+00
2.232727499723412001e-01 1.659163885794239235e+00
-3.839765746224615972e-01 -4.188074062570567024e-01
1.588021294269842875e-03 -1.033685410543689009e+00
1.194983622740521279e+00 1.272065536199679547e+00
-5.038603143470691270e-01 -1.314029542235271908e+00
7.839163479677889457e-02 2.413410519649712982e-01
-1.263270256389505519e+00 1.226568994325089701e+00
-1.898282281506872837e-01 -1.938982526419445573e+00
-3.407136645641252737e-01 -1.824989546961696796e+00
8.961110453147267396e-01 3.718349547019513812e-01
9.987624577292991690e-01 9.098512833743266359e-01
-1.904011798403749678e+00 2.371244211296765214e-01
2.464953508162593399e-01 -6.448454282794112702e-01
-3.292250263407616728e-01 -5.571885377529085803e-02
1.228699037577080100e+00 -3.757839719478545115e-01
2.151952643302759358e-02 -1.687842248951972046e-02
7.959714767778486300e-02 3.479785594087096423e-01
-1.770614498068487030e+00 -3.929110870135605338e-01
1.836558081706720413e+00 -7.486106301261228335e-01
-8.311008387766103400e-01 -7.466007692715113109e-01
4.821278356444129165e-01 -1.643592035542718044e+00
-7.898643702676878542e-01 1.586236645291810854e+00
2.500166912377496664e-01 -1.079668258843908157e+00
-2.252550468758319102e+00 -1.503448241308124489e+00
2.222477814137168162e-01 -1.610830256019360140e+00
3.477387282218101228e-01 -1.508737276879226430e+00
1.382404486674531086e+00 -4.890415437341287808e-01
1.662258548387236523e+00 -7.682942773945460324e-01
-7.073500047433016746e-01 1.767972106071871163e+00
-2.501719597370118953e-01 9.748264801675691205e-01
-1.700520569988834552e-01 -3.879104646087159769e-01
-1.084053907168525344e+00 9.109103632940099837e-01
-1.356727811370850745e+00 3.529550184852795480e-01
-5.807732209093192655e-01 3.945216644437262166e-01
3.940696582464331410e-02 2.579504088419884988e-01
-6.719952315762112161e-01 -2.683381432148492229e-01
1.219268549159804538e+00 8.496449475829686016e-01
-5.085978716511263542e-01 -3.216461291964877733e-01
-9.000706363661183929e-01 -3.696522049278141986e-01
-1.886183820375072040e+00 -1.217894826997094171e+00
-3.195654242129987721e-01 -2.071962322335115514e-01
1.383570181845189317e+00 -1.171427288560771052e+00
