-5.541776751975399096e-01 -7.844214909119068269e-01
-3.549508843465692398e-01 -1.220621322630098149e+00
1.810338829502439739e-01 -1.744386369308102980e+00
4.628223493610493788e-01 1.012782102664887773e+00
-2.745256282016379057e+00 -5.588359747861282312e-01
8.029773129657227226e-01 2.015957354680582458e+00
4.759718452044889858e-01 -2.004065945923227066e+00
-3.727644607277099120e-01 2.778313430245891724e-01
2.004226686493031373e-01 -1.224851055614784689e+00
9.597408217915818218e-01 5.143082258242234195e-01
4.476448263999402433e-01 1.244465873067110762e+00
1.703626842594412327e+00 -2.735739824147263022e-01
-8.658356088303118536e-01 3.000161208180330830e-01
7.695067051646227174e-01 -6.792013912706142964e-01
-3.097172220282372601e-01 -1.051093432132184022e-02
2.706272588403636492e-01 -2.600842710225104507e-02
-5.104129207787683198e-01 -9.593717816377325680e-02
8.956759010471144755e-01 -1.812683452296613359e-02
-7.702460701195448234e-01 -6.972466016026648283e-01
1.355786487672628882e+00 1.545958683367492759e+00
-2.501682443392046817e+00 -6.441834557678487450e-01
7.163669645311578071e-02 -9.465303224446892649e-01
-8.034798841305892392e-01 4.170910806300483498e-01
-9.080655791172855817e-01 1.438138919516549930e+00
-1.573283258122283090e+00 -1.436724355038312195e+00
1.774571085154117878e+00 -3.236314849304835484e+00
-1.359607838003368263e-01 4.665210715000158714e-01
1.621567852252957298e+00 -1.249725813719399170e+00
3.009867599122982296e-01 -3.899770191205161329e-01
2.398291568283179021e-01 -1.355201850394746610e-01
1.435564651269711778e+00 1.088164122643184628e+00
7.324706155097556737e-01 2.187855562866588333e+00
5.761794240459205962e-01 4.149137350763631438e-01
1.592073950126733362e+00 -1.377485172112448808e+00
1.316732452479170590e+00 7.000989472339067543e-01
1.214808783309884399e+00 7.013150469772385653e-01
2.615871002332518791e-01 -8.473327143042603815e-01
-1.109016526550878678e+00 1.282408269836317505e+00
-1.892442860869253396e+00 4.569583485669205802e-01
3.253363104125677752e-01 -6.351448213443354751e-01
-1.657497883217275148e-01 9.003553270225904681e-01
1.567691553301589602e+00 -1.084724172545884047e+00
-3.247228767407489003e-01 -2.954538215696679571e-02
9.401585655164871325e-01 1.034712030171667657e-01
-5.416289420824238476e-01 2.727587666332558780e-01
1.888783374335812004e+00 -1.022081351746479738e+00
-6.296231929022109153e-01 -4.386054666280376213e-01
-1.116812427895830240e+00 3.538183211439669962e-01
-7.646147579732917032e-01 -3.034630883882030172e-01
-4.399541173173310282e-01 1.163568695084038707e+00
-6.345868015029910714e-01 -9.197942962164578073e-01
-1.011043054823583115e-01 1.491641514806349988e-01
-1.048631029714020418e-01 6.869688657143858679e-01
-1.707799860285402316e+00 2.655228731534894582e+00
3.368435573427245450e-02 -2.029092936820531962e-02
3.177614172201827514e-01 3.705721017956411460e-03
