8.039063682017676127e-02 -2.745375382528741914e-01
-4.840503659358386113e-01 1.967266417571027215e-01
6.217704209425528594e-01 -2.326834100624424195e-01
-1.273931485338652525e+00 2.213571188471999129e-01
-4.832508988016243623e-01 -2.672270411516157115e-02
4.233104541823134448e-01 6.652100642294137556e-01
-1.386036851821201621e+00 1.694408043287506105e-01
-4.886916800944904882e-01 -7.755558197550577182e-01
-2.724725065436334748e-01 -7.031895807736745496e-01
-2.916493217558623341e-01 1.607675967322184096e+00
-8.179170455712347909e-01 2.289581286982547703e-01
-2.073271834757323389e-03 -1.538943186149613895e+00
-1.800331406133550693e+00 -3.934312225298274290e-01
-1.881398964208686131e+00 -7.037093103730173160e-01
-1.766304914587549790e+00 7.256068379462035645e-02
-8.411709494118096986e-01 1.880627798107489465e-02
1.205636498753570596e+00 1.887546483414465515e+00
-9.358309787307342864e-01 -9.483455455853806448e-01
-2.624385093750878362e-01 -1.268529433814431062e+00
8.503133702338699917e-01 8.475078590765390274e-01
-9.517419469896450934e-01 1.759581392770608987e+00
1.052811399517177504e+00 1.994668600793822577e+00
-5.548945582937430121e-01 6.230705271148975211e-01
3.009529590468749127e-01 9.677459854174293996e-01
2.779802762609977912e-02 -5.638729262030331979e-01
-1.117420044669556800e+00 5.276503678636105255e-01
-8.509003011173849051e-01 -1.248108180272925027e+00
-6.028333563554306718e-01 5.406299691968694532e-01
1.818320360205073927e+00 3.626275362507578870e-01
9.839097721636971827e-02 -2.171505611368662048e-01
-9.267830388085192272e-02 -3.986022634989919156e-01
4.033696136723300407e-01 -2.111363311883074079e-01
2.551958864089605150e-01 -8.512010086199008896e-01
4.735661167182686482e-01 -1.303997481999197572e-01
-1.079701272917565458e+00 -8.021813113764958425e-01
2.581813580645718753e-01 1.689345685079339798e+00
1.161006783683540045e+00 -1.229628326301621444e+00
-8.753884215608315200e-01 -2.343683783556278488e+00
-5.230068240607155250e-01 8.551204260401640278e-01
3.012179274647828198e-01 -5.625884629168386164e-01
-1.009808266727816761e+00 9.121466540195715123e-01
5.115939430703136948e-01 9.169339984304674118e-01
-8.333735113575608811e-01 -6.866911808586231292e-01
4.925172442458192190e-01 4.542611590798901755e-01
9.314796017932086558e-02 4.426671563754733807e-01
4.220279913305624020e-01 -7.380715011874994236e-01
4.068301612850840354e-01 1.308366183756740186e+00
9.499335701357289885e-01 5.976684135654376506e-01
1.155858428703872981e-01 2.521140447748679847e-01
1.996815782657503924e+00 -2.032561742225978407e-01
6.622393786285528661e-01 1.263667075829544073e+00
-9.767264547143982290e-01 6.796602289239744854e-01
-7.189000268075236566e-02 5.967215458727741506e-01
-1.975407536253418916e+00 -2.682375275858049357e-01
1.415359699004656413e+00 6.109134760366639050e-01
-5.193382331578685340e-01 4.464443549951692680e-01
