1.352122631854000057e+00 3.676698484728374572e-01
8.163188182576979202e-01 1.507221735360516401e+00
3.408623630447876751e-02 -3.955226156710945351e-01
1.312906662694843352e+00 2.737139109677008131e-01
7.644656686446510419e-01 -1.789763938297282420e-01
6.537425825590201800e-01 1.852427488503156083e-01
2.847591257618948268e-01 -1.978977193616428654e+00
2.633767852067950832e-01 -8.179647481612305482e-01
2.122450256990363049e-01 -2.157740889044471311e-01
-1.054087537416725118e+00 -2.490711434015063563e+00
8.989469396840865656e-01 1.066251150223106459e-01
2.719205115385894711e+00 -2.259827766055705067e-01
1.442940682967738530e-01 1.141910022013428172e+00
-5.504278920484990262e-02 8.660563343036432604e-01
-2.658810659345293370e+00 5.967136360105081971e-01
1.367662141895241934e+00 -5.554587948468667769e-01
8.492867099534640377e-03 5.357450574564101009e-01
-1.080001929105470770e+00 7.087980494356828087e-01
-9.973748337009984422e-01 7.358546014611778707e-01
2.706942211051873048e+00 1.618892240671558014e+00
1.576333405509619201e+00 -1.432723356607259024e+00
-1.011753443010448894e+00 3.093329363856268110e-01
4.353009028540515413e-01 1.033220127992457105e+00
1.628414779392462153e+00 3.569729770879663810e-01
6.608931410035499832e-02 -5.626235223981369549e-01
1.013856916522561491e+00 -1.003592508182483023e+00
-5.570600286832295689e-01 7.413770201412511751e-01
-1.614652166311574932e+00 3.995319288784404121e-01
-6.506176398702508967e-01 -8.574057739557193747e-01
-7.331827250896898185e-02 -1.522133741881021685e+00
4.537114622308227596e-01 5.536957909603693606e-01
-1.140896058913672517e+00 3.558587597596868379e-01
3.503200804692548909e-01 -2.210853755756706285e+00
1.934600927735652398e+00 2.480686388562438616e-01
-2.728469207148341916e-02 8.688329901047382453e-01
-2.550139806539294396e-01 8.419274043787068340e-01
-1.573128536490176754e-01 3.674069342827418483e-01
-1.497580633220305935e-01 -1.237744752956331684e+00
1.924525883297617757e+00 -7.312699380818848960e-01
-8.244940031435398220e-01 1.437294785741414782e-01
1.170522843465979568e+00 3.782609616124254365e-02
1.881491230706873186e+00 1.688773524675629412e-01
-1.309647045644871444e+00 1.252671096633352521e+00
-6.720352847809802910e-01 -1.128667124802594790e+00
-3.120492615448084914e-02 -4.898451415242216500e-01
6.661205943927929196e-01 3.173930835078172391e-02
4.186929716011028590e-01 5.489438001042996618e-01
-1.448345312705537236e+00 6.792580647166912566e-01
1.685719586211460008e+00 6.700789511314521329e-02
9.004374751712759251e-01 3.237839692203811071e-01
-2.806209556675489103e-01 8.361929994886698747e-01
1.787608504891128991e+00 -1.086813950288429753e+00
1.046702289720030876e+00 -9.833008980103326024e-01
-1.478726345712120804e-01 2.996918614748362852e-01
-3.944278253597499617e-02 -5.322780435836973467e-01
-1.223654739807054082e+00 7.081161096722585757e-01
