-1.186964119290315978e+00 3.818757251512789330e-01
6.209565701805348503e-01 -2.888136139302621141e-01
-4.851777020723204159e-01 1.366074563503235084e-01
8.255516007295320424e-01 -2.132316486086624607e+00
1.373210679624079944e+00 5.389678391318494799e-02
8.646599094063838198e-01 -9.480086365534252657e-01
-5.505999891531072610e-01 -6.328064364372406603e-01
5.573435879502361967e-01 9.672390053543336585e-02
6.573129757862883338e-01 1.201950863838536998e+00
-2.927958905037136628e+00 -2.971940438447416288e-01
-1.378933251114758118e-01 -6.823808380304682286e-01
-1.836786093731828773e+00 -2.919665806205627434e-01
-1.105502227559125084e+00 3.443343886881159999e-01
1.630752818744839017e+00 5.356627419085343567e-01
1.109119214418828187e-01 2.115138698755195446e+00
-3.117402078566617468e-02 6.911348912027170943e-01
1.433381217309568356e+00 7.481767970477974927e-01
3.442954889813993891e-01 -4.811567875257991567e-01
2.551287682885030050e-01 -1.134201506107092916e+00
1.411472391373522761e+00 9.239636106268608318e-01
1.395516632010631364e+00 4.328287431754694881e-01
2.143714804361348314e+00 -8.779921189695067962e-01
-1.345424239920858800e-01 -3.195334140571324810e-01
-5.154146222593631865e-01 -4.942397275572085746e-01
-1.076781386933720608e+00 -2.147063728264828608e+00
-5.912118334297493671e-01 2.055733692694494130e-01
2.196016936335093428e-01 -1.315488402210655827e-01
-1.684922643559650046e+00 8.463169167721339425e-01
-1.062462502681353449e+00 8.291257029388326982e-01
-4.497201132178768046e-01 -1.224919410070917758e+00
-5.842649642261659171e-01 7.208636695506265291e-02
-1.065282775491127376e+00 -1.877292083398501149e-02
1.732698918858065207e-01 2.060280414169772367e+00
-6.007738516141681862e-01 -1.167209071615441740e+00
1.515518844856438507e+00 -1.517300583415081006e+00
7.028850040734744287e-01 1.237969272186412617e+00
9.029273460697434528e-01 -9.246222698312235311e-01
4.679031017394134073e-01 -6.104275190986874211e-01
-4.611308925271830339e-01 -6.677740175989633764e-01
-8.140291845167901830e-02 3.272104699843362829e-01
1.309527954312571962e+00 -2.737052932605079092e-01
-4.564610485990952538e-01 -1.315936489097621620e-01
-1.359044250350747163e+00 3.555106353989503920e-01
1.956869314972811358e+00 -5.942359344347319938e-01
1.587672853637147163e+00 -1.187415383524264689e-03
-7.279585417074971310e-02 1.151022564146702232e+00
-1.776961363636039071e+00 -6.878951088046685314e-01
-8.294135961773287935e-01 5.029226468222084412e-01
7.410761094899656065e-01 -6.826136677100623773e-01
2.021038939010073865e-01 1.162434389362059006e+00
-3.986720445231671239e-01 1.603405521920707733e+00
-7.060675419540682896e-01 9.347270392124736038e-02
-8.293637167220681006e-01 -8.244176002409712156e-01
-6.777176938900624226e-01 5.208138167323904666e-01
9.203776666506694459e-01 1.258900493408254162e+00
9.264415833574726200e-01 4.702251318869075658e-01
