-5.708045745937261328e-01 -1.325959320434161981e+00
-5.100284471843354039e-02 -1.344510763557196009e+00
-1.093446422905801629e+00 -1.069206396829482930e+00
1.405429039775400346e+00 1.316542378230970645e+00
-1.736300548077225891e-01 -2.203762354525874212e+00
1.065867029572121517e-02 -5.991340215118544643e-01
-2.194104915902248099e+00 6.134168549371306067e-01
3.097140710095622751e-01 2.607422748879459906e+00
1.283319367434284430e+00 3.843150595835617134e-01
3.984177917428745053e-01 -4.563849622097744807e-01
-6.757888828442401019e-01 1.498792381299853538e-01
-8.407017468764954593e-01 6.649345932439233442e-01
8.142928644484054290e-01 -2.322114430187986467e-01
1.347829279502396060e+00 -5.430518618203179076e-02
2.970191751569227212e-01 7.429098015173962732e-01
-1.555538209256285498e+00 1.508168712933152522e-01
-6.267868247524739367e-01 1.466567751961485921e+00
8.681973477553353025e-01 -1.533763495880503980e+00
-5.848324124760687637e-01 -5.433080284039173424e-01
-5.542429352973908818e-01 2.606993734375425142e-01
4.988406945374062457e-02 7.040873243447470786e-01
1.019964221858758124e+00 -3.350771561120599595e-02
3.846804382314947257e-01 -4.685480036228847345e-01
-1.533207730349937181e+00 -1.624573107832493868e+00
4.647426995769315949e-01 8.000320934669022943e-01
-1.368478585385900725e+00 2.670439908995638767e+00
-5.469734957209598791e-01 -5.951285765612550627e-01
-1.331428919610957440e-01 -8.479047907732922829e-02
7.530024901390900416e-01 -8.524893413721433832e-01
-6.079790903008769343e-01 -6.631525151772541538e-01
3.055082233408543679e-01 1.907070701260329182e+00
6.036005162780567757e-01 9.486605372175350714e-01
-6.901359739960694073e-01 -1.055582490840439036e-01
-1.595866905882135089e+00 -6.195786921728803076e-01
-2.964004597028234156e-01 -7.026140693141758042e-01
8.541422824807691772e-01 -2.173819647086768225e-01
1.848059955550730160e-01 -5.886121440094721491e-01
-1.284936613747296730e-01 -1.292610992022786287e-01
2.778409010082672492e-01 -1.130792886909674166e+00
6.287447707565230193e-01 1.310865303019249861e+00
4.081606990434850091e-01 -6.624844370619302758e-01
1.134155505431100330e+00 -1.421506215972613285e+00
2.075485709818996494e+00 3.953302016280502151e-01
1.129964800272004855e+00 -5.995308520829792931e-01
7.552144065486661173e-01 -5.843845817357679051e-01
-2.506210082261244310e-01 -1.095918987143244872e+00
7.411158476966926978e-01 -3.974177581825751870e-01
-1.467680931609545381e+00 1.133273336606944737e+00
-2.157443172820979194e-01 -3.009381742666254467e-01
-1.150802395421550939e+00 -2.992316095750514049e-01
-6.550151442465149687e-01 -7.640048776714456480e-01
-2.508495057508774440e-01 -1.994216040552210911e+00
8.460583202828125815e-01 9.461977982215532545e-01
3.105234656540810656e-01 -7.362557162382707965e-01
-1.636004980007764176e-01 8.281623937710407279e-01
1.295714193958611871e+00 -2.221679121233023080e-01
