8.852099495103084026e-01 -7.095992611425928631e-01
-1.669979644023810827e+00 9.307013864528748681e-02
6.009394215449987975e-01 2.161126399743026200e-02
1.548270914685499593e-02 -4.775395174496832595e-01
7.516674814671613358e-01 -9.908550734169191410e-02
6.527059161058882397e-01 -2.559058748347567969e-01
-1.283413360714891205e+00 -1.074115426405874985e+00
-1.244390579253728119e-01 -1.238498406428676590e+00
-1.410242974348044076e-01 5.450229891945747029e-01
5.384854659866703530e-01 2.290177976151614725e-01
-1.534984123258432032e+00 -1.972366485479675746e-01
3.524868505423908033e-02 -1.727667732927730959e-01
3.674552317284100478e-01 2.283865748099801252e+00
-1.801979240499567980e-01 -8.387265529843473955e-02
1.102793076001727490e+00 9.980640032647545290e-01
-1.382286730536126829e+00 1.067476712989194665e+00
-1.252073029111692826e+00 -5.614244820481922860e-01
8.182563287110181660e-01 1.955704496223291955e-01
1.475964839635305781e+00 8.553074664673209204e-01
1.406215485297027667e-01 1.441174193968026263e+00
1.752500749910713418e-01 3.310315324126363312e-01
3.056132411901778534e-01 -2.044196117024839499e+00
-3.014856932919065535e-01 -1.009738144436553853e+00
1.143694494534104766e+00 -5.660696726557941094e-01
8.107591808920632248e-01 -1.242894803748539750e-01
1.436454878261381740e+00 -1.650380222270469710e-01
-2.416764748631025084e-01 -1.174165996236679721e+00
6.877081906346044389e-03 -1.452647748975570474e+00
-1.148747523839256379e+00 -4.326637839926835150e-01
3.150771535711490157e-01 1.153392344739697650e-01
-4.113978724895784311e-01 -1.055247794438714637e+00
4.946547811521445626e-01 -3.963050283107163452e-01
2.635204399051853108e-01 -9.976310579372963394e-01
-4.760967325586316634e-01 -5.618806294126386935e-02
8.118214146946323151e-02 1.439890164086057300e-01
-1.040591416221317456e+00 -1.882292327127798870e-01
-7.918634306003561329e-01 1.714238707431692488e+00
6.534140720137876501e-02 1.979417548610675315e+00
-8.082347177217168444e-01 2.940381692349772758e-01
1.287744596523621388e+00 -6.620537956822358794e-01
-7.758572453560452775e-01 7.819966169851849669e-01
1.305324479667490989e+00 3.458085392111893697e-01
-6.566154804213234497e-01 -1.042659090108812581e-01
-6.400122367385429056e-01 -1.481619410459882102e+00
4.325366573322227404e-01 1.559834878440813366e+00
-7.128526714490294180e-01 6.302106609854295216e-02
-4.868850049938933666e-01 -8.012084669338379039e-02
2.677955556782853908e-01 9.584377405634866287e-01
-2.944735188136611725e+00 4.888028417316014895e-01
-6.546684580835563372e-01 -4.989481241764087138e-01
4.681825835045861917e-01 7.135023356465093336e-01
-1.506034224937568000e+00 -4.530871926277407202e-01
5.494434198118126889e-02 -1.254700369352810485e+00
5.319744222380473619e-01 8.995401103185455272e-01
1.542226753436640285e+00 -3.953458148702407998e-02
-5.879719673324450557e-01 -1.067291457832062473e+00
