1.053697420472369251e+00 -5.482144616207715870e-01
1.290538379228275967e-02 -1.324147216426670992e+00
-1.479433373194018797e+00 1.445136436392724155e+00
1.167479832522248628e+00 1.081719084892292099e-01
-5.933282170922293819e-01 9.877707237143996677e-01
-1.110698805992139243e-02 -1.136700647175321460e-01
-1.028034099109475630e+00 -9.163175876294612499e-01
-7.824148291737421657e-01 -1.387076467979888816e+00
-3.412015052731299236e-01 -1.380473459891463639e-01
-1.974320690580821713e+00 1.274456690541540427e+00
7.345406828786538167e-01 -1.203709946806548636e+00
2.097956456116775836e+00 6.554976256069131035e-02
3.142190079046234263e-01 4.599567922472694304e-01
3.484067095881164811e-01 -1.147130733347757170e+00
-1.387944106136160816e+00 7.366291148797460275e-01
-9.388656784728598159e-02 -4.067785412668918354e-01
1.226838140438760494e+00 3.836364192183228106e-01
-4.991327215248191340e-01 1.950822171233363322e+00
1.430552309585755522e+00 -5.668271317079208726e-01
-1.538947099470746371e+00 1.568847524972574403e+00
-4.655588661609745826e-01 -1.679226571568274595e+00
-5.155707459835584539e-01 -1.503102487300650159e-01
7.302436146689743612e-01 8.519959897189538500e-02
-1.128316609832155315e+00 1.660365895452077523e-01
-7.814267602703126592e-01 -2.021656762749726721e-01
9.615135997817857438e-01 -3.436617952617454508e-01
2.043920586134259310e+00 -1.347134052626121070e+00
-8.922210905867962172e-01 -5.267322984454416712e-01
-1.737692725311702269e+00 5.607834884922591190e-01
6.306425377091354756e-01 -3.297852380080438239e-01
8.873453145732195235e-01 1.151124971080787818e+00
2.433836729368570317e+00 -2.864908332753935416e-01
-1.317238918337451326e+00 -1.645114320367858873e+00
-1.669654716164246988e+00 -1.740294736469388814e+00
1.309822858176660221e+00 -2.019116551247105706e-01
1.028575699461973025e+00 3.093966169390149346e-01
4.367322297732625924e-01 -1.069444701312794122e+00
9.132399877048111847e-01 -1.711545475426045293e+00
1.474399924085273983e-01 -1.123054853044198387e+00
9.426201149685424774e-01 -8.327508797506930627e-01
-7.738107483895249050e-01 4.713058170970092497e-01
1.801443912072219877e+00 4.264402312540149786e-01
8.981832062473238398e-01 1.221033824930718659e+00
-5.788855156518131206e-01 1.823849784239209015e-01
1.628588354824688222e+00 1.048027314481314365e+00
-5.187657788996019592e-01 1.329234188715064491e+00
2.744231288262336532e-01 -4.361662052993354188e-01
-4.040274771590930680e-02 3.891415744131069832e-01
6.100633490033842143e-01 -8.262760250899638115e-02
1.800991781241771950e+00 -1.562570227154588709e+00
-4.690366305513559708e-01 1.633024349953441368e+00
-4.255446998283654580e-01 -8.387955346726181372e-01
-1.064196624127623780e-01 7.488674529542288516e-01
1.190663916637329400e+00 -1.118420294862692455e+00
4.542383928179786201e-01 -1.224000743516965528e+00
2.151303795275409658e-01 -1.279603131622787139e-02
