-1.055841797611116739e+00 -1.404898029282046767e-01
-1.717129091289086418e+00 -7.010570146911135857e-03
5.595544325974514122e-01 -1.400217996155106892e+00
2.967661005757380455e-01 6.176297636029931537e-02
1.235990912168928757e+00 -1.797664179058598322e+00
1.189226750445867287e-01 1.406952330730495859e+00
-1.472688292353419581e-01 -5.551093430828666353e-01
-7.391872531401698643e-01 8.095640248464404110e-01
-6.627493801202550827e-01 8.345671803373732045e-01
1.287549842371919384e+00 1.837888397644115601e+00
1.064328202598803674e+00 3.095005548848202004e-01
-8.983550053339847130e-01 -4.859936868275009370e-01
8.144022299287254629e-01 -1.224538678431450256e+00
9.795288685816763707e-03 3.151639463761716220e-01
1.873799274867945508e+00 2.387104215216368230e-01
2.474009826834724923e-01 -1.227179086590222790e+00
5.142947185951380895e-01 9.684480868756739635e-01
5.651001473890830962e-01 -1.694968814297615478e-01
-1.385075510469784055e+00 -9.327661763793517746e-01
-2.438214501843697646e-01 3.359389231118983105e-02
8.480144030328322646e-01 2.550690276893979314e-01
-1.144119772974263816e+00 2.176082449893137760e-01
8.847593842854132307e-01 -1.791631516296322113e+00
-1.094519892930628513e-01 -9.473512449049200645e-01
5.474501321702367473e-01 -4.293969406271078149e-01
1.015136275944239053e+00 -1.919078870011034166e+00
4.220466704414759240e-01 -2.220829228687527523e-01
-2.195910491696825950e+00 -3.487159276922350282e-01
-2.958361858854552384e-01 1.177744688513321369e+00
7.645219036790158462e-01 -5.544246982589351447e-01
7.038666336085616093e-01 -6.923212932799955865e-01
4.763254394736444186e-01 2.016310273585328883e+00
-8.745786585376061906e-01 -5.624851782661082628e-02
2.226122250376158629e+00 -1.015502228459028933e+00
5.503697295512776089e-01 -1.784373465044343243e-01
1.001414440446254106e-01 -2.287214981926552482e-01
9.707324495676350473e-01 -3.851486032442139607e-01
-7.429907775137520876e-01 8.510795021302199892e-01
4.262837155832819858e-01 -6.128983174209984286e-01
-3.086807757159817922e-01 1.477553426230291622e+00
5.822102897945707900e-01 1.640722043597629409e-01
-6.051348886132393995e-02 1.467924004872868782e+00
-1.803123771708887713e+00 -1.829595414696755240e-01
2.379112984594245472e-01 -1.067700590986817577e+00
1.368750724600588997e+00 4.072126615348898859e-01
-1.157403995892774873e+00 7.608616991211993030e-02
3.061448939867080776e-01 -4.831613760179854222e-01
-1.987024610291471038e+00 2.367753043605866026e+00
9.342318544197082408e-01 -1.014902595325953394e+00
-1.642394244305435957e-01 -3.803783638402495337e-01
1.036959318758233217e-01 6.018222200294554014e-01
5.295404075893229284e-02 1.062049880207516894e+00
-2.005015697205577568e-02 -3.821315768037487071e-01
5.990305010543347519e-01 -5.715351185860827465e-01
-1.054180965028699291e+00 1.047488471720170899e+00
-1.390975654292029517e+00 -3.134641785533331948e-01
