2.715880447006034301e-02 7.113244143586834323e-01
-1.221884812654269181e+00 -6.246893551694787661e-01
6.553793508885716879e-01 -8.299785673396864460e-01
1.429653937504132166e+00 1.513342273276150118e+00
4.975915875104275354e-01 6.295315887868462301e-01
4.676583288098302149e-01 4.360983774240543287e-01
-1.548995956291235432e+00 -4.525829082815735482e-01
2.639924198605914540e+00 2.204588418607960953e+00
1.606827137829193619e+00 -7.564483535322752417e-02
-7.010452305501526649e-01 6.400962911880417883e-01
-3.593617762439140217e-01 -7.392377823659503910e-01
1.428276129132764471e-01 -1.103988917882430476e+00
-4.915991356494927578e-01 -1.300766700214250893e+00
-2.996409984026738305e-01 -3.752629945159204894e-01
1.318273021397107225e+00 6.680015567338568605e-01
-2.151752146302557678e-01 6.884209455468496275e-01
1.500883734924298718e-01 -3.905169591140079666e-01
1.855951661261130425e+00 -6.556654877365340750e-02
1.232096705049467333e+00 -2.492481523806718280e-01
-1.430538144997676453e-01 7.788543121187858631e-01
3.162385474690647680e-01 -6.233379282763614748e-01
6.101417212300900283e-01 1.209425832128542266e-01
-4.651810826193602533e-01 -9.182934802954406672e-02
-2.719091665887258258e-01 -1.655703260190761084e+00
-5.515490086765194588e-01 1.019350510981622993e+00
2.903016136509370959e-01 -9.495133516341720537e-01
-3.441658036365435325e-01 5.369915672008183094e-01
8.551592673017572865e-01 6.458672141999128868e-01
1.605331633181119044e-01 -1.932795224312795490e+00
2.391777283260586806e+00 8.007276159290759310e-01
-5.078877092045581687e-01 -6.701808270040798821e-02
4.528805311332950723e-01 1.051027911403574100e+00
1.404897004581028064e+00 1.181866908113256676e+00
4.036624405766785495e-01 2.137867556851008322e-01
1.091566113933900711e-01 -1.601479216704446706e-01
1.006713578547817178e+00 6.031987274313604930e-01
-2.982475710061412433e-01 -2.195513448828604053e-01
-2.971143190925090050e+00 1.970689175335616217e-01
-1.213932068860034574e+00 1.525253734530211680e-01
-5.237004569941487719e-02 -1.524822988048828432e+00
-3.022507091086522046e-01 9.084863666869394949e-01
-5.304802710666606247e-01 -5.565332563939006105e-01
3.911903222892224585e-01 -1.147629533862747575e+00
4.671423435673380808e-01 1.037787968034569852e+00
4.475627312255316959e-01 6.517919070128378456e-01
1.151274822722379909e+00 1.027103783663641412e+00
4.137818185074759181e-01 -5.088514342088478193e-01
-4.394181121720766026e-01 1.107026622167852775e-01
-2.270880267092169724e+00 -6.973827485544041860e-01
3.687097252866221031e-01 -1.905049284061280102e-01
5.925158672009118721e-01 -7.059103060630665949e-01
8.739187309776885737e-01 -1.631770219434991454e+00
1.719078925931134760e+00 1.037486447380798538e+00
-1.182363366531381077e+00 8.402875363933504094e-01
-3.010579670972876598e-01 -1.021216286448215493e+00
1.368189571051202647e+00 8.326203029847555059e-02
