1.503944373876540341e+00 8.223328257492086291e-01
-1.157994534961745980e+00 -9.812060030001637512e-02
1.216730547612182800e+00 9.052064935927343070e-01
1.297264823133125189e+00 -2.661134007292179082e-01
2.174268741719931342e+00 -4.944416128526881588e-02
-1.442985699439355729e+00 -2.851996518201682651e-01
7.894077451315254512e-01 7.335265188778015144e-01
-1.111749600644330815e+00 -5.575639453851227723e-01
5.002056397331036686e-02 9.367783350842499024e-01
-7.336283854547164252e-01 1.134115581967234609e+00
1.860616939503188849e+00 -2.637657836486981267e-02
1.023459982834749038e+00 -6.057744547546447533e-01
8.529962271474391677e-01 -2.544220760082070987e-01
-5.952864688337974330e-01 -1.949065062848274188e-01
-2.348728400032873420e-02 1.169604019762818359e+00
9.254156922964211496e-02 1.351905109206003264e+00
3.704649895507519108e-01 -1.691324538393840449e+00
4.886406104679038437e-02 7.570110469271386089e-01
5.682341153718465376e-01 -3.098345806640173117e-01
-9.992141892118077129e-01 -5.572222804437398924e-01
8.999972567818597113e-01 7.125806832066121643e-01
-4.259116792365439386e-01 1.249116953180550826e+00
-2.213966007071458686e-01 -5.540855226813912182e-01
7.849367900905477313e-01 1.735502898559521667e-01
1.944473941825165808e-01 -2.603141734595148526e-01
-5.624095898965698614e-01 4.138075461166586533e-01
3.189414300323389351e-01 -1.713432127027174179e+00
1.720488187749432685e+00 5.832680290828240466e-01
-6.361397621809184999e-01 1.435933092674355205e+00
2.400328893508179462e+00 -3.127133730005202117e-02
6.856795527923554845e-01 1.241248869981305125e+00
-3.074479409681606934e-01 -8.033847092793815481e-01
-6.492078903538652801e-01 3.332870136991537002e-01
-2.258915420616898484e-01 -2.025000392098587287e+00
6.296280445535263892e-01 -5.502231856295589640e-01
-4.023496032328929273e-01 4.018622444275704031e-01
1.915122334041499674e-01 -2.179306491544889202e+00
-1.596633919323446005e+00 -1.244417279111001279e-01
-5.865599774492250562e-01 -4.904736489246380171e-01
-1.176056541581988357e+00 -5.505468656977162700e-01
-1.906522084189281374e+00 -8.937865562356199778e-01
8.271166016866151605e-01 3.985055974761360642e-01
-1.299059415386386807e+00 1.392045514149870211e+00
-2.540411982569998339e-01 1.016826685898731819e+00
-9.964139516008998498e-01 -4.981186320341324247e-01
2.081355973529445402e-01 1.576094853561558651e+00
-5.472065345991158208e-02 -1.050136529280232267e+00
-1.875055466255158620e+00 -4.005170837608411083e-01
3.917116525604156241e-01 -3.056400623846063924e-01
2.129589932848412193e-01 3.677341002221349298e-01
8.540097543687662496e-01 -4.500567748249537647e-01
-1.837666238040538857e+00 3.117726459282668325e-02
-9.595518136473363269e-01 -3.932561623060648048e-01
-2.319808211502124018e-01 -1.619528620013116760e-01
-8.956065219993174509e-01 7.703831013988844401e-01
-1.202329839055121113e-01 -8.078410847425573360e-01
