3.825715068366167260e-01 -1.599574551939444200e+00
5.166304783188130356e-01 5.157267132374974139e-01
2.224799564538704477e-01 1.352358043937929466e+00
2.445429230335355975e+00 2.179012789969398511e+00
4.024869435578505850e-01 6.094077279909548839e-01
1.276674642353152089e+00 2.760020914053925023e-01
-7.472421363414128992e-01 1.337984502664699260e+00
-3.697288466724049649e-01 -9.902246390935611764e-01
8.017566191948960475e-01 -1.516651706509171804e+00
-2.084701120627067139e-01 1.135333960002021358e+00
6.580969864512130618e-01 -1.272077280764155160e+00
1.213648297016365785e+00 -1.379476770591405443e-01
3.521823403740351188e-01 -1.679700567516581255e+00
-8.869277253885973211e-01 1.548066065478021121e-02
1.339682861860732876e-01 -9.446276908492017288e-01
-9.344696249349397910e-01 -1.427875952771399337e+00
-1.832825682528423483e+00 -1.505023746943927376e+00
-4.749708177597882774e-01 1.564268517681284054e+00
-8.290797166584218392e-01 2.271864063212475582e+00
-8.379756425980739998e-01 1.716796741365192169e-01
9.064892113316825872e-01 4.439374703754596641e-01
6.993420510306662674e-01 -5.070305031848542088e-01
-1.652974978240283832e+00 6.994865981396225507e-01
-4.138611471120148821e-01 -7.765186852241126036e-01
-4.605623888452612391e-01 -2.617655899747088899e-01
-4.781646417810306859e-01 4.046328654062877339e-01
7.655153961605554169e-02 2.107190841247791602e-01
1.261949166722642346e+00 3.050534545494248614e-02
-5.171317186955936424e-02 -3.413515864390695986e-01
5.847569163854987595e-01 -7.546180467839787021e-01
-1.370678085731745766e-01 1.082408846071112735e-01
-8.764958827080779891e-01 2.011124963727735970e+00
2.344928880782448100e-01 4.437426125961625445e-01
1.613348448896276377e+00 9.665880819322625328e-03
9.391398095480478492e-02 7.432471413751837175e-02
4.674922019609739632e-01 -1.620126166874211515e+00
-6.973063217582736728e-01 1.686086643414387742e+00
-6.398330275949182244e-01 -8.043926257271243330e-01
6.988739622988664468e-01 -1.143661405299296469e-01
-1.148056566008996526e+00 -1.691868578944337509e+00
-5.994406134002577824e-01 -7.236479233784195997e-02
-1.756996501134047151e+00 -7.879689228731766582e-01
-5.204450015645245564e-01 3.074983265873258431e-01
1.011612738949597246e+00 1.723263886419562185e+00
1.245835103154819268e-01 -1.303547085373132575e+00
-1.591239776369736791e+00 8.928600987847989945e-01
3.278348457411505157e-01 1.263564864016106348e+00
1.366721102685005240e+00 8.414366245210475048e-01
4.585788071178955594e-01 1.584918454717086034e+00
-8.925814510293216264e-01 -2.682354455189806530e-01
-3.751470410797476118e-01 -2.548820245777248528e-01
-1.711461946192095462e-01 -2.556025777261586862e-01
1.788033677033563196e+00 -6.938238862810103269e-01
2.634668516717013631e+00 -3.724993443064631427e-01
2.213160025756350180e+00 -9.622664566663996499e-02
1.084783862303045243e+00 -8.760509941900791464e-01
