8.283026038525883594e-01 -9.540855583734659806e-01
-1.569615259491469628e+00 6.393230523778977714e-01
-9.991995958810943879e-02 3.132771033652643755e-01
-3.384138612793390899e-01 1.298926207819131262e+00
-7.498146277048208797e-01 2.670687030410472951e-01
1.859727972517529304e+00 4.785325721207486782e-02
6.813577359112019671e-01 -1.731342236333398288e-01
3.547178567012623795e-01 -1.721195677861213191e+00
6.534124685894053541e-02 6.254423274869645999e-01
-5.438638026914288659e-01 1.071835735379240262e+00
5.509056225207283886e-01 1.615688272126797997e+00
2.713767720443953646e-01 -2.737200166570370907e+00
5.982473246155000507e-02 1.278530204599265918e+00
8.632426970937263633e-01 9.386404921471268592e-01
-1.700216198328977191e+00 1.122836393270024713e+00
1.378236429110780703e+00 -5.571743131074190503e-01
7.794898747804416272e-01 -7.938553821931549903e-01
-4.504237811446493676e-03 -1.009987536552832799e+00
-2.328635068709153724e-02 3.640775870578617616e-03
-2.065788610309787554e+00 3.774011492328189776e-01
2.547712374383003242e-01 1.803807454714587477e+00
-1.292174391433254632e+00 1.445274283060815179e+00
-3.437924096123873841e-01 -3.492349938928333147e-02
2.447564471551807730e-01 5.341460130521381577e-01
-1.282245018260458114e+00 -2.283534735855262676e-01
-4.041363091802907537e-02 -7.229776217021235407e-01
1.344102691369133407e+00 -7.318748666589640628e-01
-9.271205968414977239e-01 -2.307968196473610401e-01
-1.051910214126779097e+00 8.661717664203129052e-01
-7.775177957039596244e-01 -1.054866135592268661e-01
1.063864380880574556e+00 -1.275665979171788367e+00
4.473980554975988677e-01 2.038230102074992001e+00
2.238414555304462539e+00 -4.481639348821677554e-02
-1.596846331711729849e+00 1.462389021871104200e+00
1.953564959181499194e+00 -1.917993959381066649e+00
2.463013307352548698e-01 -1.849569077444725151e-01
3.233394847655542415e-01 -4.421002372999714991e-01
-1.187743640898532016e+00 4.216554989389395547e-01
-3.111249056080009345e-01 -1.113718567404308885e-01
-2.146826295897560577e+00 -6.287483499693385935e-01
3.409730435697239659e-01 -1.160705682562930052e+00
1.253361057186094918e+00 3.590704911082830408e-01
1.017566430768010871e-01 9.774200668640727896e-01
-6.777900648860355481e-01 1.741992235213935203e+00
3.474920589891724587e-01 9.315226039501622868e-01
-2.656519275515772938e-01 -8.061958544985463604e-01
-5.638841021376556767e-02 2.465796218257368277e+00
3.575633276176898967e+00 8.054854245201594765e-01
3.406152924114247416e-01 -1.156694624017577944e+00
-1.747229923955787578e+00 1.572025156442206306e+00
-5.795021458672039438e-01 -5.327418533326827577e-01
1.642320470988861691e+00 -1.213534929497525283e+00
1.496275688251767599e+00 -1.607591335057456439e+00
-1.854140662739975909e-01 7.982898809351476332e-01
8.395981683608668700e-01 -7.809442797662140556e-01
4.284250263670054404e-02 -4.965903197226063104e-01
