8.998395130975477274e-01 5.503111167253267322e-01
1.981826061901028613e-01 -1.746473974464030521e+00
2.250056345649737999e-01 -2.352864558289590180e-01
3.426142002604520287e-01 2.182597077094845961e+00
-2.531405857022746980e-02 1.149518846102874248e+00
-1.070270032420500422e-01 1.809255693179634195e+00
7.475891514548158590e-01 -2.858379503157051360e-01
-1.153068489050392609e+00 -7.178404673852127882e-01
-1.316799615471791751e-01 -9.175939814098744707e-01
6.463725006034022613e-02 2.362537913288781155e+00
8.138712587384887565e-01 4.526090557774214429e-01
2.814843093030348631e-01 -1.672025513269171260e+00
2.488498044304135112e-02 -1.922438886290062932e-01
9.236490634263223587e-01 8.011641059122902586e-01
-3.130428968301645631e-01 2.400126215517570660e-01
-1.154436078936173643e-01 -7.891189785777725785e-01
1.215640476520275376e-01 -2.990436528992290732e-01
5.007616258176570412e-01 -1.024220903209769329e+00
-1.173813824925544758e+00 -1.024471833671953824e+00
8.170780786860355471e-01 1.944317889324549631e+00
-5.889732389582295058e-01 -3.611093558672407444e-01
1.073669164235659390e-01 1.033142318284049344e+00
-4.075416819962117687e-01 -9.489243294231638481e-01
8.459533317654371887e-01 3.100329413018471647e-01
9.000642729500311079e-01 -4.088680680025847947e-01
6.592445076211852495e-01 2.968978115686138342e-01
1.485944296258046027e+00 -5.493651598123009405e-01
6.502938179238531013e-01 -7.901845998424537054e-01
-5.246214166594240780e-01 2.079692639280462441e+00
-1.930782488001956954e-01 -4.164792258404604874e-01
-9.410320465080205254e-01 9.869965228758763587e-01
7.626654845109834824e-01 2.370038490210164106e+00
-1.205741750436493787e+00 1.766080145763148979e+00
3.622600991545259497e-01 -5.286913908142458762e-01
-7.823084542584873846e-01 -1.055590224233070584e+00
-5.382082640601879575e-01 9.241505513775233327e-01
1.889933802236198668e+00 -4.243684902431994477e-01
7.243923693662551212e-03 -5.951248562196401887e-02
7.922842847719716586e-01 -3.678371904784271118e-01
-3.468119145222311461e-01 -6.060818639016712917e-01
2.197988486495589255e-01 -1.356231450902268820e+00
1.401978660478610195e+00 -2.913602112405794808e-01
2.088284537519212947e+00 -4.071049238786508262e-01
1.146621145709959544e+00 1.646018322080944063e-01
9.438870150906403245e-01 -7.264450289629581503e-01
-7.316384570551694860e-03 6.290866548321569773e-01
5.671211445538100193e-01 -1.792365274107833306e+00
2.944089349270022637e-01 -6.434764042897169745e-01
4.611132267207720958e-01 1.546781029056413903e+00
-1.366166723745937617e+00 -5.701840532116364546e-01
-8.994049645979759200e-01 -5.288682636317206809e-01
-1.137163094547311015e+00 2.444455088051039893e-01
1.290751605270922697e+00 -9.362178806899471573e-01
-7.934840236666758084e-01 -7.978934287364523037e-01
1.457666530377016656e+00 -6.401842198225021763e-01
-7.529643619012283962e-01 -4.226098980199926025e-01
