4.549478184272630066e-01 2.092385379370526044e-01
6.007533560022244590e-01 1.737302449999228726e-01
1.365196284654115189e-01 9.172515750585057415e-01
2.927928287495299209e+00 -1.438097598159500112e+00
-3.123948169194573632e-01 -5.708521280204331694e-01
1.553859132673544696e+00 4.641873022877308630e-01
1.157394245272091338e+00 -7.829069136745683277e-01
6.479086211502175230e-01 -9.252689233228654775e-01
-8.731380171737833651e-01 -1.660838340917959677e+00
-6.061025691277397431e-01 3.382389325731821605e-01
-1.703876987311121249e+00 -3.372809022302945547e-01
5.860244043361962918e-01 -4.437519124035795015e-02
-6.542224005517627283e-01 -2.938235305947303200e-01
3.421363916147932699e-02 7.714007187960647549e-02
6.036543233068397685e-02 -6.218471611976325031e-01
-1.166576235998030953e+00 -2.548289544906682913e+00
-1.551593159219912810e+00 1.815268030938762989e+00
3.064242160249008862e-01 -3.132092377062012933e-01
1.651448117598507681e-01 6.367037760925172707e-01
-1.022761549823837796e-01 -8.830338937239734509e-01
1.688821005188459790e+00 -3.148816730453903201e+00
7.703328927386210445e-01 -2.565506543387727212e-01
-1.730442032846798206e+00 -4.651069565797951721e-01
4.203505921690241509e-01 2.222458755690226162e-01
-8.434029569335302901e-01 7.342425691476587302e-01
9.528707278970108829e-01 -3.519373770169210158e-01
-6.986102124073306774e-01 1.362435924636306694e+00
-3.133869886613715461e-01 3.097766621490954941e-01
9.513530878398215318e-01 1.770272918815165575e+00
1.894364859004284307e+00 5.027029811215170119e-01
5.413756533799980453e-01 6.184209987869054848e-01
-1.607898600443062209e+00 -6.350793173988854567e-01
-5.300488559743214978e-01 -8.892326759035731332e-01
-1.177922070677655642e+00 -6.950700703733563302e-01
-7.175642319605299857e-01 -1.250459049288268121e+00
-9.427355080167061363e-01 9.140662625302631294e-01
-3.210185059371022387e-01 -4.126546895212487298e-01
-1.360980092214149895e-01 -6.402875357731367956e-01
9.025004000115578462e-01 1.675890003099762826e-01
-1.071764396740954028e+00 -4.305524236470369415e-01
1.872779168077167045e+00 -9.481892313791179250e-01
-5.502577252571769773e-01 1.975916259785551521e+00
-6.962873504150718373e-02 -2.748841022828176772e+00
3.801404565017296733e-01 2.229292559611923075e+00
-1.287555687302583962e+00 5.280054293348415001e-02
-2.551476894987311228e-01 1.005457026490901740e+00
-7.656542078938572971e-01 -3.990619635834086742e-01
-1.925649764347110160e-01 -1.024449758456136284e+00
-4.108176442563640091e-03 -8.173410406951214791e-02
-1.104444267616538689e+00 -7.232604824194472926e-01
-6.411572099085327547e-01 -1.864333584158862911e-01
-2.276519207146994184e-01 -7.402287952345857347e-01
-6.527108959696118484e-01 7.231701809690144200e-02
2.050948567579762571e-01 -7.247845188486914392e-01
1.507192220537713512e+00 9.802981387888554110e-01
3.883306806359304586e-01 1.175702131259557248e+00
