-1.364784775338412803e+00 5.040731664528015354e-01
-8.144403942229279103e-01 9.519768809562163536e-01
-2.253314227118155877e+00 7.972100933276774493e-01
-2.122640506392042603e+00 -3.449384332470675774e-02
-1.594094631096914849e+00 1.063394369591467381e+00
-6.284825971892514795e-01 -3.987103603722263467e-01
-2.176756958186004398e-01 -1.122270815559007096e+00
1.726382256129865622e+00 2.132358864530435882e-01
-1.747773432520903850e-02 -1.124045662827518166e+00
-5.664488152232417528e-01 1.509694284232181204e-03
1.106454057169276028e+00 -4.573456322782201156e-01
-9.841583340884837439e-01 1.683211655272725205e+00
-2.391097039119232381e-01 -1.349848747187804676e+00
-5.634093955382073471e-01 -3.073564856257634398e-02
2.541501176827895225e+00 1.552252587272310080e+00
-3.883471372611057570e-01 7.661509495756503307e-01
-5.536326846958037340e-01 2.074580424947854329e+00
8.016771609197305137e-01 2.363897524427073460e+00
8.491452244693413753e-01 2.013838864380111282e+00
1.236100859392728513e+00 5.315267318116199124e-01
-2.142821511733370987e-01 9.997722840787527376e-01
-5.777468819463226213e-01 -3.036400625443354873e+00
-9.488903843577196628e-01 2.627723074809495182e-03
-6.786625971712394456e-01 1.530064490096630259e+00
1.101042688606389985e+00 -6.589759362298239775e-01
1.753339612428117811e-01 -9.040787604606656536e-02
-3.078096620029013297e-01 2.532348357203904055e-01
-8.710837821674871639e-01 -1.010548177571856998e+00
-1.692982842747660088e+00 1.698247195861341430e+00
5.357913932482527564e-01 5.060924788097104915e-02
2.734554378627179982e+00 -5.060860412590581503e-02
8.059097837101724116e-01 8.921574360816996174e-01
1.272835546585398658e+00 -5.331891350737033575e-01
-2.582560714828814330e-01 8.603652847560004924e-01
4.114972616815443240e-01 2.592867077563032918e+00
2.929399825379458422e-01 -1.006895418142408766e-01
6.824547247831545815e-02 6.793922901324777053e-01
-1.085717893438273629e+00 -1.975420712624015862e-01
-8.194965958491023938e-01 2.443174396401043280e-01
7.728077027595871007e-01 -1.818421574628267701e+00
-1.164712344595503879e+00 8.785608601983809773e-01
-5.818237840833770935e-01 -1.243601617603833809e+00
-2.313280728949395348e-01 1.674938529790056752e+00
2.457592038946745938e-01 -4.706922941007989913e-01
2.431257448429602619e-01 -3.194179009284807691e-01
2.810186217397349084e-01 -4.228621208270901266e-01
-2.458213766027789404e+00 2.091820887516196992e-01
1.071610399734623353e+00 -1.233408010155759182e+00
4.333423196802010241e-02 -3.637138167092994756e-01
-9.891154734048144270e-01 -6.597018411826300888e-01
4.957331294683742229e-01 -6.163873134912356555e-02
-6.301199805493599149e-01 -8.815858384923865032e-02
-1.157407624405763169e+00 3.069388698458804243e-01
1.556417582019145485e+00 3.254557576485512804e-01
1.048983106402563648e+00 -1.518106566585737394e+00
-2.957306733738475635e-01 2.263224710104976695e-02
