-2.449125781464046803e+00 1.855386257332424238e-01
4.278274093310953097e-01 4.586574555219318228e-01
1.051971182554738871e+00 -1.627028768960943950e+00
1.106531613618207510e+00 -1.319403919446431039e-01
4.801072353288943217e-01 -3.486984313938565894e-01
1.204895488288430627e+00 1.721783688100530785e-01
6.887314376234144886e-01 3.215926058395046638e-03
1.699277588117304560e+00 -7.186597033256484357e-01
6.383758125747851508e-01 7.589846106096443945e-01
-4.362065105111428975e-02 4.655374046541017191e-02
-5.475052804219567720e-02 9.816523808317660638e-02
-2.842802593689405244e-01 2.227620700028337120e-01
-3.167565163534836331e-02 3.903336853140731422e-01
9.100384557280519759e-01 -8.882204329558810452e-01
-2.574328919922476769e-02 3.653104988129114439e-01
-4.386152619289830357e-01 -5.731728112741343306e-01
-3.273769080790451813e-01 -5.831068943378654446e-01
1.259506357860157966e+00 -2.184540305782869118e-01
1.356301642497576454e+00 7.375992297735478598e-01
3.917633904180967686e-01 -5.420058460589025628e-01
1.170919923892680181e+00 1.483829704563356666e-01
1.877974935808625900e-01 1.423561172248212214e+00
1.467452793106966080e+00 2.975532134371372019e-04
2.389225707248318897e-01 8.418300501583783069e-01
1.335254755358489920e+00 -3.388544297685501250e-01
5.824120375390126059e-01 7.993117501278755865e-01
5.472879508462967779e-01 1.360818549935734145e+00
1.584069567883265861e-01 5.625049977127658529e-01
-7.317691161066939287e-01 3.619334224804209299e-01
1.365096955898912556e+00 7.190360782954332564e-01
-9.010076645214882829e-01 8.906628925058326374e-01
2.289737330428130768e+00 -8.300988000620008744e-01
-1.635123628191558653e+00 -1.223779633857069893e+00
7.042866525298275837e-01 -1.063317526866747409e+00
-1.187410768766277158e+00 9.392766585025222881e-01
3.574818123892687938e-01 9.996007182325302720e-01
7.826875608544739960e-01 -2.712737891541980306e-01
-1.897198144778637352e-01 1.526786595362058518e+00
4.389016305882932623e-02 -1.277835909495770306e+00
-1.056956362259573901e+00 -8.734331796325420783e-01
8.080972790044349541e-01 -8.418777334460486594e-01
1.063696602377987466e+00 -3.923902348424245234e-01
-5.940268250961481256e-01 -3.342286343765863976e-01
3.751501431801872455e-01 1.483937979064982260e+00
-1.299543237986820143e+00 -1.782600004144435646e-01
-2.128128218752798340e-01 -1.596184269171457615e+00
1.028830322928267815e+00 2.106581147750287375e+00
9.751573956422029399e-01 -1.714594269562278450e-01
7.243839227747140841e-01 -5.035096343295570875e-01
-1.627832064387909339e-01 1.142209380106478767e+00
-1.574761586564337179e-01 1.220740159744281295e+00
-1.388536511176980681e-01 -2.772991413028180752e+00
-3.736465481486254792e+00 -1.726816330242241682e+00
1.035768255927041359e+00 -6.851084598111127910e-01
-8.079835921940016208e-01 -7.908908001816122857e-01
8.126450441345538511e-01 1.758454715707580274e+00
