-1.434597202749701705e-01 -1.062535343960025358e+00
6.871648417368461104e-01 1.742653978121140312e-01
4.077005439635262296e-01 -4.774753002021865922e-01
-3.645353424524734320e-01 1.235586405855399805e+00
-1.157320775032482096e-01 -1.507849084733420497e+00
-7.240321542831589241e-01 -3.649564433996857482e-01
-4.321313103140630441e-01 -1.189973557602344995e-01
5.040331013367983504e-01 -7.831873366978440165e-01
-2.692037994397170064e-01 1.557800339235044240e-01
-3.742152976091535077e-01 -7.014533597615284499e-01
-1.641450097534760399e-01 5.956780114810557997e-02
-1.497446309256599051e+00 -1.576656271890612526e+00
8.918399075556596722e-01 -1.424858198622148686e+00
6.031794025995821373e-01 1.532856360287088160e-01
2.459981130442456532e-01 2.748148852413339061e-01
3.107993345645593486e+00 -8.670837847717319247e-02
3.232663630479024608e-01 1.516258947039179183e+00
3.672441635396466175e-01 -5.002625851990185994e-03
-4.886232702635158187e-01 6.188563057865571482e-01
1.831282489982344885e-01 4.134258373859264757e-01
-2.509570129513406522e-01 1.105490623415575024e+00
4.084320327401784190e-01 -2.341165718452565603e+00
-9.607858493497107855e-01 1.116321498282423913e-01
-7.394691544804615768e-01 -2.480137842795490377e-01
5.072371502980467239e-01 -2.731298891711093080e-01
-8.938123646357718499e-01 7.637465405931967433e-02
-2.851972897661679829e-01 1.121730414461627190e-01
1.450106319486020645e+00 3.408425700796610114e-01
1.949490351440655633e+00 8.512059977082503393e-01
3.241335052367564917e-01 4.685353770066965073e-01
9.898987396385530019e-03 3.936972214115539437e-01
-1.453701026460342494e+00 2.812945698756914581e-01
-6.557575599879694739e-01 -1.253048936156340831e+00
5.029514269343471344e-01 5.706477199473417548e-03
-4.649581178133014858e-01 -1.447830245664578630e-01
-1.164494080122266295e+00 1.959074363550569187e+00
-1.345169707395650338e+00 -4.178687051482151554e-02
1.858162931193152234e+00 -1.046006492985378289e+00
8.586845078353599892e-01 -1.032256165115881807e-01
-4.475368995933518002e-01 -7.517055600172533047e-01
1.139164556696275366e+00 -3.894797208607212458e-01
5.848392328000225904e-01 7.814874602545592852e-01
-1.887394593503314566e-01 -3.051173520413766327e-01
-8.276976524416654879e-01 7.039509686425848844e-02
-1.422648398088359967e+00 8.702395782649410272e-01
5.810559515704645517e-02 -1.574372932774337874e+00
-5.712533164212608705e-01 -1.337088703942582946e+00
3.245450821314352363e-01 -7.795078337594864015e-01
-1.330796412114891858e+00 -1.866598921593548122e+00
2.852837691773541517e-01 -4.950607908985047434e-01
-7.649768877271350132e-01 -7.925358005300113806e-01
5.389212975705911027e-03 -4.444572353626140004e-01
-4.404440411415634360e-01 -5.564523643103896910e-01
-9.136001442940722139e-01 5.559616699570817389e-01
-2.405352733164049794e-02 -6.265341329828805206e-01
-1.513903972268464959e-01 -5.121567988485389300e-01
