-7.031481755266787426e-01 2.514139823561260534e-01
1.162152996831192567e-02 1.797315559455436862e+00
8.561688972084050553e-01 -9.078025852160914733e-01
1.403931068754110445e+00 1.113162385936996346e+00
-1.658789993752702863e+00 1.151994028705780826e+00
1.854375923063586340e+00 -1.555990468820295014e+00
-9.867168034272486565e-01 -1.834445087087160253e+00
-3.448981985253710136e-01 2.214052289584329813e-01
-5.189354097725298320e-01 6.383356561177068178e-01
1.121949228760448003e+00 1.029046507908798036e+00
-4.869901734416767214e-01 3.302654319476226452e-01
9.344748407495037101e-01 -7.839184136876528042e-01
-1.726573338953221182e+00 -6.282298396907248783e-01
9.220803319935291786e-02 -4.365874544907255572e-01
3.422256988476964246e+00 7.355467912884534609e-01
2.179655191358159882e+00 -9.301027564885079313e-01
-9.018260146706752467e-01 -3.308546118234707151e-02
-1.657964740555417427e+00 9.945393991507008868e-01
8.086896528686313701e-01 -1.712960620535268541e+00
7.027672915712329660e-01 1.214760723953030697e+00
1.414012889186818445e+00 -1.551739110984814651e+00
-1.668124232791108552e+00 2.593427107364280060e-01
1.360825289776621816e-01 -3.860453758595392970e-01
9.465662890086079528e-01 7.098092423923083594e-01
-6.520275941165896809e-03 -8.234515038844117951e-01
-6.487559760645505991e-02 8.228180002488448830e-01
1.476394796593731629e+00 -5.205036696126308371e-01
-1.316470280576674257e-01 1.493765557077931516e-01
4.918229664187070416e-01 5.525362145669973080e-01
1.037326226402656593e+00 9.862419477394653022e-02
-3.916313718692481238e-01 1.141575904501734184e+00
-2.166254470342511951e+00 1.754426302047544572e+00
-1.729437060136351789e+00 1.425104004112192901e-01
7.247105892345543365e-01 -9.112781345248203158e-01
-1.850018512458475595e-01 3.100050008925365197e-01
-1.305380813662277761e+00 -1.654257781257166160e+00
8.535991025623897999e-01 -1.705950108333083651e-02
-1.311629417657081964e+00 -1.004633825190970109e+00
-9.820896032147024002e-01 8.157704407465983243e-01
-3.788168885447506518e-01 9.972218598427624592e-01
-3.998706402278091043e-01 -1.496658868693333977e+00
1.590933493414180999e+00 -1.406913013010942848e+00
-1.053826154996393705e-01 -2.713271046188164282e-01
3.824662506277944352e-01 8.208363196983683996e-02
1.432186546005681294e+00 8.683605482171050660e-01
6.720217791692737475e-01 -1.364716756461946401e-01
-1.147887798120270197e+00 -6.504029467977227030e-01
-8.922570989683688281e-02 -2.418876960398587350e+00
5.623788238689475527e-01 4.715287001899738373e-01
-1.285976970442456624e+00 3.152748446744571553e-01
-7.559781627695313366e-01 6.997070698786856946e-01
-6.402853716226331038e-01 -8.579039468646311173e-01
-2.019546233133508173e-01 -5.868879087407548045e-01
-2.158496632021445816e+00 -1.002034958392699071e+00
4.486467333539961300e-01 1.199891090767251922e-01
2.365468172491830834e-01 -7.813626915139414431e-01
