1.129073721906977745e+00 -1.761681459067503674e-01
-1.347534668232584165e+00 -1.291779601059567018e+00
1.302606499321767863e+00 -5.601380539341951348e-01
8.978270899805084193e-01 2.322586073004815344e+00
3.415505060160632378e-01 4.680911717181365783e-01
2.145226629847991895e-01 -2.583276689030079565e-01
-1.290853624126409249e+00 6.920127001666013244e-01
1.001086834335764841e+00 -1.150584455327227307e+00
-3.764391087381472323e-01 1.710614832108322547e+00
7.970106581563897175e-01 1.465574119189837043e+00
-9.472776591124643097e-01 -4.643545597615922893e-01
-8.538098214732412483e-01 8.281716258839278977e-01
-1.635305768443677810e+00 -4.591914557515495154e-01
-5.474204920576913880e-01 -7.479774406629422501e-01
3.838377584773768891e-01 -8.431988608194093127e-01
6.062408198045484697e-01 -2.196739340590691536e-01
-1.968557850164764367e-01 -2.496930876204259131e-01
-5.811440758303308973e-01 -9.841324687949122296e-01
2.305475821553041593e-01 -4.965760334886826777e-01
-1.678928990558526513e+00 -1.007843359178952847e+00
3.254187755259981829e-01 -2.092239720434547201e-01
-1.613930560679853812e-02 -9.729598264099140748e-01
-1.903225593224246448e-01 8.653913544335370966e-01
6.219064851834327223e-01 -2.477215055676651456e+00
2.186454872263223326e+00 -1.442344609434024427e+00
-1.387919824005347413e+00 -1.718100498116630126e+00
1.744395776924174621e-02 -1.245628910133073308e+00
3.124567910810321925e-01 -1.648721113863455212e+00
1.067868273808478957e-02 5.014316875551684261e-01
-1.198288711386793937e+00 6.109064638809982295e-01
-9.473285261501604992e-01 -1.016717273910625607e-01
-1.412975016093800384e+00 -3.135718110076729515e-02
-4.550180565674299960e-01 -5.124191661389363439e-01
2.161905442531546040e+00 3.470948278917531105e-01
6.170953031768768859e-01 -8.280640295225234482e-01
9.190569081192087042e-01 -5.523051479090009819e-01
8.943319608104070007e-01 4.646204984863094301e-01
-3.907070002906914308e+00 -1.732211870613180604e-01
4.899818897542174145e-01 2.474207472431244337e-01
-7.495696902137088946e-01 -1.363740526854025914e+00
-5.842746400955043384e-01 -1.345338520678087235e+00
3.067872053907309549e-01 -4.103135571402689585e-01
-1.043121267757901593e+00 1.500826155647173588e-01
-2.373040860477076741e+00 -6.811361187398490280e-01
1.518025649769165986e+00 1.577440536282739503e+00
-8.641139812402165443e-02 1.181672320847811708e+00
-2.037750850219585963e-01 1.295349049830900157e+00
-8.715172912210734923e-02 -1.093231677567642057e+00
4.265097278272954040e-01 1.199198546446905433e-01
-1.196349543828782336e+00 -1.374133694394206628e+00
-4.343220791603222275e-01 -1.032603513646042748e+00
-1.049819520629588776e-01 -1.366164304503822979e-01
-1.105201032606063283e+00 -5.105168589654838218e-01
1.284006880616156421e+00 7.267497167140144487e-01
5.828018456210869447e-01 1.092565224128972945e+00
-6.743112360108248493e-02 -2.640139579114967328e-01
