-1.528662445726621799e-01 -5.334902084968168312e-01
-1.194518594731682759e+00 -3.103533035440649845e-01
5.095794504448297735e-01 -8.962004061903763308e-01
7.371271197065086822e-01 -7.580537290561202290e-01
-3.460689611829773343e-03 3.861949701071669683e-01
1.072806195418188197e-01 -7.014236693736601858e-01
-1.223722036842868066e-01 -7.068686879892266406e-01
7.788129812652745398e-01 1.277776549883879786e+00
5.017074093380382571e-01 1.384697883056469569e+00
-1.334198244278371526e+00 -1.865853548499317949e+00
-1.175010106272555283e-01 7.704075815234057156e-01
1.147527298538466134e+00 -7.874194166489658642e-01
-3.819454804626360583e-02 9.801210711418671950e-01
9.441107211142009126e-01 4.822049481209645938e-01
-9.335307062626768682e-01 -7.660650565006690282e-01
-4.647719816144697813e-02 -1.390602866281231975e+00
8.515414740365472718e-03 -2.351115036961097249e-01
1.604089668076090103e+00 1.385389497103199030e+00
-5.504994963299598698e-01 5.275980545552900747e-01
6.672844067095767828e-01 1.272062322423447744e+00
-2.837745516713157667e-01 7.409552515893031988e-01
-1.130879883748376447e+00 -1.131533488089461859e+00
-1.306713224985606381e+00 -1.053515771056904526e+00
6.914459041429822372e-01 2.250413666709063717e-02
-6.925433045311253366e-01 4.281948661183442861e-01
7.022214978264538221e-01 -1.557109965135929031e+00
-1.037148004069980756e+00 -2.072811398529881277e+00
1.241041668708454448e+00 5.640166981574563643e-01
-4.285279477246681235e-02 -1.765357745450840676e-01
5.655888031325454479e-01 5.744579701447671827e-01
-1.054920552729805783e+00 1.119685402259006958e-02
-6.174804133836158115e-01 -2.126119082894334156e+00
1.452223033880859715e+00 -1.106941207107270397e+00
-1.426289319345778739e-01 -5.864892261315406419e-01
-3.063745028087397002e-02 -1.296300217658046705e+00
5.038647535355687129e-02 -9.208362792539267483e-01
-1.592428488219696625e+00 -1.260319220679471330e+00
1.238097383930963913e-01 -8.187959210662566489e-01
1.073157043311606940e-01 2.491626466314078026e-01
-9.457473530820860175e-01 -6.614417569447023082e-01
-1.264075307221323552e+00 -4.957558479606574142e-01
1.218334647689050948e-01 -2.400985267154767122e-01
-3.156381955936873873e-02 -1.640847000278126355e+00
1.111951486148931467e+00 -3.514239498872836868e-03
-1.002344590128809942e+00 9.599304555587813148e-01
6.525059598399178817e-01 9.672351512978226706e-01
9.553251360112982038e-01 -8.235600730605897590e-01
1.403703944748529997e-01 2.285880464506156784e+00
6.561581879971626341e-01 -5.291042095825210234e-01
-8.922246875727097848e-01 1.329025448369768325e-01
-2.055803992085209142e+00 -1.493134943348186416e+00
-1.130507802935174944e+00 2.993304857690222420e-02
1.094704898271285254e+00 2.993914965951198215e-01
8.512023396939992770e-01 -1.372961288136835156e+00
-1.002708515971882930e+00 -7.135672415865285112e-01
6.048710206963282543e-01 9.883925926369059312e-01
