-1.449311191122272691e+00 1.492948883856846654e-01
-4.776978834974065363e-02 3.196918538722636760e-01
-5.912627411398526656e-01 -6.626008109682762770e-01
3.618682214485219317e-01 1.227419507970901380e+00
8.573127429866972404e-02 6.124391219742159054e-01
9.659384889175571809e-01 2.059307474656989767e-01
-3.132911721040153030e-01 -1.906847010273923670e+00
1.113167415520676662e-01 4.014951054650937601e-01
8.905811207647840178e-02 -3.543175516860919694e-01
-1.998744593964150162e-01 -3.588991276166040856e-01
-3.189013321201852880e-01 3.495478640833790673e-02
5.981217218839769700e-02 1.144270752903764121e+00
-1.100167880709061796e+00 2.053019086988927988e+00
1.226792619661863509e-01 1.703689863667773308e+00
-7.821774468107317579e-01 -6.108598797482603926e-01
-3.149432213293665295e-01 -1.066183559193280450e+00
-6.308782335069188507e-01 3.042664080634355228e-01
1.553234921477256947e+00 -1.436264472200114994e+00
3.921507580252920344e-01 -6.376056424639585662e-01
-1.974676694622131135e-01 -3.548365342197006833e-01
-1.823220145138670645e-01 1.193819151209594143e-01
-1.683876507514594500e+00 9.343417437000718362e-01
1.309845940977180101e+00 -8.676914132738086094e-01
-1.157157020224313770e+00 5.549184066424575068e-01
-6.541993311368213826e-01 4.902356854856567692e-01
-1.935780021299491560e+00 -2.121156000230615124e+00
-3.321279201286965188e-01 1.815121465614958352e+00
2.480743300543455820e+00 -1.493113841909848194e+00
1.227104053322701366e-01 1.940689245742224900e+00
-1.620861274066367763e-01 3.095524524787013343e-01
-1.008657739547984544e+00 6.116281937032947980e-01
6.635692631222033233e-01 -7.757814977905950204e-01
-9.476649691260581321e-01 -3.146607886901476303e-01
-4.723652812756427566e-01 -1.054231392006784729e+00
-4.054260460982934688e-01 -7.710655033848821116e-01
1.160049769243486573e+00 1.315128754611665229e-01
-1.194847945625350683e+00 3.642286258944381627e-01
6.361451742607768800e-01 2.512692679687157926e-01
-7.798046217203287167e-01 4.689392344539763252e-02
1.273683643470150173e+00 2.131388388541538781e+00
7.689596875119664166e-01 -7.872118013489992627e-01
-3.694965539498038520e-01 1.631418132511123442e+00
7.024882575377477956e-01 7.678564860863865693e-01
1.814439323108773816e-01 -2.300063848643020270e-01
-3.808053788187161226e-01 -9.225334915760927679e-01
1.270460577903399946e+00 2.943183333586109063e-01
-1.285360174520342458e+00 2.992382241960190314e-01
6.537256998401783648e-01 -3.452473574819532876e-01
1.681493693546476820e+00 -1.543002698916922932e-01
1.366458564872379711e+00 2.011701478389894326e+00
3.167007111333653979e-01 2.591803138697071351e-01
-8.209308132678616587e-02 -2.884212693210052025e-01
-1.675506973159309076e+00 -1.276961991682108000e+00
3.279713480324678576e-01 -6.981469444654192502e-01
-1.164514682674228752e+00 -1.152318928305903767e-01
-4.674217201359257001e-01 7.023917680384987872e-01
