-3.196463992146538757e-01 -6.730147402163414450e-01
9.361157444797284510e-01 -1.104330852787018591e+00
6.859719314143826185e-01 1.103475112108099010e+00
4.199049856341119380e-01 -6.048025434799814137e-01
8.103649004490046659e-01 -4.300103799752200695e-01
1.614134177289972438e+00 -3.890569858655246183e-01
2.178503251906156013e+00 5.435845535338614809e-01
-1.169211441073072510e+00 1.384267342455285821e+00
-1.833919357315585141e-01 -2.532434889488531238e-01
2.457233261433972249e+00 -1.663004075255947178e+00
8.991963033653086468e-01 -2.173434113028706316e-01
-1.173701366564583043e-01 1.100650623456201238e+00
-8.725147585251820381e-02 5.408425587227146947e-01
2.201224778345427513e+00 -7.431427871529332485e-01
-4.168270925836413399e-02 1.330158209912410960e+00
-9.354880007903109140e-01 9.284334037334760481e-01
-8.846615560648639631e-01 4.240601127080267374e-01
-2.374557511847000535e-01 3.538065938343996075e-01
8.015712718851776275e-01 1.471468830903270630e+00
1.883181280475923758e-01 -1.879452653502757531e-01
1.232938286196163802e-01 1.212587629520555987e+00
-2.156062721886608635e+00 3.551129508043356364e-01
1.044089769366619791e+00 -7.616641973729923465e-02
-1.529411286969109218e+00 -9.923813530969416430e-01
9.122272325770277579e-01 -2.630091642920593942e-01
-3.842773774535396258e-01 -2.791637981302637628e-01
2.388258614758877130e+00 -9.393304657520856749e-02
6.379457291665905361e-01 9.668986711482022711e-01
1.716387391312876876e-01 -2.254482266170755589e-01
1.255153220596105568e+00 6.127405514845941648e-01
1.855219685625196568e+00 4.639998684224608261e-01
-1.139740100219192587e-01 8.852004494300181880e-01
8.188156743329225717e-01 2.486460751582658113e-01
-7.559454334111455065e-01 -1.949993757552926033e+00
-3.044695279247912056e-01 -9.510854450554966366e-01
-9.523401217500608862e-01 9.533521188813647296e-01
-1.476944762866102323e+00 -3.729538743334488982e-01
8.968848774113588052e-01 -1.565246521654247047e+00
1.106447155708035313e+00 6.619324987402513960e-01
8.894469471631595570e-02 -8.268795896146041713e-02
1.473702844746067608e+00 2.113234814209304702e+00
-1.503049035898375241e+00 9.676774402319861246e-02
6.565763208914372484e-01 -1.987702567506172968e-01
2.508214745634310017e+00 -2.553287691983464197e-02
-4.237661538096748060e-01 -8.197987236755361895e-01
-5.897981187875995790e-01 9.706734585989440500e-01
1.032906599005312676e-01 8.242611119760849814e-01
-9.722456031609993943e-01 -4.906404063648712732e-01
3.387055042592272951e-03 7.676406934337246524e-01
4.992852073810142288e-01 -1.120615628248393225e+00
-6.531966736065616397e-01 -1.143915807381592264e+00
1.296396391690116390e-01 4.427297646353211581e-03
-4.910633898675831333e-02 -1.819225293406587785e+00
-6.291626523316943276e-01 -1.913623114438816053e+00
1.885300668162828597e+00 -1.164555128484771274e+00
-4.587018279115814279e-01 2.152691790205017330e+00
