2.172894259324079647e-01 -1.552410520129531568e-01
-7.008776433892263125e-01 -4.648659874809013548e-01
2.141801903303174742e-02 -6.656998244730989445e-01
-4.377523782339724501e-01 -1.086774849170248469e+00
-4.319755032727556898e-01 4.857003861663364841e-01
6.829331384180742370e-01 5.966474938506377557e-01
1.026551728033378019e+00 -5.736211263165369445e-01
1.149201108164737695e-01 -6.120777012425299146e-01
-1.445981140595300696e+00 -5.958551901910256188e-01
-7.913474840244686392e-01 -6.722387895555766990e-01
-6.017707640427398808e-01 2.109410173003869904e+00
5.952055976240040458e-01 1.715099808758537847e-01
3.324965310019388776e-01 -9.967689648073878583e-01
1.692232370290836230e-01 7.086989939215805334e-01
-1.145690365567693325e+00 -1.932750685825200265e-01
-8.720383308876235029e-01 1.215654488665212085e-01
8.764844277894053848e-01 9.554210258769048059e-01
-1.391144320134173551e+00 -4.503171368641223915e-01
-3.698139196433152254e-01 1.562245416659098773e-01
-1.612079873191815782e+00 5.844253552635938487e-01
-1.511532256057482426e+00 -4.536690494840644322e-02
-1.076228932556853479e+00 6.323331060943575554e-01
2.986243895115512359e+00 1.856664974307762062e-01
4.625450471797900032e-01 -8.405075968160413691e-01
2.231390099216137568e-01 3.417909005685487722e-01
1.383509761585615339e+00 -6.503721175274862487e-01
1.613059714459986749e-01 -1.086826977066373656e+00
-3.130339390367645747e-01 9.742683527739864902e-01
1.132210922296370548e+00 -8.668195942661004461e-01
-3.105953410707574802e-01 1.573340969584886007e-01
4.710696022657834825e-01 1.710131602942931872e+00
-1.237473626518585279e+00 -6.721735645311669449e-01
6.679285019940456314e-02 9.108102318505467698e-01
-1.795563529327556251e-01 1.273376094964595806e+00
-1.524542066693360898e+00 -4.275955618840026617e-01
-1.695437268504876638e+00 2.963117996726081227e-01
-1.025754715810881096e-01 7.717028413363474781e-01
-1.518994174581510315e+00 4.277165549368499020e-01
-1.953281537692246606e-01 -1.686588684054435572e-01
-6.340211281006782329e-01 -1.166960110015988983e+00
-5.544670681413002011e-01 -2.032751340131976558e+00
-1.549602105233766514e+00 3.302198081494813753e-01
3.244110315676015377e-01 -1.358960775403754928e+00
2.504197912275513138e-01 1.939983734364863821e+00
-1.070268100190136185e+00 3.908359227028979088e-01
-8.182359339410002486e-01 1.131177870548773570e-02
-9.645943235315725950e-01 1.514707720746693465e+00
-1.841762107406382798e+00 -3.365129067386263828e-01
-7.030450482647748744e-02 6.705084504817355739e-01
-2.186861164398742896e-01 1.878447242439016840e+00
6.536994514263095857e-01 9.504300650132531392e-02
6.041085670848105327e-01 -9.754979231837026532e-01
5.294217178150976144e-01 1.682528365456037178e-01
-3.185014096533592687e-01 -1.333919019326783806e+00
-1.149353944208489242e+00 -6.108750230305706186e-01
-2.120037241933453664e+00 5.835219700506787399e-01
