4.344200098677255054e-03 -9.306754690848426104e-02
9.298284198805409351e-02 2.782840390159109223e-01
2.555051849350691850e-01 -2.230151770965751901e+00
7.417148762710311372e-02 8.343704654971301204e-01
4.157354759169904490e-01 -1.158453403231456846e+00
8.303325047309557672e-01 -5.879850348259082482e-01
2.087262747369921012e+00 4.916700252984113756e-02
6.087873039395084174e-01 7.088530523936630301e-01
-6.680600394893161376e-01 7.331019520999354500e-01
4.560103434104370579e-01 -1.530958875918975393e+00
-3.929743690271450540e-01 1.206535925178910673e-01
8.510868383443477292e-01 4.194491021227674254e-01
6.659889866166087691e-01 3.959403571310456393e-01
1.279360045708870297e+00 8.062567730786778242e-01
-7.033368872126666282e-01 -1.991524292879218727e-01
9.428813414381873592e-01 5.719450356163153781e-01
-1.054409069866857118e+00 -7.274729186318418250e-01
-4.379729330395527587e-01 1.775361665071147899e-01
2.212069238521408299e-01 -1.339899986634269125e+00
1.330669412616541647e-01 -7.955519467756035912e-01
-9.349312402104993369e-01 1.085177472950471067e+00
-1.245843480764951217e+00 -5.036557307479315737e-01
9.810845179697094132e-01 1.547187201341613735e-02
-8.626798950501423091e-01 8.136165157995275399e-01
5.958198093211322099e-01 6.329291762267585941e-01
1.161934771506106134e+00 -8.350102458479966572e-01
-2.712655026537946212e-01 1.548077431140693960e+00
-1.274264415387247995e+00 7.964841248366010262e-01
9.831488977260171014e-01 3.666239351757936971e-02
-1.168479321925198988e+00 -5.334765138452159938e-01
-8.966284555540086076e-01 2.850564392705490779e-01
-6.864169566821856083e-01 1.062320541932143120e-01
3.695767398125271441e-01 2.306023358784094757e-01
6.569408202941540154e-01 -8.506775331011513508e-01
-1.144478221930610579e-01 2.237857252742895819e-01
-1.996493761867093319e-01 -5.680938097715584334e-01
2.268014545578485031e+00 2.952062563365978054e-01
2.347527121953654650e+00 -5.516882880754294671e-01
-4.984828400559699890e-01 -6.221281841878419927e-01
-1.023503883651569524e+00 1.228844432376859502e-01
1.423393427483254703e+00 -1.554218785948209058e+00
-5.962907138585271660e-01 -9.380519717534478996e-01
3.516343658593228949e-01 -4.345889087496044856e-01
-6.039958525469221184e-01 -5.993705539444631192e-02
-1.286654133877641160e+00 -3.888975385164984977e-01
-3.808529316487951344e-01 1.727561114771085649e-01
-3.935617959563223467e-01 4.383366703620507621e-01
-4.120919210665963672e-01 4.933095619480749039e-01
1.298374183855155184e-01 -4.739954996195048231e-01
4.285807599035567489e-02 5.410232455593896317e-01
-3.906661555647854556e-01 -1.084601407890012581e+00
-1.263880045672700625e+00 1.020330260509340281e+00
9.277703747920686972e-01 1.868887640994637334e+00
4.566992805497387953e-01 -2.712091147656570111e-01
6.514842025225427991e-01 -1.560597012150147789e+00
1.468304373504302873e+00 -5.123762338935404781e-01
