-8.664021240269275115e-01 -3.290261523382172482e-01
3.969860610166763282e-01 3.483748299409773486e-01
-8.979170446248211368e-01 7.589797269071381081e-01
8.528526095597620130e-04 1.930620864619267962e-01
2.633283192002707773e-01 1.168566499589659968e-01
7.256798678057936325e-01 -4.084487866941006184e-01
-1.536310992832684574e-01 -1.425930395917419435e+00
1.461245054456668413e+00 9.066936700586386566e-01
1.335688895025102241e-01 9.325191204915941334e-01
1.349253194844389214e-01 -3.390866152124113464e-01
2.905970170938739217e-01 3.635719240580485012e-01
2.501182154528897250e+00 1.709875049953447190e+00
-6.943898457698227666e-01 1.938190427007135674e-01
7.060850449961966757e-02 1.446267780614322707e+00
-1.537180765177440289e+00 -2.481416733038024347e-01
1.621657853783859196e-02 -3.943089733843169742e-01
1.950991008146077954e+00 2.170994349699933990e-02
1.301607874894710859e+00 -9.226540450862709408e-02
4.596931695333211776e-01 8.045264565385847055e-02
-6.763536928353002242e-01 1.049636226372601788e+00
-8.265410401656392292e-01 -5.984540286309718571e-01
8.567396461432450483e-01 -1.206446764067512722e+00
1.653628188327481041e+00 -2.728272814999536944e-02
2.360280613834298685e-02 -2.580235328227258873e-01
-8.972782847186110411e-01 7.250348602937728426e-01
1.218909151929618018e+00 2.023845916092440689e+00
5.978453433309892651e-01 -8.049199715839598923e-01
-1.155323475868224481e+00 7.483506641207193777e-01
5.216793467645379767e-01 -6.755106083656449156e-01
5.335159753423893703e-01 4.211081868906987186e-02
-5.121978654376853068e-01 1.173248363174318021e+00
-1.607054233966892953e+00 -1.623314817283277423e+00
-3.926644495622262365e-01 -1.188456349616521468e+00
9.014742957581091121e-01 -1.484722088312655730e+00
-2.603108478555903993e+00 -1.569576074989404768e+00
4.867457236151924160e-01 9.652940434748278342e-01
-1.582218908079780773e-01 -1.310654493068391935e-01
2.440740107990332919e-01 -1.806281377831354951e-01
1.644389977977643857e-01 4.676420745871204265e-02
-2.875085073634042199e-01 -4.988317963283288303e-02
-8.124873776471300824e-01 -4.911239680435722788e-01
-1.212183334978050420e+00 -1.076851860067625566e+00
5.844233005846152240e-01 1.470558055816492571e+00
9.733045236644765064e-01 -6.294634295759815590e-01
-1.153446121293780546e+00 8.277756332602427547e-02
7.234240473797057813e-01 -1.498387451278178073e-01
8.684415159256549943e-01 -1.745791078855653877e+00
4.047023700066173513e-01 -8.649540773916947201e-01
-8.328098816947328009e-01 -2.238279403905230336e-01
-5.327474236840190613e-01 3.427248381071857364e-01
-6.903884409383895804e-01 3.111217276318696268e-01
1.902303481987734468e+00 -2.408783850891827338e+00
-6.958174260383362952e-01 -4.961775203008750301e-01
-2.812530256009038165e-01 6.538595948214304121e-01
-2.550098822529150322e+00 1.709874361326516379e+00
1.256588874760444341e+00 7.667338452137414384e-01
