1.097773097934673592e+00 1.182853652695150748e+00
-9.855875281271029298e-01 1.103743302549382133e+00
2.012657065020573011e-01 8.906130343380677106e-01
2.263585932728159056e-01 -1.069205165298737353e-01
-4.021771008915023815e-01 -6.182139411025627806e-01
1.151145328590758909e+00 -1.265017159956172144e+00
-1.026829091583108200e+00 -7.435481242120762779e-01
-6.410249790187095842e-01 -4.658834359887732701e-02
5.376877809112751150e-01 3.684408180086097828e-01
8.824257000151664032e-01 -1.577301151144252733e+00
-1.457317101762667377e+00 -1.168000892897326670e+00
1.215704001362706954e+00 -1.254830741497570568e+00
6.692418690648739288e-01 4.122109075147261659e-01
-6.138523399664616020e-01 1.545276220491088592e-01
-5.319341982429528493e-01 9.733443613475387668e-01
3.611126611432285971e-01 -1.733223168119082391e-01
-3.121823775866267026e-01 2.089822835889529884e+00
7.647314218220876425e-01 -2.655978299035101076e-01
1.408615831403517760e+00 3.565843221172833588e-01
1.099751870322914549e+00 -6.738853428771219845e-01
2.513886422136871523e+00 -4.368166275432631696e-01
-3.373105243967874367e-01 7.892837854325024383e-01
-2.736092856683868257e-01 -5.959131904771446386e-01
3.101170396628227799e-01 -1.425051843234126370e-01
6.195720129279244093e-01 -3.409854901780157155e-01
-4.797694232367594735e-01 1.739319126621376776e+00
4.756737192965255212e-01 9.787100882556988291e-01
-1.286268938002427253e+00 6.500848519957228011e-02
-2.153770476886687768e-01 -6.156138362108825035e-01
8.346913746226757302e-01 5.143162189276538898e-01
-1.010346403469865040e+00 -1.570027238020051952e+00
-8.323360058687787610e-01 -7.668580882119723219e-01
-9.503785763781098517e-01 1.604517716888523848e-01
-3.730703965045298887e-01 -1.613105944633905775e+00
3.999077442113489478e-01 -8.583561955802020416e-01
1.232611033558818514e+00 -7.993912605590277609e-01
6.538243162130737973e-01 -6.982557554369351882e-01
8.205301238863857982e-01 -2.585020472256900348e-01
-5.915080407875994428e-01 -1.175424147682234688e+00
8.631694156489275738e-01 -4.976560424569047014e-01
-8.521530910168723105e-01 -6.228351348314535851e-01
3.801434048375273989e-01 5.867767363107794648e-02
1.022739388778724612e+00 7.469243032392031134e-02
-1.898629836976602203e-01 -1.322716085075904546e+00
-1.056645076645229275e-01 5.787302670888855305e-01
2.552894083509249165e-02 2.805626069604876816e-01
-5.835414679445657393e-01 -7.529564480242306734e-01
-1.261960546986840848e-01 1.474898500434367765e+00
2.293402076081867136e-01 -5.007961386178104712e-01
-1.472376979742617387e+00 -1.310868151786933611e+00
4.743692577523871967e-01 -2.878822855246912504e-01
4.337203101492492219e-01 -4.208160905228509385e+00
-6.199357383546357791e-01 1.366630323938815006e-01
-6.235163909008971557e-03 9.233153132956709586e-01
1.026348455511869151e+00 1.170143244775821767e+00
8.028607464502629520e-01 -1.551928184281057943e+00
