-8.705044760837225004e-01 3.652244526160182136e-01
-4.757444858331699722e-01 -1.973920119838648013e+00
-2.032855313002114528e+00 -8.617013384108460627e-01
-5.295366608461022501e-02 1.069435645027236426e+00
5.348168570864521021e-01 7.211429932445058422e-02
-7.663658703605038536e-01 8.059299064324751960e-01
-1.376907337863924941e+00 -2.029868539732121446e-02
5.962918887622309372e-01 -9.537701517437342791e-02
5.889912370020735644e-01 1.737699763455183288e-01
1.837483259418754844e-01 6.302709499748310185e-01
-1.088517186566603234e+00 4.626231396741681823e-01
-1.045423884885263027e-01 -2.120931497996366488e+00
1.636119835605586603e+00 -1.279125641504430810e-01
-1.201125612453586067e+00 -3.941155570015239529e-02
-4.555433330287146920e-01 6.536534010735910449e-01
-4.904739325414710915e-01 -4.298433251970454338e-01
2.399306106749111989e-01 -1.026184943138709782e+00
-1.444503152323221573e-01 -2.550234497954105617e+00
-7.765236353130988700e-01 -4.635856826617213988e-01
-7.149756985645485674e-01 -1.678698795430467183e-01
-7.011959138380867707e-01 1.292742100308636122e+00
7.586900193056572705e-01 -5.468600022351582934e-01
4.933861226201805006e-01 5.417919829818802491e-01
-2.195758082078139051e+00 5.635167919483755616e-01
-1.264631762244750712e+00 4.621188511299385571e-01
-9.681602064736968272e-01 3.411658621419808024e-01
1.475016664565390601e-01 1.288117089412435634e+00
-1.063776354468640051e+00 -1.733334825429796999e-01
1.404910625927763279e+00 5.865135971052405361e-01
-1.238408646873451646e+00 5.045270305584259596e-01
3.833355422838183313e-01 -1.488335663970610234e+00
2.642630900989985099e-01 9.397650469491775072e-01
1.256084871114457879e+00 -5.096453943360451655e-01
5.327183396357180328e-02 2.520758008051743326e-01
1.584569035995146313e+00 -3.289479560445945361e-01
2.140631611090761457e-02 1.154233228886666573e+00
5.767374351423234374e-02 6.937097639626519374e-01
-7.975543736714293397e-01 -3.390230834133949323e-01
2.494035957150819716e+00 1.503058848950953763e+00
6.165655592739686108e-01 3.605756276148306405e-01
2.636050520507579265e+00 -3.151235246506787657e+00
6.806713312982200226e-02 -1.001296819420862683e+00
-5.192685950519173588e-01 2.293106151211488364e-01
-1.236148402336980201e+00 9.664927581615477825e-01
2.623705955394196598e-01 6.953071635404803885e-01
1.160019294430620462e+00 -1.467560417574861609e-01
-9.716756221025737439e-01 -4.312613182879624363e-01
1.401750042355143777e-01 6.871786788725516848e-01
3.290954991404628771e-01 -1.199194672213079293e+00
-1.875564240804994953e-01 -1.075737333468547163e+00
-5.556723880339318189e-01 -2.749880586323943943e-01
9.865661532626113228e-01 5.247791429911382588e-01
4.391323307977770818e-01 4.196889388386828429e-03
-4.968918225798368837e-01 1.191333323695651369e+00
1.575393340452410917e-01 8.007827348451057592e-01
6.890736536020886094e-01 -1.416586428557699839e-01
