-1.186250205540872127e+00 -1.117139529073756243e+00
-1.005469318779385945e+00 4.134476161421300477e-01
-7.011439693532012241e-01 -4.745792574468614688e-01
9.593078301441408939e-01 8.420603337827304857e-01
-1.439155293506243272e+00 -1.554923624899180234e+00
4.906825111713506438e-01 -1.031606648967367423e+00
-3.925331434408860232e-01 -5.289733208726964397e-01
2.056245095786371380e+00 1.094017736147983255e+00
2.851571094794703720e-01 -5.223925011811539898e-01
2.563815393671862730e-01 1.253834908463230091e+00
-2.247335712873237412e+00 -6.274693602869481079e-01
-1.595806086632600040e+00 7.226710134724455281e-02
2.501572090234253642e-01 -1.078958257197559334e+00
-2.919994404123478771e-01 -6.336475647997261151e-02
4.809800376660041676e-01 4.329488039940473376e-01
5.238074496919293832e-01 -2.652745276271588626e-01
-6.391222250338972621e-01 -1.120741786939434270e+00
8.274567993764686546e-01 4.993417643438245457e-01
1.588091146409515098e+00 -5.895684344006540956e-01
-2.792577931135714620e-01 -1.730693687124948421e-01
2.433837080715289147e+00 -1.366061473898188217e+00
-6.454118251346900870e-01 -2.183104901688870947e-01
1.535947847493468243e+00 3.181553217687478896e-01
8.904868000295367292e-01 3.842600336740577532e-03
1.958204621446858473e+00 -5.471366861565082340e-01
9.452393044599545491e-02 -1.184086835057807763e+00
-5.236381197777749685e-01 -5.563537326196454913e-01
6.101831415645132539e-01 -2.732546405344595253e-01
1.484748202667180106e+00 1.363662493948991639e+00
-1.949139641798565581e+00 4.246347954362503230e-01
6.650947462136802546e-01 3.377527848603814054e-01
1.324924375440261537e+00 -8.887520747907169394e-01
-1.780007349297679786e-02 9.713594359773412013e-01
1.222464280076311027e+00 -2.276040578316794183e-01
1.061831483236226337e+00 1.265092771166820285e-01
1.132370230493299434e+00 -1.320648639098039423e+00
4.491496635823796768e-01 -4.351123445278738955e-01
-1.057040973113047455e+00 -6.847725837009815963e-01
3.384394424600011830e-01 6.010211339726744262e-01
-6.117328180867363102e-02 2.205749692880403234e-01
7.338038834100808483e-01 -1.363295834332169720e+00
-3.476987157374990534e-01 -2.176514899125419344e-01
-1.478668213389361386e-01 1.480442025360500180e+00
-3.505092175585403647e-01 1.600792378360534229e+00
-1.832609528653129427e+00 2.200252457858482558e-01
-5.980954377527166743e-01 -5.409183576658244119e-01
-1.292671685761912714e+00 7.239187138662437349e-01
1.222680858090175571e+00 -7.592054740129811075e-01
3.364310519040032421e-01 1.033123666670738627e+00
-4.424297805383046733e-01 2.424315248557188940e-01
2.680946771190347300e-01 5.295575208518604575e-03
-7.897284003000087926e-02 -4.573526013560257897e-01
-3.007785552969855988e-02 4.076795109006395301e-01
3.517356163130259672e-01 9.775842901355783487e-01
-3.187263920363707093e-01 1.940258316828274765e+00
7.715971070586457037e-01 -6.576519421663309939e-02
