-8.814539703769980195e-01 8.751944509690673391e-01
5.440275638693793381e-01 -6.904885419202688550e-03
1.636385122752957999e+00 -1.731468662200205566e+00
2.804685557981950739e-01 2.730170771519387432e-02
-2.675901011680061337e-01 6.792345661604881624e-01
5.935851325093273179e-01 -2.659481440040812467e-02
-2.034097431414958745e-01 -1.177201469649046262e+00
-1.669655717608891088e+00 1.507328730826067220e+00
1.716801289190174051e-01 -1.217300632430299068e+00
-6.572056904295678348e-02 7.977710666340407375e-01
-1.877085414079211922e+00 -3.452968331552584008e-02
1.681524120254756394e+00 -6.237967088103948399e-01
9.895701463165408329e-01 2.386475529881029178e+00
5.866392099125179449e-01 -6.895801840388239290e-01
8.178703414621824042e-01 -7.718910109575031209e-01
-1.457925078350516657e+00 1.038182370765971640e+00
1.719880615916361821e-01 -7.349926957116824644e-01
-7.212341892913293195e-01 -4.127333812591573725e-01
5.419021559213262895e-01 1.470096331843282034e+00
7.715250708419639780e-01 1.417180409459988688e+00
6.006304453259126985e-01 6.904531687574144705e-01
-1.645138336416364311e+00 9.463316678507230906e-01
7.044451919814254115e-02 -1.703418190646702746e+00
9.213352733716940746e-01 1.425275187266815458e+00
1.423542129902629405e+00 1.155224787618298166e+00
-2.920346406522383642e+00 7.671942467978512536e-02
2.267639506935677507e-01 6.765063817345176034e-01
1.912609554319366911e-01 -1.433134945574788821e+00
6.215249129078884716e-01 2.607666244832694269e-01
-1.254710534249027509e-02 -1.344124269114453263e+00
-8.180902112991982333e-01 1.140090129463449342e+00
5.047335285723026921e-01 4.588889231620632003e-01
2.044970166187816407e-01 -1.224943236123233081e+00
-1.641878437613232822e-01 1.015400058650484105e+00
2.544930409944152760e-01 5.974088203472667225e-01
-1.132853268610638953e+00 3.376400524362525024e-01
1.653233679737506456e+00 1.039859577326393225e+00
4.875459805104410682e-01 -2.123561905766442048e-01
4.202852529483619426e-01 -8.082347091724167987e-01
1.114948357096818554e-01 -1.529955454184467989e+00
8.205927607100758081e-01 -5.416890857486660327e-01
-1.354565783677252444e+00 -5.200407071692521033e-01
-1.828880040479488489e+00 -1.355598785488557390e+00
-2.612752993110262878e+00 1.290297942199504222e+00
-1.892864285400799318e-01 -1.758668968371666530e+00
-6.995849882301322098e-02 2.002117313866284221e+00
1.760449571347398212e+00 1.674306276749237821e+00
1.530776856289486065e-01 -1.506487025473094210e+00
5.776691844475319998e-02 -1.707748378680991275e+00
-1.990931161876975108e-01 -1.001263596856643456e+00
6.201257489760857444e-01 -1.150626897842691454e-01
8.814110527008619522e-01 2.865803218365763350e+00
-4.005098505544520404e-01 -2.384262698743097597e-01
9.478032154809749033e-01 -8.764427577855878893e-01
-2.396878392815850578e+00 -2.297124564883140097e-01
5.893012199943907792e-01 -1.719519599049640579e+00
