4.956447165937308830e-01 1.161956405784496438e+00
-1.758385675895334455e+00 6.217413622888492419e-01
-3.331757602250083661e+00 -5.556822808711063821e-01
3.241677124846988889e-01 1.328703226769359258e+00
-8.325121788482434670e-01 -7.684171332166445101e-01
1.098388182050006115e-02 6.863039117887558271e-01
-3.769907431362189976e-01 -4.642586317702066534e-01
-7.940860645495536607e-01 6.219073912733834586e-01
-1.259506796504950454e+00 5.066560565070316047e-01
9.316872962241101730e-01 1.693729947880974640e+00
1.564914942392885422e+00 -7.432906279485913814e-02
7.618468620535233660e-01 1.004512540108038587e+00
8.349355590166031293e-02 -1.383753224358103273e-01
-3.505311466229683176e-02 2.602943059586526053e-01
8.159179532128645329e-01 7.295749796481046379e-02
-4.713437894046454968e-01 1.186565065792974050e+00
-2.257703068056791385e-01 1.514118526871182646e-01
-1.447704688532557515e+00 1.179924205314852204e+00
1.416129513585955846e-01 1.780049668312818412e+00
-8.912764963514197003e-01 2.821895953475689334e-01
1.333984720493602172e+00 1.104149607626657037e+00
-2.876441224728509827e-01 -1.371976559948809571e-01
1.088087215497706151e+00 1.518013977903999390e+00
1.070405967932785307e+00 1.442777391058353009e-01
-5.363043561472004978e-02 7.873199412500537786e-01
-1.116241188759765635e-01 8.420084166723543762e-01
-4.746407090380070359e-01 6.093705551962061984e-01
-1.455243696545419851e+00 1.246698283024158416e+00
1.220840374859631039e+00 7.776001999426894740e-01
-9.911729432690639108e-01 4.003798666198043477e-01
1.039604845598342431e+00 1.512376177576961189e-01
-2.890586408105032534e-01 2.030594143808567009e-01
-8.162771287140030418e-01 -7.159613970753232748e-02
7.470221656143114508e-01 -5.649460865999342829e-01
-5.600351285423156300e-01 1.152939030268083975e+00
2.639990283422314898e-01 -8.241149650949100014e-01
5.237195162314903923e-02 -1.176335082740070037e+00
1.329435196114979068e+00 -1.468105896106283170e-01
-5.500105835141502197e-01 7.996418050935615307e-01
6.265792983363477342e-01 -1.217832033598136521e+00
4.652458267785006263e-01 7.016181763822060269e-01
-1.478155898916295508e+00 -7.388862655186868578e-01
-4.371810800081664117e-01 3.127954442294297310e-01
-1.345483104003354358e+00 8.766117621926748926e-01
1.808369311326357698e+00 7.815303232475631079e-01
-1.743136974852411258e+00 7.425872730045042225e-01
-1.303863826149806115e+00 4.704184723121191958e-01
4.866496322820604292e-01 -1.056218060996761077e+00
-2.853462040000420141e-01 -1.988809806417027648e+00
-1.271392387398524171e-01 -6.028796173394308511e-01
-3.960213697861910687e-01 5.646318138404647913e-01
-2.119073803430162606e-01 1.028111447164345771e+00
-3.487104384912381727e-01 8.503215424747098128e-01
-6.498701703726867951e-01 5.468628542700174622e-01
-1.419418476140658525e+00 -4.613032659029436267e-01
1.036613164938141818e+00 -4.454904570480036630e-01
