-2.332930689991991047e-01 8.926381584985237927e-01
5.597004564567205076e-01 1.352611123065813103e+00
1.755669366315080193e-01 4.652788478065008060e-01
-4.017199024002576779e-01 -1.123185913551165038e+00
-9.085091839852834639e-01 5.700754138916194202e-01
4.339647742651350226e-01 -8.546107870102336301e-01
9.633392641289316716e-01 1.381010824733259312e+00
1.466976416316976062e+00 -7.930430790315206036e-01
1.997359042811698515e+00 3.027884014541785962e-02
-1.393325630637809232e+00 1.517014302992863439e-01
4.498757047121134667e-01 6.129440551597999942e-01
-5.988102543897058094e-01 2.744597637588775729e+00
-2.411149577922479803e-01 1.355531216515351911e+00
4.743018920941621253e-01 -4.345972595846087638e-01
1.669016000769184327e+00 1.056415716306130514e+00
3.480606416112984602e-01 -1.213806438014873645e+00
1.039676624932073912e+00 1.042798618579988235e+00
1.711149253514611390e-01 2.197617417197471390e+00
2.682945002682632918e-01 7.920944851777753093e-02
6.137756197648737144e-01 -1.735386048993514119e-01
1.576243507575314506e+00 -3.296272309622998997e-01
1.215054303453197981e+00 -7.053681501446068536e-01
-8.861340971728597360e-01 -1.764215781056694521e+00
1.281849066212421007e-01 1.674135590959598741e+00
-1.977087889436568435e+00 -1.237474892911698765e+00
-4.773446845379900605e-01 -7.492323054975237318e-01
-1.604136906222390691e+00 -2.946010776004766019e-01
-2.616894947798277915e+00 -1.789674728998833064e+00
-4.977403074139759576e-01 -8.478030625618087068e-01
3.238233262229683440e+00 -1.105958194265749484e+00
3.479747146905879385e-01 -8.186469899220223667e-02
-8.077731111073505055e-02 -5.340140459233967407e-01
4.710725647180823428e-01 1.533786862433174081e+00
2.435144322073621304e+00 -7.352901099346826896e-01
1.194443875081507844e+00 -7.017787145100756740e-01
-6.204503473982627693e-01 1.006688948262696170e+00
-1.157333893239693268e+00 -3.193337825129846652e-02
-2.847377299451287480e-01 -1.520007454363982324e+00
1.394459882059691402e+00 -3.903238844172926547e-02
1.566263097805479010e+00 1.155713974947331968e+00
1.600759765435748827e+00 1.504588614363199461e+00
-4.988187567419994917e-01 1.703217163456677508e+00
-5.522221946050751562e-01 8.493078894112818245e-02
-1.342222170515573021e+00 -1.684823733140202950e+00
1.965009905542007829e+00 -1.245469286132020459e+00
5.141680638595291092e-02 -8.963102125532163011e-01
8.668997082640463869e-01 -2.030240384291557287e+00
-9.839534259646598446e-01 -1.104252267674198595e+00
4.805787865942494630e-01 -5.291249862795281977e-01
-7.605273106821688334e-01 -7.261461862004459089e-01
-1.331172327965189028e+00 -1.336421116041774382e-01
-8.656975837489651049e-01 -1.407951606885685214e+00
2.071614862240475918e-01 5.201882761059278826e-01
-1.169427832085673247e+00 -3.216662989916323490e-01
4.441812131193613178e-01 8.530759764158585279e-01
-3.336235566845330291e-01 -1.991047870378948037e+00
