-5.395523943984869009e-01 2.396622143533723437e-01
-1.016089791931837905e+00 1.484430923544362457e+00
-4.346902330702990258e-01 8.738304261064813172e-01
-4.887435068559256579e-01 1.215553158795346311e+00
-1.086287368494575079e+00 1.068876543377459409e+00
1.135629869700677252e-01 1.019995380321472744e+00
1.540346343297847032e+00 -1.330897245008108021e+00
-2.376545792851048333e-01 -2.697845804100302280e-01
1.945610763859060288e+00 -1.666850459758897063e-01
-7.235273875486413209e-01 2.022897745637265654e+00
1.999789872701319970e-01 -1.805689487616259026e+00
-2.324200910240282192e-01 -2.581738746096148285e-01
-1.234442127397824995e+00 4.376122158618558355e-01
-7.095236907481309307e-01 1.232604425268164494e+00
1.841478856001389219e-01 -3.169372398810190727e-01
-7.676164117879547000e-01 4.850967678202911526e-01
1.456483291165251215e+00 1.359386319628723472e+00
2.780330780875627239e-01 2.570234916067447806e+00
5.184592534459928626e-01 -1.218445256893038620e+00
1.602306863824344840e-01 -9.734098424577782849e-01
-1.791365241297052213e+00 7.899635365481547655e-01
-6.704420002820354885e-01 1.679679898910299229e+00
-1.047322821067985466e+00 1.042454513189776888e+00
-1.961656686413497219e+00 -5.322631157687472969e-01
1.515125491902656663e+00 -8.523237111323243020e-01
-4.367769808013309829e-01 -7.485362651052895888e-01
1.540620699579081210e+00 -1.308906519623674047e-01
3.680341913607813875e-02 -7.590066761416871532e-01
-1.230309750368725252e+00 8.326347087221965815e-01
-1.323425282889731047e+00 -2.221364367536315665e-01
-5.566079457219720583e-02 7.971883152785430582e-01
-1.224787078162336673e+00 -1.344488590622886504e-01
-6.437370654828119543e-01 5.647326986511542746e-01
1.196050988999405540e+00 3.821858085672707461e-01
-4.588182396588170175e-01 -9.929200336741883515e-02
7.403589721480808850e-01 7.105525774599694699e-01
-4.270800592367961501e-01 -1.909175329815935296e+00
-5.339688289946595834e-01 2.634732389369861538e-01
-2.186497372292198760e-01 -3.486525996780836523e-01
1.612133162599719005e-01 2.472329548995540471e-01
-4.851365210552949225e-01 2.967220828659571374e-01
1.090140951113353962e+00 2.977375345917492866e-01
1.202073464344367015e-01 -2.514519919927800995e+00
1.799975223776228317e+00 -6.487476776387327559e-01
-3.309364672849212097e-01 1.566905085568311984e+00
-6.026954458331096331e-01 1.551128384696720541e+00
6.164897607333046370e-01 -1.400336323415889206e+00
-2.389656737047928248e-01 7.748593899454990774e-01
-1.891365968343776405e-01 -7.798421847478604896e-01
7.772143450067003911e-02 -1.086199815084654408e-01
8.927637598968763896e-03 3.662599212967236895e-01
-5.062287516831559531e-01 -1.534409030534235052e+00
8.129469160037963160e-01 3.729025590435127158e-01
-2.737002445487296765e+00 1.314666128376169307e-01
5.176029185432369228e-01 1.053682275156400783e+00
-1.762311114846656812e+00 -3.296325099244892254e-01
