-1.258871572430834584e+00 3.006906491454620078e-01
-6.186233749640637075e-02 -4.089963930022587069e-01
6.641572282347409928e-01 -5.382380833448542345e-01
2.694775705160845636e-01 7.515827970258120994e-01
-1.183039647852478504e+00 7.127480135663727401e-01
1.986011114150838308e+00 5.671036895148637846e-01
1.213637012931720438e+00 -1.298573868235531448e+00
2.133401041377911866e+00 7.323484019082113772e-01
-1.166292757308689865e+00 -4.089034708208031388e-01
-6.861495445483256628e-01 3.716894767827132184e-02
1.056046482660208952e+00 -2.995083378491552595e-01
-2.074348561250200507e-01 -1.551717951872307877e+00
6.360637918445738448e-01 -1.478597170415813788e-01
1.315652537133967570e+00 -4.805133914226922265e-02
-3.341929054577114644e-01 6.469714063789316905e-01
1.520585666170092942e+00 4.339088211196836520e-01
-3.254343149389445355e-01 6.905055201548701560e-02
-6.176571615846708774e-01 -7.007983300706444041e-01
-5.500309985500040355e-01 -1.315586100065464503e+00
9.031856930643932246e-01 1.280612004844188023e+00
2.676230343754039120e-01 1.875969126504564155e-01
9.870704411030636338e-01 1.719796738067563391e+00
4.130369108846305981e-02 1.683912619232059704e+00
-9.224981805852704442e-01 -9.015612932429315496e-01
-1.121613681301663501e+00 9.821384974214515326e-03
-2.328999384643155590e-01 9.434917697318112584e-01
8.921149493501533412e-01 1.204822273660041354e+00
-2.089221146306267762e+00 -6.323324827709577711e-01
1.687801148355932632e-03 -1.380293851003330907e+00
1.971964215213414251e+00 1.039585331351685071e-01
-1.092547388616740722e+00 -1.511183925315120191e-01
2.688836730530585334e-02 -1.545311092436494338e+00
1.007582364222358695e+00 1.078486033208117423e+00
6.444148472239087377e-01 -8.260137176634964051e-01
-1.228145528497345818e-01 -5.705815183658830003e-01
-1.059426142524426462e+00 -1.806305810967687275e+00
-9.382754899614061950e-01 1.086423421895836627e+00
1.294229341491292651e+00 -5.018579738719969319e-03
-1.174349864046656533e+00 -8.029799332232264719e-01
1.251608058433812065e+00 -5.340053445159503864e-01
9.896115778542657893e-01 -7.371237800803100981e-01
-9.584623216207023289e-01 -3.303821460986272607e-02
2.973804655045658024e-02 4.866804271065119369e-01
8.296154534156593430e-01 -2.723983912445898103e-01
4.957821937125167500e-01 -6.826325430341355638e-01
1.536430427977535651e-01 5.861629874221642167e-01
4.355617399266785150e-01 -1.292567952616903604e+00
7.275368860189059816e-01 -1.536093126950953958e-01
-6.696880758990259030e-01 7.996888002724095168e-01
1.235957273866160611e+00 1.469435715556080199e-02
-5.480176193188246447e-01 1.372398796644550556e+00
1.449132017622789537e+00 7.272100949305498885e-01
-5.550166437964909605e-01 -8.737237928834008516e-01
1.517192410459116680e-01 4.651241883020362788e-02
-1.538708170901670058e-01 -9.384558845155396289e-01
1.317225797965336120e+00 -5.965843297415510671e-01
