1.082729545976504726e+00 8.675087380216167654e-02
5.801264161060031288e-01 7.589786957133735079e-01
-7.686661475528976384e-01 -2.774423158555040292e+00
-1.049292422425859517e+00 4.282406485893499593e-01
1.614012576589089809e+00 -6.151211084924691486e-01
1.831829497436522070e-01 1.608499375506772022e+00
5.522122003490052000e-01 5.018186907710666528e-02
-1.845519819693471675e+00 -2.256827444125768245e-01
1.072959078055547133e+00 -6.120133813559331948e-01
1.074718793089829871e+00 3.727865784652091841e-01
1.238599203452263708e+00 -1.544671492331956886e+00
1.837251876212968871e-01 -2.966446518286168232e-01
-1.256619369033179723e+00 8.877788837790759890e-01
-2.798379366461523077e-01 -1.312618166226360961e+00
-2.416029786060857887e-01 -6.857635196196162353e-01
-1.909713397729589479e+00 3.143433279333244790e-01
8.009006733685257728e-01 8.647369905032055437e-02
5.435442596219205447e-01 7.655735140829815766e-01
-1.353914907522517863e+00 -2.859400222506489619e+00
-4.085383357217979294e-01 -9.448723470267748059e-01
8.819142384219824660e-02 9.081296107555843211e-02
-1.026368985642702292e+00 3.923791830326052721e-01
-2.654733601781736674e+00 1.406132105385722530e+00
1.993821898453236041e-01 7.470626654972417624e-01
7.199067378011462237e-01 7.525234903585237278e-01
-1.683888655076173135e+00 -4.075551229028958056e-01
6.798701054829443535e-01 8.014418236231445336e-01
3.964269208831095598e-02 1.350064475165879907e+00
1.083881246306839685e+00 4.075320901610234858e-01
5.382976651250003242e-01 5.012870384369984000e-01
8.355318590214885210e-01 2.002873437274115820e-01
-7.784675545277179864e-01 1.754830534725219382e-01
7.376663611651670394e-01 -1.027154155103784605e+00
-6.983121324617111991e-01 5.322524153767859145e-01
3.733387819007309982e-01 -1.231800420294847820e+00
-8.043601381977238951e-01 6.785552319752208295e-01
-5.121437039282363823e-01 5.231787453865713866e-01
1.408922159807438623e-01 1.678612650444275267e-01
6.043653394068743134e-01 5.837390934158563915e-01
4.943407116231023912e-01 -1.013116245340178467e-01
1.623754650705401481e+00 8.119513806425308067e-01
-8.335031180546371710e-01 -1.272232009216194504e+00
-4.120498956248496714e-01 -7.142473683765535597e-01
-6.546397738966687196e-01 1.493976457475851172e+00
1.712879025585093640e+00 1.016058897705668373e+00
8.401590852768437978e-01 -5.649803647291280484e-01
3.458937776308628198e-01 7.305362716177219440e-01
1.240934408700032021e+00 9.466381048151524258e-01
-1.833697973058618702e+00 -1.502131543838373995e+00
2.130586874703421785e+00 8.349731140252932837e-01
5.853699677769390597e-01 1.124875143470085659e+00
1.469276495882073430e+00 2.831007523415378282e-03
-3.624180857989257043e-01 4.121688028584418739e-01
8.859488157859993218e-02 -1.597226706770826510e-01
-8.402393853286782566e-01 4.599651519791126963e-01
6.076960089795225839e-01 -4.241496409935979206e-01
