7.424712315135645335e-01 -1.004772440591965577e+00
-2.931575017379611792e-01 4.379396999219647979e-01
9.272928240353504048e-01 8.862434082645624933e-01
1.608811304114851903e-01 1.448174686440631298e+00
-9.744191310783426041e-02 5.322957963093268852e-01
-2.476239978681379128e+00 5.336973909172645358e-01
8.509930214168862639e-01 -1.393037585860512073e-01
1.448525161073999090e+00 1.999713275951069402e+00
2.251813211533768289e-01 3.113493587230351314e-02
-2.896797259784507639e-01 2.476950508710164200e+00
4.757914093379657094e-01 -9.011956834550057319e-03
-1.122004160587068533e+00 1.461884273553626823e+00
-5.553029689233683272e-03 9.986229229213468006e-01
1.745256043553350955e-01 -2.482078319661113475e-01
-2.240495378507386948e-01 2.109783052207831466e-01
-9.096808747481575919e-02 -5.643474822098985128e-02
-9.473628945166476800e-01 6.773794220231265095e-01
3.895272712412869431e-01 1.342246765919218598e-01
4.361977680165640137e-01 7.714238367356908155e-01
3.636281553654203968e-02 -2.932179462350249510e-01
-8.192222211961494582e-02 2.708941836457269270e-01
-1.245205186270939013e+00 -1.996707569306454877e+00
-1.198315655951094350e+00 -3.505460155004074818e-01
-1.203630411319345450e+00 -3.553316989145317573e-01
-1.010303608525719987e+00 3.255856812218743124e-01
-1.036401625912469759e+00 -1.222762169578579083e+00
-8.312126166983468956e-02 -3.597957879736328746e-01
1.784081705299529919e+00 -3.795789587348787908e-01
5.894668671753849898e-01 -9.787556944711540696e-01
-4.191530387317561890e-01 -3.725001566668451614e-01
1.024396579863796064e-01 -1.042376017479381023e+00
-3.260817670875072460e-01 -1.392454839729219407e-01
1.314297359680946409e+00 -9.601219709302623306e-02
-1.078173297740184111e+00 1.227230350898084188e+00
1.966652679016368754e+00 -1.727073248622075674e+00
-3.544115836517515439e-02 2.245503348944191568e+00
1.001521898730286075e+00 -7.183569314373422499e-01
9.418740557826381643e-01 9.386643777160857960e-02
5.067406871142702274e-01 4.313572025442384272e-01
5.411045491015137321e-01 -3.507083035067748433e-01
-1.082066701752866011e+00 -5.204118409493401209e-01
-7.751947871166185999e-01 -1.517909185135441819e+00
8.989271608557108939e-01 4.964042761664297365e-02
-6.641328749749151328e-01 1.625175893891642298e+00
1.235912133168586141e-01 -6.618211854361100155e-01
-5.788634767562971239e-01 1.263645408339946430e+00
5.278631332824200717e-01 6.118503952670689694e-01
3.090130714252621869e-01 4.281462254218286745e-01
1.645656229809720150e+00 -2.887785936115868091e-01
-1.135998544628540552e+00 1.125855855923634019e+00
1.657416469097972245e+00 -5.340066158212900538e-01
-1.656673744204443466e+00 1.523732803026171867e+00
-6.730724635950735557e-01 -1.453470456655089338e+00
-4.973582236880199625e-01 -5.709761889831010961e-01
-9.367000755762191488e-01 1.551050500432792578e+00
-6.974618058875196036e-01 -3.271937690400820303e-02
