1.236380535274711479e-01 -1.925098535850356729e+00
-6.189313671250711302e-01 -2.592306269781788353e-01
-1.202408581075903315e+00 -1.113698694914821319e+00
-2.697677027388252213e-01 1.144217779423585934e+00
-4.362858151887007985e-01 5.316420185487972239e-01
-6.074808788908502288e-01 9.257368019206803356e-02
-1.507550979760044818e+00 8.220857888345075581e-01
1.884022584096264885e-01 -5.877038669616200250e-01
1.587388233270697058e-01 4.417924643713732058e-01
-9.700414095266662873e-01 9.921338251919384899e-01
-4.437803869689501690e-01 4.741100765306718312e-01
4.988053388094982332e-01 1.379195548485405487e+00
-1.191474868642989238e+00 1.057504086262021525e+00
-3.989675306936787957e-01 1.460045316219927614e+00
7.474921433453927122e-01 -2.421256136564012618e+00
-2.148348083983215862e+00 -3.550798764402914309e-01
-4.654802641291241327e-01 2.537700935495277310e-01
5.013098747389967969e-01 -8.639141824823876048e-02
3.034632832240871658e-01 9.554931216883857381e-01
1.260343242305298928e+00 3.181682753114081219e-01
6.254953920802692746e-01 5.929265001612022967e-01
-6.285491602198550742e-01 -1.068334679422615840e+00
5.856359931194385915e-01 -1.369887042656147580e+00
-4.801366444922113841e-01 -1.496519690055345020e+00
1.126633126144644947e+00 5.576662667348845082e-01
6.082353831781873721e-01 4.883037419018770864e-01
-2.035754866806946950e-01 8.301949689369077234e-02
-1.027128642187269542e-01 -1.340796066540083542e+00
-3.016635628103576661e+00 -3.411275840269729631e-01
-2.861622706550487338e-01 1.552059993945351934e-01
-2.384894030394224096e+00 9.976810519356638096e-01
1.141116492674915328e+00 -2.747015083963812110e+00
8.476063493568572471e-02 7.993750034858916331e-01
2.558596583789756185e-01 1.807331408096988223e+00
1.999231384399842437e-01 1.376937244257558368e-01
4.226625481258826089e-01 -1.375622940570252695e+00
2.649312563568814394e+00 1.321492345822571357e+00
1.541875929357252151e+00 8.966940424915496866e-02
-3.143882915574585102e-01 5.926538459583007290e-01
-6.967456036215856630e-01 3.683933036251585968e-01
-2.794971928397314009e-01 3.646134964364108888e-01
-7.537128602096877517e-01 -1.481271267309563378e+00
-2.565730690431727190e+00 -1.390341065267489462e+00
3.192557183266245269e-01 4.787483692276017777e-01
2.208174050798697163e-01 -4.693423746179823941e-01
7.661658389342976272e-02 -1.110867417327462414e+00
7.036823642809075796e-01 -5.200946438316810250e-01
9.683613558008509203e-01 -1.432840388847073099e+00
1.092657049453158224e+00 -8.435793675719150952e-01
-1.129345582467380371e+00 4.272702501675618159e-01
-7.226568661715050412e-01 3.265845704063805033e-01
-4.536751524873309793e-01 -2.871483970886786752e-01
-2.533504523327710922e-01 -2.443164057189352034e-01
1.058179092111066977e+00 -1.360714012029662578e+00
4.556820522411348939e-01 -9.546970742167235624e-01
-3.192034857954811899e-01 2.587274086644577031e-01
