-1.223698910412895247e+00 1.859411831981408580e+00
-3.820468195866632000e-01 2.109172276339439378e+00
2.188435755159588159e-01 -1.323563774547301231e+00
-5.365165326522571831e-01 -6.555654572963492965e-01
1.062093419123187221e+00 -2.755530954840330893e-02
8.715280607950870451e-01 -8.599201817408720361e-01
-1.875650156222735399e-01 -4.487749254266921173e-01
2.279244489661756690e-01 -1.001664827817309478e+00
-1.509103016691531129e+00 -3.908319323797385114e-01
3.077467008388367620e-01 1.077345131816572987e+00
-2.036757398795692453e-01 1.733585210261168533e-02
-3.762528433990110499e-01 7.100668485212696668e-01
1.590018827760049547e+00 -1.128116719049717442e+00
-7.547256594434108568e-01 -5.243173696212994894e-01
9.351590225058787897e-01 -1.230782825944244374e+00
1.301386338043000634e+00 5.896949861727202036e-01
-6.118671296921218694e-01 1.061229376220129278e-01
8.323376165342906141e-01 1.076118543707785813e+00
-6.297655145238177654e-02 2.440282792023976022e+00
9.843750673995894651e-01 -1.107887771624918916e+00
8.934853379230438541e-01 1.235283491284008051e+00
-8.680985129237815956e-01 -1.585093125600062880e+00
1.702615537201497053e+00 7.673945634173893193e-01
-6.660356968297516111e-01 -9.724648020626640577e-01
-1.262098753074681889e+00 -1.686214247937452670e+00
4.968447074406517894e-01 7.233094460124351865e-01
-8.350278986019046279e-01 1.197072051685537986e+00
1.490019694600759781e+00 7.576145252113044570e-01
-1.560771899933544482e+00 -4.313061814001041272e-01
-6.745931493773748011e-01 -1.505988678124277502e+00
-1.062733531546357968e+00 3.349635744852294539e-01
-6.406100855689915718e-01 2.591084573053765161e-01
1.619000147512139387e+00 -6.025351054479255453e-01
5.308609444585670190e-01 5.013280059536667776e-01
6.734754760837066145e-01 -3.411364612631514470e-01
-9.834745368740471783e-01 -2.009152142744184744e+00
-3.419333763917594138e-01 4.820907442011791721e-02
-1.459043956321635749e+00 -4.451984194539809203e-01
2.511538696421002914e-01 1.263194911386727792e+00
9.137889574874745735e-01 6.284532712244779162e-01
-8.654756954287007309e-01 -7.677066294654474876e-02
3.294089836193540011e-01 1.349722290606489628e+00
4.882610246879234839e-01 5.156124937562941990e-02
1.434749284232336164e+00 6.999129899517053666e-01
-1.177650401306348238e+00 2.617934604271503485e-01
-1.560676510806227935e+00 -2.093178712806744279e+00
9.747854985082607948e-01 -6.692993479409506952e-01
7.161222871523331701e-01 4.994339711365693435e-01
-4.426245807154580714e-01 1.830682297994666863e-01
5.980912925048678108e-01 1.099409686408211240e+00
1.905920130890464692e-01 -7.853903233864821809e-01
-6.839882628213218851e-02 7.546858972101193608e-01
1.327408272002837730e+00 5.951889250091728645e-01
-1.079807803090172963e-01 -1.801177471866668434e+00
-6.733744452928649427e-01 -2.793420229273710365e-01
3.072896753629584046e-02 3.758585852628913981e-01
