2.397964996624723621e+00 -5.308107943657768280e-01
-7.491399213414741132e-01 2.944064379274246024e-01
-1.312357510450969489e+00 -1.005856274788454519e+00
1.629511039825918495e+00 2.069761935653281065e-02
-1.202038784588963308e-02 1.540824208878308899e-01
8.812633115033232656e-01 1.633888599120849161e+00
-2.062685541445654358e-01 -8.571116475322740902e-01
1.760153984038099750e+00 -4.251696129400538982e-01
-1.505277584079589115e+00 -2.743519416786751042e-01
3.123674463104628707e-01 1.178073033174352302e+00
1.965205730149628682e-01 -5.621084367811134408e-01
-8.327138955133531750e-01 1.192286270990425168e+00
3.844016092755738745e-01 -1.897434165794829042e-01
8.844923555200623344e-01 2.267808973654587668e+00
9.036013947823630099e-01 -4.652314856480106453e-01
7.352708048811797958e-01 -1.380838477649955820e+00
1.247321270823955386e+00 -1.329918840630303356e-01
-1.816746960918481646e+00 1.036095654850306635e+00
3.990692397195733654e-01 1.429581593013718177e-01
-3.475266986788015933e-01 -1.470437414434236367e-01
-7.390521884454245294e-01 2.717847134034120926e-01
5.501003234857841928e-01 1.085810305092075045e-01
-2.325762237844131997e-01 -4.809697668418502214e-01
1.454524320004819959e-01 7.527538088224290380e-01
-9.971489269149499401e-01 2.350109064385428048e-01
-5.094661712502307482e-01 -8.576038655116410281e-01
1.284923152036448579e+00 -1.181023250046934869e+00
-2.961782450738686734e+00 -8.804673573521751839e-01
-1.608189514048741886e+00 -5.248844911153830450e-01
4.946896938741222605e-01 9.085187327815158476e-02
1.593415805254310369e+00 -9.781185939454573042e-01
-6.543990267363568314e-02 -4.591591568358341369e-01
-1.159297519237679097e+00 -8.172350935849783671e-01
6.428793502664753579e-01 1.347379949715900915e+00
2.019024700690299046e+00 1.374466809189412719e-01
-8.870883594845608081e-03 2.593069969701461197e+00
4.147012809403539668e-01 1.092835219378526679e+00
9.504605212236012513e-01 6.194171942608862613e-01
1.223020229329685460e+00 -1.418209610766337780e-01
2.096559562293549006e-01 3.816136930895199231e-01
1.282955512109311691e+00 -1.117494022881618143e+00
-1.184650793397313273e-01 -7.673349728895564881e-02
-1.268731395897656267e+00 -2.173306020680337847e-01
1.516449975965564523e+00 -3.214398817526705199e-01
2.927578517728203211e-01 6.275683943827431444e-02
-2.985137775572077046e-01 -6.229321503968309193e-01
2.059861513963277879e+00 -1.252285902226815351e+00
-6.302492503079974717e-02 -1.020594124861046836e+00
4.621529895264028798e-01 -1.659022987085339906e+00
-1.689780929379252339e-01 -2.942078688730184743e-01
-6.783347497192890319e-02 6.098702887297201558e-01
9.546732493489572535e-01 4.460478572277253306e-01
4.033176686337056061e-03 7.876052496015224502e-01
2.909146669946127695e-01 1.953568025202631342e-01
-8.307643132121776963e-01 4.340063065649225060e-01
9.751117333936564213e-01 -1.367231149484513963e+00
