1.371637101382157997e+00 6.049458485215084558e-01
2.037536045803207685e+00 -1.510248165651936869e+00
-4.931751746847435475e-02 -7.458930660132467860e-01
4.925779634361300285e-01 1.314119146472179311e+00
-7.812649804040378010e-01 -1.468165455312447687e+00
-2.960073318335096348e-01 -1.360166403873801722e+00
-8.316882970084752413e-01 -5.434466142365469432e-01
-3.496046609988875953e-02 3.666240774467628971e-01
4.071988775603331279e-01 3.083187449092164578e-01
9.223387876300124244e-01 1.997809721266494143e-02
-1.204807164257451157e+00 8.334023692637971825e-01
-2.057722238118734559e+00 4.488430668991081895e-01
-4.709420485455028671e-01 1.398039047362360954e+00
1.661413277349943263e+00 -1.140269508593289904e+00
-8.135811248192346967e-02 7.603582879270693873e-01
8.486575485234795213e-01 -9.845408455596824648e-01
-2.650274129143256330e-01 1.738195735602818370e+00
-8.975928286583344518e-01 -5.063748282794240663e-02
-8.573427081654787507e-01 -5.103472136977292573e-02
3.431019321355905372e-01 1.380352244276674467e+00
1.960217468706957900e-01 -8.306084755563538646e-01
8.127962106473702875e-01 -1.107721918449745990e+00
-9.521925896050857652e-02 2.122706908020997041e-01
4.874897503843840796e-01 1.514060703615470960e+00
1.089874195131638634e+00 6.219188218085711650e-01
6.003268454542165511e-01 7.810372203963590332e-01
3.641411460461810301e-01 -1.830437109184701594e+00
-1.755822161581048979e+00 -1.104464369564978288e+00
9.904227534018238410e-01 1.559734639285867974e+00
-1.360316526480890520e+00 1.115976306066106760e+00
-2.355015806630019193e-01 4.904678670618500269e-01
7.521588858513672537e-02 6.947676953875832340e-02
5.115528922896365495e-03 3.396771376059743441e-01
1.318966659593248381e-01 -5.337341924750091948e-01
-1.066182411411642050e+00 -1.065904887094635489e+00
-1.108918365325021416e+00 -3.231994302845992428e-01
-8.840030334821354918e-01 7.234195253087444266e-01
-2.538801528656133843e+00 -1.786805027831218085e-01
-9.337359717930830971e-01 -1.192036281492445449e+00
-1.008759648798186914e+00 5.546033923184106040e-01
-2.060279094897716767e+00 9.492989698026570167e-02
1.060809834009831309e+00 -5.332436593980023343e-01
1.437336345912651581e+00 2.493050055993936365e+00
-4.048916447695279919e-01 -1.037119408309255641e+00
-7.835132638096201085e-02 3.838457231838079409e-01
1.089429387443696440e+00 -2.783384426618293883e-01
-4.475325892674607564e-01 8.227503692056795659e-01
-1.381606661695375715e+00 -7.167210723309955789e-01
-1.455127008110382869e+00 2.025579559353180292e-01
6.004986241453973417e-01 7.584197166318222827e-01
7.243409987050836163e-01 1.806877335115663730e+00
1.317961468384955204e+00 1.205297556918692781e+00
-4.219321612343722161e-01 9.247060954267128929e-01
5.599210964774407051e-01 -1.543978325906326665e+00
8.626507139731628415e-01 -1.556190195767105655e-01
-8.084218731009135128e-02 -1.573174710934013509e+00
