-8.549590546482961351e-01 2.042239762373243117e+00
-6.473955496742453963e-01 1.381278580210099749e+00
-5.796661177828080769e-01 -1.931733620701123311e+00
3.426029974779084553e-01 -5.683524996056252832e-01
-1.295292146986250836e+00 3.934776414928526367e-01
9.543950670372509659e-01 3.631772564108645129e-01
1.462787741461180735e+00 -1.021004977521822399e+00
1.516980897442576914e-01 1.104977292409184519e+00
5.590772243068333758e-01 -2.842040053325993187e-01
1.334157308712138112e+00 4.816983889866644497e-01
2.344094582888772149e-01 3.762237446858029966e-01
-2.877018824570197753e-01 2.320575841687479435e-01
5.503867461677961481e-01 -4.714542246648920076e-01
8.079249848894026753e-01 -1.499464424182828104e-02
-3.430687686775423240e-01 1.677491917597200843e-01
7.066893467006036822e-01 2.994029808802105008e-01
-1.444393145986344607e-01 -9.313111198068396712e-02
1.950216776970727039e+00 1.998511363378778771e+00
1.161157572345978828e-01 -3.523963207969708633e-01
1.133107168309384516e+00 -6.935586332587951874e-01
-5.594702104858157998e-01 6.668783102535900120e-01
8.954744356077863898e-01 -6.082716822689896441e-01
1.072511569033589574e-01 -7.611462634224571699e-01
-8.533042953713890211e-02 -4.764686897375894903e-01
7.242114022886506630e-01 -7.913877751716333897e-01
2.056452840199984311e-01 -8.759374045156812505e-01
1.498596062771626325e-01 4.089846536519837761e-01
-9.139613908235152406e-01 -9.385403270825463107e-01
-4.404602952669663951e-01 2.166225658827449330e+00
3.126570702413312280e-02 7.727726000578979404e-01
-6.984591556211666719e-01 2.210360124430412465e-01
4.622565987073503080e-01 2.169245305531971868e-01
9.272911245650444778e-01 5.775647238184171417e-02
-9.870344622948324931e-01 1.118013572321948201e+00
-1.244069204083203400e-01 5.487846768799106156e-01
5.704587278851713100e-02 -2.896045267465449102e-01
-2.645141438200048212e-01 2.555068792254903798e+00
-2.203455426490931846e+00 9.686129647480212768e-02
2.159531995819111705e-01 -1.761213675167539572e+00
-2.112624602510468019e+00 -5.365938884641310302e-01
-2.368824764451753218e-01 -9.195512430321471919e-01
-2.241196722709616562e+00 9.104207447748673410e-01
1.166696778742164339e-03 1.942939732521436813e+00
1.592806400019787683e+00 -1.543330001920328876e-02
-5.187526496671485132e-01 -3.905831376662441956e-01
7.129966019083781026e-01 -1.055775203308249699e+00
-9.389590829707448183e-01 -1.370093950067585276e+00
-1.186117898791025471e+00 -2.788779379409675463e-01
-1.302724857317530294e+00 -1.834384565264837619e+00
-1.156193900435999788e+00 2.038259718138329402e-01
-7.264804771217743540e-02 4.450036112261440135e-01
-2.935575117446282967e-01 2.003171031105318356e+00
1.562766285106859332e+00 -9.210341295264116157e-01
-1.195274275432962885e-01 -1.334734399196099153e+00
-1.032396391994933493e+00 -5.065568514563646429e-01
5.455140062551255831e-01 -2.686965097629556709e-01
