-1.109573051997612136e+00 -4.200938833957867935e-01
5.403483351220158548e-01 -1.056248701488276653e+00
-9.895310066832317952e-01 -3.755175507440064453e-01
-1.546000210841048217e+00 -6.713526018662544503e-01
1.782356556067371534e-01 -1.019534962904198538e+00
-4.714527782214687490e-01 7.979201891213709708e-01
1.776368859050894145e+00 2.458248842663921963e+00
-3.259794347479118004e-01 2.046185497040745815e+00
4.477194666139663881e-01 3.607996670209769330e-01
-6.385319025870062060e-01 -7.876713272123085918e-01
1.915608923521887608e-01 5.311613471056352287e-01
8.449931488859721007e-01 -2.377836733470085395e+00
1.563057738794816576e+00 1.048708158716542327e+00
-7.421980352878678744e-01 1.117416470880958412e+00
-6.328443012111462096e-01 4.511587477155311054e-01
-5.543153226522729016e-01 8.628324283055630595e-01
-7.414075107116918639e-01 -8.316168201662488269e-01
-2.888375599613633438e-01 -2.422293926012082654e-01
-9.691738945967289798e-01 5.834417930212542069e-01
-7.475878645415958701e-01 1.383413612529378112e+00
1.621172184790783177e+00 6.522645077637032607e-01
-5.158728776252247128e-01 1.063282421827968172e+00
-1.221039971699758031e-01 6.553617759566306156e-02
-8.707286877455104601e-02 1.991877408228985846e+00
1.225427131495975264e+00 3.309452698935682613e-01
1.325863143607667993e+00 5.817038116345969456e-01
2.112812218000619247e-01 -3.893746264301932158e-01
-3.317355667034531663e-01 -1.955407373463564080e-01
1.055398934944431488e+00 -1.683648852227298320e+00
-2.318147338817652392e-01 1.507673546823719679e+00
1.860274914446380379e-01 5.091986184821184480e-01
7.307509792732144183e-01 9.026834965529937360e-01
4.645334369214208503e-01 -1.286118914955285686e-01
-8.965376887644379567e-01 -1.602127568357947895e+00
-3.323070152252524667e-01 1.647417226778526145e-01
-4.446799894550843568e-01 -1.473326835527756673e+00
-6.033230503114376392e-02 7.909050964897430536e-01
-4.253739751211295661e-01 1.059756922052230266e+00
2.667304647492911296e-01 -6.759892721342051214e-01
1.853464757683783992e-01 -1.139104431098087566e+00
-6.039286754271324664e-01 1.502873633342819648e+00
-4.475305097956310263e-01 -4.321926731783957976e-02
-3.577334150325554019e-01 -4.935316018385051406e-01
-1.453863540050280567e-01 1.356788122969751154e+00
4.903715688854747290e-01 -2.828911247809040019e-01
2.328829999661918282e-01 -1.699156384210618320e+00
1.946893138386198985e-01 5.926861513762836653e-01
-1.151970275640553654e+00 4.508378818570186741e-01
-2.670404940422769213e-01 -1.699940152713651287e+00
-1.340086592474406313e+00 -2.563554187146261376e-01
-2.834472497696795545e-01 1.252152602488663780e+00
3.062628339262932903e-02 1.295479015263113709e+00
-2.424673756999426555e+00 1.266347575263822911e+00
-1.125081273383842784e-01 8.905907410516085143e-01
2.049885070120472386e-01 -1.133936426148551974e-01
2.270442054512524302e-02 5.649845171867522442e-01
