2.613550896839560156e-03 -5.072878697448199997e-02
4.729595291306269433e-01 7.465051718969274441e-01
-2.740366040325402097e-01 -1.468737507861451741e+00
-2.302470721321521197e+00 -2.918499729507486595e-01
-7.845110237528559738e-01 9.552615043572029174e-01
-1.271223466249956413e+00 -1.218740185982002122e-01
-6.663010442987772342e-01 1.477562640159286511e+00
-4.659054068583950436e-01 3.983627734113918684e-01
1.028910527795201091e+00 -1.182308534168666103e+00
2.124057465727247962e+00 -3.193577673343473422e-01
-1.081636660450015608e+00 -2.747462272031614972e-01
-6.083266092112372680e-01 -1.090734502668107231e+00
-2.247629451319496374e-01 1.731630568920396351e+00
-1.692802606617695854e-02 -1.664109097427555417e+00
1.282958300033621990e+00 -3.726978055939358936e-02
-3.082374306901323191e-01 6.512737009601676785e-02
-5.731698912281453229e-01 7.320460031199180762e-01
-1.736063365880372356e+00 2.785306576295729086e-01
-8.477937533911103496e-02 -8.099114916272833753e-01
-9.412245250882483871e-01 -6.231754076468429826e-01
-3.403873688632071959e-01 2.434780323839183871e-02
8.825368613363471226e-01 -1.598827024137583042e+00
-1.001898402377209951e+00 -8.137336214608920093e-01
-5.742316571282529702e-02 8.281378182810327226e-01
4.734948449649985514e-01 2.690896073525969601e-02
-1.074028370008286881e+00 1.280772362564709665e-01
9.231500733290708416e-01 -3.091445442779857528e-02
5.179771231212657590e-01 4.187310148516166231e-01
-1.814427315373924252e-02 -1.233216842781001743e+00
-5.731611445787767600e-01 9.797982716599820119e-01
7.532243669929349073e-02 -1.448284576775480836e+00
1.295869753072217634e+00 1.398989648857418722e+00
7.694720924825059205e-01 5.342554990299003270e-01
-7.351240813858728185e-02 1.066016661090706696e+00
1.442062227249329975e+00 -1.411635145255888180e+00
-4.309496992158753370e-01 -2.081600106960384888e+00
-9.789825835651805308e-01 1.493279094486974268e+00
1.037367704214287256e+00 -1.422453498727496379e+00
-2.340916621070419090e-01 1.072164526551762781e-01
-6.266993230043514940e-01 1.540765070856106311e-01
1.135452272387124761e+00 2.021940453171300334e+00
1.417385740770647606e+00 2.192005037379926302e-01
5.409267524740191818e-02 5.765408867238409618e-01
-9.869714328302460205e-01 -2.170231916218970269e+00
-2.067919745058381942e+00 7.007728455431603276e-01
-3.882611934829043321e-01 -8.046323324962411094e-01
-1.769749220480822283e+00 1.079210511371661019e-01
1.192210827987216559e+00 -6.148810824560402288e-01
1.051083405866211962e+00 -1.458048143831516930e+00
-9.005391418490493738e-01 9.050554885237951375e-01
1.639869230946978396e-01 1.164220086912844732e+00
2.821039621828187460e-01 6.355906325275619828e-01
1.173629437404696718e+00 6.168290286970733449e-01
1.348346200537973383e+00 2.401834693554222577e-01
-8.656346773080652035e-01 2.037871445331398135e-01
6.292120379303659528e-01 5.194415364989440898e-01
