-1.000034879525304010e+00 -1.541976154487405770e+00
-1.896783723579939795e-01 -2.820977041136429331e-01
3.142103001486168390e-01 2.832728997716732477e-01
-8.817109668875204864e-01 2.733980979522645377e-02
-2.763424637377046578e-01 -1.271602447969239491e-01
1.358016085184438504e+00 -1.172028002145252712e+00
6.902542130888794647e-02 -2.601499540324702098e-01
1.270206480986140196e+00 -1.468943023207395504e-01
-2.254034873746371959e-01 -8.107094875728129146e-01
5.222975507484128865e-01 9.268212303132594698e-01
1.091518285153832979e+00 -9.327821413646912863e-01
-2.032659984198460779e-01 9.108082825457997078e-01
8.373061582901282218e-01 4.170487095969154234e-01
1.183269370562809675e+00 1.180120798596641096e+00
6.108518516082418470e-01 1.991268787103246951e-01
8.259107131844238836e-01 -1.667670853316256085e+00
-1.981841636176085997e-01 2.529976196134246513e-01
-1.679847842260780100e+00 -1.343742673979238633e+00
-4.280960064254666353e-01 1.098856918365072710e+00
1.303687552328878230e-01 -1.995238694959138970e+00
-1.607164437055610184e+00 9.500104958902807484e-01
-1.229608087890113000e+00 -1.110027586834728269e-01
5.416996340261891474e-01 9.019311580352403768e-01
-7.313932762409504074e-01 -2.061353210147081949e+00
1.412059925820176920e+00 1.909785198659207150e+00
-4.187843707371796120e-01 -6.758156299622541940e-01
-5.099040075721075760e-02 8.332910171502527774e-01
-1.030232070819215195e+00 1.035582031844506590e+00
2.078632120522086346e+00 1.074974878576744786e+00
-2.895989558062963543e-01 2.314674482986676593e-02
-5.687962183404237093e-01 2.558765207728437296e-01
-1.814723886743299097e-01 1.101040120479686690e+00
-9.451342606842493277e-01 5.789663880896690068e-02
-3.455715088335424290e-01 -7.509881330495995488e-01
5.949155352309433153e-01 -1.245356656599364842e-01
1.309131291471399949e+00 1.294932299581744717e-01
-6.319244118761180307e-01 -1.101229279925251658e+00
2.370064250846042331e-01 2.564506134787696290e-01
-3.346802436054915897e-02 9.880879528492603203e-01
5.175967613252928645e-01 1.608715382982232600e-01
-2.437747685037303658e-01 3.947419904507237232e-01
-1.620029588429497736e+00 1.698939858265840597e+00
1.107607404503381909e+00 1.816912817032005079e-01
1.197698847929214772e+00 3.153140950613808613e-01
-8.231325175351906775e-01 1.693774008627448036e-01
2.704016103468950827e-01 -8.798165003198171741e-01
1.350764566700549896e+00 2.465504072475558084e-01
5.066499533352658569e-01 -2.802321732075016669e+00
9.228609528850982846e-01 1.141876815979056881e+00
-1.481237076494194671e+00 -1.569919446033301469e+00
1.465324566820472629e+00 -4.210545964414038611e-01
1.069685305322154223e+00 8.588705922707390306e-01
1.336952536567886263e+00 3.352869603786939323e-01
2.487314750795852070e-01 9.801646871732537791e-01
-3.156335805178992482e-01 -6.535254017764641210e-01
4.349772389914420279e-01 -7.389099226790643571e-02
