5.900738373976563977e-01 6.934460015482458994e-02
-1.871685547315286025e-01 -1.517369526553291048e-01
-2.101179553574913150e+00 -1.669040536548742626e+00
-3.489120881533054885e-01 -2.020410091592242718e+00
1.549173875003604595e+00 -9.489191854308577367e-01
3.905032243004140091e-01 2.104377057540685325e-01
-3.883394756319896168e-01 -1.450317365106255751e+00
2.617592368920609314e-01 1.101818822451645918e-01
5.927593985442598280e-03 -6.618274903692188404e-01
-5.837683247840044221e-01 -3.395932790846817317e-01
-7.527409921249146318e-01 -4.587819267606156881e-01
2.267797355382844271e-01 7.976725297063498310e-01
2.502424675185861980e-01 9.306306238001496034e-01
1.633180041835130103e+00 1.719044489048618063e+00
4.923474337304065696e-01 -7.905868196420721139e-01
6.048619598931618269e-01 -2.052962944740939835e-02
2.589883372515481841e-01 1.826835785032065174e-01
-1.456525745331619826e+00 -9.636658942887784685e-01
7.829538269831761710e-01 7.031643836272518655e-01
1.032271883355269537e+00 -4.163466786817208720e-01
1.894498385225502846e+00 -9.806221844333649074e-01
-1.595900362467694622e+00 2.458988440685156221e-02
7.994514231344816702e-02 7.140804951634142084e-01
-3.286722311819810227e-01 1.596028893489389811e+00
1.396196859247437416e+00 -6.870584200591448587e-01
-1.124295853793297884e+00 -6.523012368238050307e-01
8.729588935145035089e-01 7.481969393853242778e-01
-1.410381195319108771e+00 4.662761257746252941e-01
1.050592019503289176e+00 -1.457091919579412087e+00
-2.893518741577470799e+00 7.251312593280238028e-01
-9.930728488927239583e-01 1.745012523051133968e+00
-2.191525457022229784e-01 -7.874000379128446303e-01
-1.299722201663104260e+00 -2.607144811365572412e+00
1.907761452490626342e+00 4.883215430733649498e-01
-3.635874728403211686e-01 1.224517128165680674e-01
8.864504713822093374e-01 3.219785003605720730e-01
5.266696172795965608e-02 3.599143821062739668e-01
-1.928984286428696571e+00 1.407153844355873429e-01
3.433659525771715071e-01 2.387509097690642679e-01
6.903526271158610950e-01 -1.314580721213527426e-01
1.198482588748211342e+00 -3.705955273270973849e-01
1.761307342089584727e-01 -2.050699924741960709e-02
1.323685019000842678e+00 5.136103897620122316e-01
-1.933732066484594725e+00 1.501673774124854255e+00
-1.637251216575719814e+00 -2.732714528973001055e-03
3.884364808861067164e-01 -2.885335976495616572e-01
-2.446058390842525965e-03 -6.777778933422136109e-01
-1.301673096116267692e+00 -3.150535227492669010e-01
-9.883983638861896237e-01 8.781216776680276226e-01
1.830901773097502794e+00 -1.260867467996288349e+00
-8.811865115324364339e-01 -6.424984563411755278e-01
9.090293030926752671e-01 -6.488905147513096550e-01
1.056991463960695044e-01 1.321672317755205883e+00
4.916696301666121371e-01 1.423033559490485267e-01
1.149388875996063680e-01 1.283003870164490356e+00
-2.513416070712797268e-01 5.868427116343589711e-01
