-9.597533966274798128e-03 -2.252104357598875839e-01
1.466199647300698850e+00 7.267786309326746963e-01
1.445456491542744804e-01 -5.652289169945461100e-02
1.984202012206501831e+00 9.203077879192300692e-01
1.964015092547791275e+00 1.495618183192668260e+00
1.516850031940500276e+00 9.611142666472539675e-01
-1.650063991055822576e+00 -3.269259258536805768e-01
-9.300859057004056130e-01 9.107779719001549146e-02
8.815464165590400913e-01 7.072651125407002359e-01
-5.792091440270384917e-01 -1.113638862825087505e+00
9.861032591101413780e-02 -9.120842655728381709e-01
7.095876885184367877e-01 -6.908505710450579818e-01
8.025938813835821195e-01 1.024320552083951785e+00
1.783108635394178965e+00 -6.799989908160628538e-01
-1.002160015415930916e+00 2.505369630218868826e-01
1.269490774878341943e+00 -8.360346026349421145e-01
-1.405287381885461429e+00 -9.771143119752527806e-01
6.106894946973154825e-01 7.220306808438317070e-01
-3.956911250930592039e-01 1.395493336658397247e-02
6.665774632368444419e-02 -1.575079007909959694e+00
-8.791918801502565106e-01 -6.342213071587182727e-01
7.620934840796614318e-02 -3.965601244964055971e-01
-5.323332099031203857e-01 2.060319764511870932e-01
2.279276807623857870e-01 2.806070038579564496e-01
-9.757841520398843338e-01 -1.086232291706245245e+00
6.074634602249731063e-01 1.095200454700554937e+00
-2.654478132728441686e-01 -1.937860036740906233e+00
2.061214406115452202e-01 -3.441045915137028177e-01
1.630550960149613315e+00 5.795111694024303040e-01
1.298215342150194296e+00 1.210741055408355304e-01
2.445166995001668009e-01 -1.564869313240287996e+00
6.373531193692897334e-01 2.874870455769877875e-01
-9.463136241979507313e-01 -2.049214794799520678e-01
-4.536753967549185251e-01 -1.477537879315884706e-01
-1.921061402271570406e+00 7.054737185549512235e-01
6.981380178244624979e-01 7.937267142545901821e-01
-8.774808717406957781e-01 3.097078067864876272e-01
7.080189567924806138e-01 3.293365428296718411e-01
-1.491064570984908189e+00 -8.944349743351531767e-02
7.020199488277029110e-01 -6.257284854825410081e-01
-3.991415068655747578e-01 7.045353095880403649e-02
1.587446107733291090e+00 2.354165546141823162e-01
2.652154633929323935e-01 2.664467289872475275e-01
1.304560056313912864e-01 -1.189878871503190050e+00
8.751572215583380832e-01 1.538586307290644273e+00
1.375452544234200936e+00 2.772079332236446536e+00
1.238468304141011611e+00 6.201780006926385092e-01
2.903226129177688408e-01 -9.369268679128299748e-01
-3.095236916555095252e-01 -2.573719654950751501e+00
-1.272504814992943878e+00 1.053885187015282388e-01
-3.059304577169286166e-01 5.932289032976902909e-01
7.283732538191532990e-01 -2.046429981764152917e+00
-1.730953348291647265e+00 -2.035821967888324924e+00
-1.054986689759324359e-01 -1.349751168922602163e-01
-2.177862585306600263e-01 -9.415363900568850530e-01
1.539288044069703654e+00 8.522031278698019019e-01
