-2.217282098006764457e+00 -5.754523342625850191e-01
-1.236064610823646603e+00 -5.130028535214447016e-01
-1.107152591317173806e+00 3.660589318111411722e-02
-6.788158042348587662e-01 6.499260838419558262e-01
8.007223959681146752e-01 2.244313612849092809e+00
-7.386937877555320719e-01 1.221686767960088016e+00
-1.385663837510675567e+00 -5.861420824823857512e-01
-4.837165965700797321e-02 2.095848422234353414e+00
3.396271977037265133e-01 3.862336574164787484e-01
8.675917957485968987e-03 5.351633280842609253e-01
-1.594606089629037327e-01 -5.428682019347594867e-01
3.294445785983862729e-02 -7.314473146742357379e-01
6.585231092609693249e-02 -1.323583338299248735e-01
-1.915202667655369062e-01 -6.774862536872504615e-01
-7.615249253898362936e-01 -1.475298039292815888e+00
-1.940438280242513303e+00 -4.675464666020152232e-02
3.046177253483297043e-01 1.170845010375746620e+00
-4.086736765075631439e-01 -1.581728778392702761e+00
3.536687004072256446e-01 -4.194973576655580128e-01
1.891162878728271712e+00 1.238915083167703435e-01
1.558815366045761541e-01 1.072021047621818823e+00
1.165577459674280503e+00 1.224917754052033958e+00
-6.457169120575377563e-02 2.326599373298886775e+00
8.267379199572811865e-01 -7.698571591415122040e-01
3.435919894238920191e-01 2.419272127350827542e-02
-2.798124096564142405e-01 -2.625030189499894667e-02
2.324946512129635601e-01 -9.869792021320978881e-01
4.434380833839065422e-02 -1.183074432171189461e+00
1.390279899434212929e+00 -1.074217032375837322e+00
-6.193241466891902247e-01 -6.474366833847471359e-01
8.860431617223929468e-01 -1.401462758645918294e+00
2.161778175258632473e+00 6.388893723430162375e-01
-1.677637635236606695e+00 1.703938823872873431e+00
-6.740671950568772886e-01 -1.409176875519052401e-02
-8.682703239176764454e-01 7.934284945316294468e-01
1.957952403632537086e+00 4.800109721732085388e-01
4.104941477914762493e-01 -7.389858820499239922e-01
3.084847609765436482e-01 2.509745320666815771e-01
2.506797163590369415e+00 -1.621534684751580191e-01
1.275764369251334018e-01 7.893395486283387719e-01
1.828575184361205030e+00 8.418974984287856955e-01
-2.796663230761382568e-01 -3.146444250529952802e-01
-1.245247973896135285e+00 -9.365475403226780626e-01
7.095899101750655635e-01 -1.375486050901483015e+00
1.805714967571342644e+00 -1.159138486243554089e+00
1.514521917842057697e+00 3.228261491507691816e-01
8.859325236280444216e-01 1.085104215702122933e-02
-6.757891087991115819e-01 1.702855101863401666e-01
7.565962287596431635e-01 3.443167396708608080e-02
1.244772538547178398e+00 5.801813835551348220e-01
-3.013137487277713356e-01 6.509652506468661670e-01
8.532840502174003916e-01 -4.306020314795067083e-01
3.387264001417071291e-01 1.032425352514815958e-02
1.604236190749084578e-01 -5.278949773187223693e-01
2.936708710210875761e-01 2.096205909373330400e-02
1.188687670824875031e+00 9.200625847506839206e-01
