1.314398924456523066e+00 4.277733525628764633e-01
-4.119043234168939249e-01 -4.269886950422161487e-01
2.173931746429028089e-01 3.174774382555999308e-01
-1.024290445493239110e+00 -6.635528271394857125e-01
-2.587382778351320911e-01 1.939945572973329257e+00
1.671215001063850236e+00 -8.150126254859682007e-01
-7.341481032510039917e-01 -1.678475310941845100e+00
4.960047260976831462e-01 -7.096540302978476822e-01
-1.640070314064581591e+00 -1.107778611249264911e-01
1.539727432274155650e+00 1.021145312395577598e+00
5.852189341522265886e-01 -6.551308896134734605e-02
2.734816212711036254e+00 6.190496724681269214e-01
-5.917505498531909769e-01 2.797737166588271651e-01
8.584797472164779064e-02 1.382206112524505981e+00
1.869252163157032872e-03 4.500683821285164643e-01
-4.181097008579128665e-02 1.390639983223183274e+00
-2.384704324256778085e-01 2.810260367751946098e-01
-1.217139023203538395e+00 -4.515273710447333388e-01
1.489748732375554496e+00 -4.403481739411637674e-01
7.778513342861524682e-02 1.036295478249038560e+00
-6.644075621703128265e-01 -7.055013918367283310e-01
-7.897318679105181927e-01 -3.029907659149194132e-01
1.159972607013770141e+00 -2.000807356050673391e+00
1.717996660936289832e-01 8.683325048748254948e-01
-2.344808139673266179e-01 2.413958896553528577e-01
-1.276899070340425268e+00 -1.690123020840619050e+00
-1.476175191662015274e-01 -8.240424702634475684e-01
1.008114094984620790e+00 -2.943787971875939657e-01
6.028290256956145843e-01 -1.146989534103183495e+00
-8.989173228291232887e-01 4.941465709245494026e-02
1.097707548393032750e+00 -3.014709768131823564e-01
1.755289414051867392e-01 -8.316758894351937437e-02
-2.250062016238210116e+00 -3.234874972178669039e-01
1.966952525964483334e+00 -6.805220134650418196e-01
-4.081169341010746909e-01 1.351942394124737046e+00
7.160488933790190025e-01 -1.238879282212724808e+00
1.011839336255915711e+00 5.558709372870980492e-02
6.667840839434134859e-01 7.842762396435174477e-01
5.121972387707126595e-01 -2.684162208463706026e-02
9.702814090951317194e-01 1.645031865699563556e-01
-1.219228713412735532e+00 -1.129571377996998471e+00
-1.765085379258016340e+00 -4.893957124962848293e-01
4.851971837545719923e-01 -1.695389396695281548e+00
9.646408419523857525e-01 -8.645139203221929858e-01
8.543974641062522524e-02 6.552239562309212229e-01
3.228281729155654256e-01 4.493993003456730473e-01
8.149352132934467585e-01 6.799330568196502167e-01
-1.145170108518025254e+00 -8.554330618827338251e-01
1.242233236034762517e-01 -3.118674158557289133e-01
2.262659896569864659e-01 -2.227857986432660642e+00
1.497408276778511960e+00 -2.782704221289688529e-01
5.421750502752786804e-01 4.584643379195189605e-01
-2.054124104857186495e-01 1.090987895443307210e+00
5.310903305351232229e-01 -8.756585073819100895e-01
1.221355003915342907e+00 -2.705674714825747063e-01
3.116540946069634721e-01 6.410269963142748439e-01
