-1.666735647635788631e+00 7.380544601839070240e-02
-1.146242775596873209e-01 1.184308618378468569e+00
-1.231146522058796489e+00 1.417467613903546919e+00
1.315735871389986267e+00 -3.245803185213063657e-01
-1.831695785325948789e+00 -9.462358492072562299e-01
-7.359034883755152245e-01 -8.475975933351116709e-02
-4.355835676555422920e-01 -1.219983576699649408e+00
-4.964656861835369805e-01 -1.132441658843264115e-01
-1.200434608830738492e+00 -1.846367761602948354e+00
-1.787182049242925563e+00 -2.163218560547520930e+00
-1.045653576599023582e+00 -1.031763532836631914e+00
1.474750929954086409e+00 8.404625146932333257e-02
7.851363065935255126e-01 6.777022362590628957e-01
-2.895485301394370992e-01 8.986626388648443209e-01
4.691344730382258216e-02 -2.345535285795223301e-01
7.556662395965701995e-01 1.891343911072221884e-01
1.423463296519256627e+00 -7.125414174403921219e-01
-1.108330864278955330e+00 -1.187551411675124458e+00
-2.094898514698877445e+00 -1.011675502657584103e+00
-4.369491666029166055e-01 1.377426948598780454e+00
-2.381440097334910355e+00 -6.434000137970697919e-01
1.225820136584553133e+00 1.186010693042182373e-01
-1.363699265950362616e+00 -2.855189249546175589e-01
1.801107095892608756e+00 1.078472547560459516e+00
4.678637003857606946e-01 5.743796485922977313e-01
-5.109719922079322130e-01 -3.996863698273726562e-01
2.864278857028512704e+00 2.090138516236543231e-01
4.104208519691655566e-01 -1.116472508680288245e+00
1.110240814943060705e+00 1.512197012526753870e+00
1.037375667179030625e+00 -3.290249529519625460e-01
4.787381557599603710e-01 -1.466782328832629156e+00
1.919721724161478793e+00 6.894232650205472934e-01
-1.035968299878377158e-01 -1.459412450764706604e+00
-7.370426820094219122e-01 3.755917819587520357e-01
3.509239538620600452e-01 -5.778133299804207867e-01
6.779744042572335427e-01 -5.963365789047126997e-01
-1.443309183426829678e+00 1.409023052697447598e-01
8.138130985080178625e-01 3.442141697283188639e-01
-9.487678194844051394e-01 3.096181130779940283e-01
1.139053634421170580e+00 -2.375759474107757896e+00
-2.617791496743101520e-01 -1.456184930520696141e-01
6.542129188259435679e-01 3.938489979879944425e-01
9.910101359627238038e-01 -1.850485109885119384e+00
-2.029991031804483648e-01 -1.028942159111383869e+00
4.614517955156360873e-01 1.112804634945470994e+00
-5.643688923268970203e-01 -8.534012396736733175e-01
-1.052454902789631053e+00 5.055923828699808720e-01
1.377141472126491850e+00 -1.518585046795416504e-01
1.011914066263197576e+00 8.723242934480172073e-01
8.058193018045479716e-01 -7.111269256841748487e-02
-7.356541889599653716e-01 1.053395595816561281e+00
2.095133230293240723e-01 4.147347814280181733e-01
-3.538651930131831436e-01 8.528934563011365544e-01
7.778875653336607410e-02 8.210484052799360555e-01
1.391730977292156557e-01 7.675961798680375203e-01
-9.624979888414924023e-01 2.667133896393830139e-01
