-2.959205393589239286e-01 -4.343967723786811841e-01
-7.823110315559287375e-01 -1.792261140735540881e+00
1.279502403654264875e-01 4.176846510336985063e-01
1.108351327136397835e+00 5.061013231511505284e-01
-2.791898932494024099e-01 1.961468858398223158e+00
-5.156599020089065455e-01 -1.228369752578381213e+00
2.367547743759776946e-01 1.049131822360935828e+00
-3.048470209574456469e-01 -1.441349803249469597e+00
8.616379744319843104e-01 -1.930347903717164471e+00
7.064573035715788762e-01 -1.385584873054169108e+00
5.694637877035820805e-01 8.308829818772394127e-01
1.819291652932356840e+00 -1.782464711836037052e+00
9.882601163274298828e-02 -8.249869660903147439e-01
3.021496463401840971e-01 -3.451141801798339459e-02
1.382609599623735308e+00 3.542084250979400939e-01
-2.787334590553229297e-01 5.936673537439258741e-01
4.342793571726208390e-01 -1.364072895457951295e+00
1.074950873132369950e-01 2.258974242902862972e+00
-1.654950088214910409e-01 1.623907141211292426e+00
-1.843529559411533347e-01 -4.825390361248893534e-01
7.713237346315839904e-01 2.670703360179866870e-01
6.603292068531254611e-01 8.501917863914464357e-01
3.958702014912899858e-01 2.977541790422990609e-01
-1.748226083959399046e+00 7.246908301216277160e-01
-4.126239454452686195e-02 1.758397293163724007e-01
5.417733060055373029e-01 -5.696447479686757021e-01
1.405962095960730796e-01 -8.435631474590060686e-01
9.057486222107331564e-01 -6.845767244822542619e-01
1.006669191295136212e+00 1.910764679768889751e+00
5.189963884133123040e-01 1.679287179490626336e+00
1.788757710436212900e+00 -1.641380148860530186e+00
1.822755077287548098e-01 1.049541617906857072e+00
-1.143715248187062050e+00 -9.358709998731469248e-01
5.325761187239551608e-01 1.535397199479016317e+00
1.048419491269205084e+00 -1.081490938276282038e-01
-3.081679683353858445e-01 4.171503445351359418e-01
5.273456755836525289e-02 3.119242647545097946e-01
8.786949886910745688e-02 -4.562470949856451408e-01
-7.107465631472684731e-01 -3.817377654162748546e-02
-6.140951933299911847e-01 -1.198810311338833978e+00
4.132697714339598760e-01 -8.577102798626698998e-01
4.854727967513112752e-01 -1.349587981508111101e+00
5.334076296537605399e-01 -1.354202416450533963e+00
-2.081820265210068133e+00 1.554275532738925047e+00
-1.443551028219346444e+00 -6.002955401400712487e-01
-1.075547906140801757e+00 -2.680175695235068045e-01
2.747269322061230978e-01 -1.301838163199808829e-01
1.311377559990175357e+00 1.516038656208005042e+00
9.583769196301049342e-02 -8.761071910613261737e-01
1.415797627335396991e-01 3.780380932455595366e-01
1.037900657402618387e+00 3.666623831664488908e-01
2.626236155854587473e+00 -6.614823220518676163e-04
1.186764056302995307e+00 -1.728374447379378842e-01
-1.969049045546390209e-01 -4.869701041171159428e-01
-5.361049456150419612e-01 6.651438849788088303e-01
6.803335582724203690e-01 -1.331487506104203078e+00
