-1.805665333712280496e-01 -1.315541868346411375e-02
-1.645011542134201976e+00 -3.852690999562519841e-02
-1.747781390846181448e-01 1.931962724334347126e+00
3.571129644477357701e-01 -1.163571679914275236e+00
-1.949478242173805220e-01 4.363810120439727269e-01
-1.110748087659718442e+00 1.597242551183976345e-01
8.192834315272018442e-01 -3.405948950698464150e-01
1.757812075837310140e+00 4.029664886708544946e-01
-2.880342817403995781e-01 1.654665453445945733e+00
9.234598217528862119e-01 -9.306760391756561113e-01
-1.330780233154864156e+00 9.368872861146581021e-01
-3.643644068842402106e-01 -5.139378056781545023e-01
-1.702272476566268899e-01 5.369900079330076625e-01
-2.137775075489829757e-01 1.664278523126758724e+00
-2.036023122339916114e+00 7.693859425111927441e-01
4.857919062494236995e-01 -1.623249038838889269e-01
-8.322308070428137139e-01 1.061737774560079117e+00
4.647351919069940274e-01 -1.572382180842380572e+00
6.046815847030143631e-01 -1.164098601897574081e+00
4.791745376317698563e-02 -6.521560590110925260e-01
-2.552236472011864543e-01 -1.862337389873269244e-01
-7.527687862909754335e-01 -6.153405325891799782e-01
1.779474077072409899e-01 -2.779617509735687886e-01
-6.292714444327117407e-02 -7.190930947587887978e-01
5.836799520819933029e-01 9.405819917585948042e-01
-1.793154248186721311e+00 5.763931203739172116e-01
1.160984003388606522e+00 1.853650249062915034e-01
1.450031950477556619e-01 -8.515101582353645782e-01
-1.042853918246927636e+00 -2.508700615447357229e+00
-1.036731801606510128e+00 6.733488425574890579e-02
-5.182166688318406989e-01 3.469165336545119299e-02
-4.012290828263895270e-01 -1.519618213546449978e-02
-8.327036632346954681e-01 2.377092675665662957e-01
1.797267154072386131e+00 -6.835374426038589579e-01
-2.172600397242188675e-01 -2.324781318588779122e+00
-4.834055336338118902e-01 -1.739332845936615968e+00
-6.535561786911094906e-01 -1.250442816409867985e+00
-1.519401381918066951e+00 -6.785613739373141939e-01
-1.043708711949908885e+00 -1.816557947293296060e-01
1.892676285209098808e+00 -1.228892312520974306e+00
2.622518347405969341e-01 -2.462059554692455077e+00
-6.745997482360934772e-01 -4.212511633445206183e-01
1.237358942129775485e+00 -4.064496467806466007e-01
-1.253226550214848078e+00 -6.738508612183893298e-01
-6.979236500083466632e-01 -3.471061650834443291e-01
-1.476857388081931788e+00 1.412073667530389320e+00
-1.482982661635684929e+00 -6.244947654131745018e-01
8.540748507762688790e-01 6.484335050591901739e-01
8.933152143715933358e-01 -2.667710236070949481e+00
-4.204791846926450027e-01 7.428316682918921776e-01
-1.775368597535097459e+00 -3.693115438692185504e-01
1.337509942356191361e+00 6.796162022078494624e-01
-1.075248332791018946e+00 -2.073471519151173226e+00
-1.557277276170623059e+00 5.485860206674413320e-01
1.536693119317348311e+00 1.089160355512069245e+00
1.010449479607169465e+00 1.013698678779269891e+00
