-6.028858478225024298e-01 1.499377628038629728e+00
4.074462115038515048e-02 -2.319054868255847335e-01
-2.265309357741630336e+00 1.586836943630219876e+00
-1.767133498684358428e-01 3.729807143688036453e-01
2.025257312728578063e-01 9.426510541455472847e-01
-7.497682633486912884e-01 -3.242355662485038037e-01
1.807515986374413242e+00 -2.474235830429224736e-01
1.109445459990413774e+00 -8.328834672119747040e-01
-1.180230643703991555e+00 7.028975283059422097e-01
1.213459060473703194e-02 6.495663417484964786e-01
1.606905679652331775e+00 1.401867842117270557e+00
4.933827207222366007e-01 -3.508806684471553750e-01
1.315576736900012644e+00 -9.300165567983281756e-02
8.131908921245405153e-02 9.404855034026040617e-01
3.092017576246807731e-01 8.897186330587012471e-01
-2.767440551616771605e-01 -2.949607486436356951e-01
-2.756993564711557321e-01 1.007418825379715749e-01
-1.753114625491396295e+00 -3.093523835847598602e-01
-4.148749207252318549e-01 -1.087225035017744590e+00
1.474282817498058673e+00 -2.337625289798207218e-01
1.385894598176432568e+00 1.212648440607330819e-01
7.876157484302598322e-01 -1.193550726634627246e+00
9.978895829301956399e-02 5.516326502710620083e-01
-8.961150328160106815e-01 2.975250072793617750e+00
4.015684325976209834e-01 2.095539661472226367e+00
5.519637351610339193e-01 -3.760951368913085235e-01
-2.164970489810279286e+00 1.135991634587094845e+00
6.101426077544480631e-01 6.058962142529271677e-01
-5.671132700867248522e-01 -1.019776991614159897e-02
4.682651233874158270e-01 2.587228932163303519e-01
-1.364303456532334868e+00 -1.124427706148267980e-01
1.345944539964580189e+00 -2.819340180341954882e-01
1.055392568612863569e+00 1.342251728258737620e+00
3.313734846923209187e-01 1.004320702218605810e+00
-1.072888331782103855e+00 1.829193611769515115e+00
-7.834881032128713230e-01 2.117599921755497494e-01
-7.341162433424259781e-01 7.022768685440643199e-02
-4.589975636060151243e-01 1.446835114909110487e-01
7.675740090993656839e-01 -5.258782341043000130e-01
-3.434758836446903385e-01 5.253926075120780581e-01
-1.742145828820390041e-01 -7.570437906582994092e-01
-8.299482600636723384e-02 9.395208350622205051e-01
-7.650343178824328128e-01 3.989056726655223484e-01
-1.682344557063026436e+00 -2.050470347043877872e+00
3.093407377443493367e-01 1.260697547936202811e+00
-9.259025083831826097e-02 -3.154051607329507734e-01
-3.271387853600927209e-01 5.985679707907213265e-01
6.145066935796547614e-02 -3.300204482266066441e-01
6.728616170568264554e-01 6.075724827829509511e-01
1.296403341460214742e+00 3.120831330518392469e-02
-1.497384581176749163e-01 -2.718819680543433925e-01
5.774033893429039166e-01 -8.217689729931335618e-01
-2.031605682775224242e+00 -1.338606060435858947e+00
-1.464305845861067601e+00 -1.099323450878333830e+00
-1.169797624164501393e+00 -6.768243053798743691e-01
4.424774364880337818e-01 -8.917574352379074032e-01
