2.599692143839631986e-01 -9.285827924949542622e-02
-1.438024617591806775e+00 -1.380380977583955060e+00
-1.342424253831047798e+00 1.125107241148730897e-01
1.009154300279694744e-01 1.834347802479762812e+00
-5.665696315412722672e-01 -1.261024605078810756e+00
-8.718514814461609808e-01 -3.787898515746437877e-01
-1.299765241293812545e+00 1.116551793240473156e+00
2.236574972139630191e+00 -8.149147579080623371e-01
3.979011221875179000e-02 -4.870216505958794850e-01
2.270044825532098187e-01 -3.005611376088281050e-02
-4.306066932714134321e-01 7.792493285722040808e-01
-5.952185117939808867e-01 1.702828532845484411e+00
3.461362303161455434e-01 8.955120670759614265e-01
5.881646563879382450e-01 2.500990511592942500e+00
3.980749750032194778e-01 8.227194674819517939e-01
7.233518385526856997e-01 -1.249194458876638159e+00
1.085510129992601547e+00 -3.885589671142503088e-01
-1.634097200491625435e-01 6.717706452470110223e-01
-6.628358628473255409e-01 7.078597698507606006e-01
-1.278022212378642219e-01 7.849564596467474287e-01
-5.641917221294736606e-01 -1.127362542992381034e+00
2.314037391959014922e+00 7.790693142114657466e-01
-1.236053930537011070e+00 6.337378395340582671e-01
1.552071466864484828e+00 -3.375093943646300110e-01
-4.111147397376669343e-01 -1.893234396584327905e+00
2.204567493135851097e-01 8.567238058322633742e-01
3.756373894214959375e-01 4.105839839053295748e-01
-1.364622855700373005e+00 1.344318869459555643e-02
-2.194355627094091432e-01 -4.849618338833209807e-01
-7.506876488158227556e-02 -1.251181654058998172e+00
-6.091333774117454469e-01 -6.752184363221543917e-01
6.145354423960158741e-01 1.254973830924481504e-01
3.775761995554860473e+00 1.324618689577035324e+00
-4.541197064295058872e-01 2.763158712006628104e-01
2.432112220530377455e-02 -5.336210751809778996e-01
-5.050781723305514115e-01 5.298934841557123576e-01
-2.132675064007925336e-01 -1.966229815663352032e-01
1.519606569696543952e+00 -2.501428823264978618e+00
-4.042797434199828510e-01 3.973588838315783023e-01
-7.808045070369276086e-01 -9.384183702655061188e-01
-2.955286755188355485e-01 1.257020584287575626e-01
-4.907703846079335408e-01 -5.221339077834126208e-01
7.384619368141369655e-01 -3.350700278128799781e-01
5.546520427567656064e-01 -1.211617841472975687e+00
-6.213789196688627170e-01 -4.813147717179448574e-05
1.349295034431669649e+00 2.726456461032241152e-01
-7.055943070892926050e-01 -5.134781245354480550e-01
6.408586240383914445e-01 -2.538502566910878055e+00
3.259711600033304291e-01 4.082926467022092720e-01
-6.323166118601047936e-01 3.313907136310450391e-02
-6.117603882252460323e-01 5.648935424313310527e-01
1.023881623485493053e+00 1.061797596950873723e+00
-2.043951915059104285e-02 1.794285753144863715e+00
2.909187617701327055e-01 1.599283705682758461e+00
-6.405850949021281160e-01 1.099546727264928192e+00
3.284965785179933540e-01 -1.060502737338939738e+00
