1.246600262254007552e+00 1.607427378392140560e-01
9.058333451726163776e-01 -1.254703860975386887e-01
1.004501293046967447e+00 -3.530522389814216289e-01
8.387805795246523477e-01 -3.265157547893970946e-01
-5.439776032520696886e-02 -2.244809843434546204e-01
-1.072255242301728417e+00 1.804877663456469605e+00
-7.191138317483770637e-01 -1.067791639950681049e+00
6.765494161849450183e-02 4.603789748231857937e-01
-1.145560079862553371e+00 -2.105128661488128383e+00
2.354895676080950295e-01 -1.815580282668042722e+00
8.824494925169532600e-01 -3.912595127068687062e-01
1.781781088893486520e-01 -6.339527745057417230e-01
-8.135991514891027787e-02 -3.247990270464300444e-01
-1.213166631101512405e-01 5.937844346956079322e-01
1.016511886766296335e+00 2.536351427506206013e-02
4.766478722390330575e-02 2.246894792686666975e-01
2.065915670832884077e-01 1.043198205409670232e+00
4.653875142253501296e-01 7.557815788674769886e-01
-2.026630812196385523e-01 -5.424064105579886608e-01
1.690004683683770936e-01 -5.415254364918340446e-01
-7.758932468587119713e-01 -1.378962977355432828e+00
-1.249246539670481271e+00 9.147106017515017617e-01
-3.101539613020570796e-01 -1.972578054798929115e-01
-1.600457550324323019e+00 -6.711645530046626007e-01
1.456241913288717660e+00 -1.110454862817966459e+00
3.990440938024256701e-01 3.012043752216708170e-01
1.573745990554194618e+00 2.146734740975697608e+00
-4.706195116379657817e-01 2.868313127035639454e+00
8.304979446422816602e-02 9.310026705614856679e-01
-9.544455726528078277e-01 2.840400829143144290e-01
2.718764148574767781e+00 6.386725590132040775e-01
-5.563834519903098075e-01 -4.700851091474999577e-01
-9.461290228765780741e-01 7.979013571730294574e-01
-8.210086590872034407e-01 -2.116593833686407633e-01
-5.219438866749703809e-01 -2.059021003809947459e+00
6.580696991492938908e-02 1.000425847608214097e-01
8.017120868910972142e-02 9.116152085172735120e-01
2.935736075317708638e-01 2.550816156115168765e-01
-9.685947203695718377e-01 -1.397532293921160740e+00
7.056028530695292178e-02 -4.294175266525327994e-01
2.497008684390814859e-01 -5.213472667806459127e-01
1.719968001767262500e+00 1.509111654582677431e-01
-8.091420447947410555e-01 -1.046492429314813261e-01
5.899684577549173525e-01 3.068878543137862902e-01
1.543567295432704434e+00 4.128078763173902432e-01
-4.352684010420042049e-01 1.594029232912956617e+00
-2.520515868523964809e-01 -1.640475039707607774e+00
4.791905485835275535e-01 -5.294310976262234236e-01
-7.665024266955271504e-01 1.376811324759245725e+00
-5.036798968950402244e-01 7.105259758960962291e-01
7.109870627203981330e-01 8.772242247210823018e-01
1.205458879456867027e+00 2.441889456435148154e-01
-2.505484517843541981e-01 -1.572208275155170476e+00
2.149573639230563937e-01 1.995626000156257573e+00
5.274112108453593573e-01 -1.350798804103954531e-01
3.922291104151971464e-01 -7.208814136715413490e-02
