1.053492642849012784e+00 1.471652902824217013e-01
-1.754591306608026091e+00 3.208520616414103355e-01
-1.803779265574280699e-01 -1.133297758441138781e+00
2.192333636591740298e+00 -1.133003822323342735e+00
-5.012289347879891332e-01 -2.243235559964565695e+00
-1.280095689045861532e-02 -1.026641875855359265e+00
-6.796715830521572466e-01 -1.888534564042492203e-01
1.040718302610074364e+00 -3.423534558880674677e-02
5.312552621934997221e-01 7.144086619098997115e-01
-6.000286864881970716e-01 4.989293584755575828e-01
5.831976605451918427e-01 6.071073624307218308e-01
-4.254857238307760969e-01 3.468203675338326630e-01
6.897479443361874685e-01 -7.340974419791966854e-01
1.195160155734630747e+00 -8.562234474450378663e-01
-5.749617401409762296e-01 -2.910262536997261784e-01
4.811787704023161583e-01 -7.241316520572343984e-02
8.243474068930553567e-02 3.820131490390654139e-01
4.895198468646985712e-01 8.567242170821848246e-01
7.967037291516750885e-01 -8.086827178056456011e-01
1.111224230751027831e+00 -7.612346822601784302e-01
1.411774237243407004e+00 -5.616624892382122702e-01
3.334903868541291838e-01 -6.282968374239303877e-01
-1.437286939976604172e+00 -1.685705666888573706e+00
1.243880718698558319e+00 6.757261657554275436e-01
-1.248601631453893912e+00 1.867618480148569793e+00
-9.127318365310371773e-01 -5.391671735515569663e-01
-6.519141615061638806e-01 7.385749460381967335e-01
-7.842172315728320742e-01 6.692799921579395406e-01
-1.027132061236140315e+00 -6.157370903839498588e-01
7.382534531657228838e-01 -9.245179003212309343e-01
-2.613652531381016608e-02 -8.742205975780981131e-01
1.838093575525512613e-01 -4.104999616256546080e-01
-1.125687323436538767e+00 1.452263125431949797e+00
1.230690074415123680e+00 -6.347153123511564132e-01
-1.591828808328085376e+00 -8.475390912047925385e-01
-1.739291098854466089e+00 -2.736684467177653013e-01
-3.235026720404660799e-02 -1.073332572531084494e+00
-6.620192818263852530e-01 -1.555715473286147343e+00
-2.255374749369192244e-01 -2.131150404318736147e+00
-5.660662883761493624e-01 -2.804337160884806668e-01
1.720461445990394189e+00 7.177368628185308852e-01
5.495298388249660881e-01 8.517433031407843635e-02
-8.688553826951068704e-01 -9.264183176964196909e-01
-2.491551287774488102e-02 1.457732162098015927e+00
7.427978385600382261e-01 5.604449150132331248e-01
-6.660387257861473120e-01 -8.725865981464395738e-01
-5.438997305582912167e-01 5.048693571519835555e-01
5.377867216764264935e-01 9.093761434627150031e-01
-5.837746479829153401e-01 8.598272044813956017e-01
9.715780193868184256e-01 3.265645331424916198e-01
3.642062853078634199e-01 -8.363391565132141103e-01
-1.477415324265671348e+00 -5.027169589200500832e-01
1.513134684739925406e+00 -2.073020362983050369e+00
1.421763567377657966e-01 -6.928653848603304466e-01
1.058829423820485616e+00 1.367780250053963087e+00
9.293545502805480862e-02 4.354423506497314134e-01
