-4.677958990119405192e-01 -5.607216785286289751e-01
8.256655751826167400e-01 1.411009837746211248e+00
2.132722559988949051e-01 -1.432932623602328315e+00
-9.815012774825371267e-01 -2.090430659302315863e+00
-6.858082096310453846e-01 4.248930871749730387e-01
-5.086988147390510973e-01 -2.475981439626663005e-01
-2.955277617539413537e+00 -6.105989622059264377e-02
-1.068676803546454002e+00 -2.828443216959617215e-02
1.410575876852388499e-01 -5.653677558870560116e-01
-2.950322430769068416e-01 -6.197699053579193151e-01
-6.777340462003155208e-01 -4.551340833028479776e-02
-7.172653633500911674e-01 1.866961005154620101e-01
-4.442865672352857009e-01 -1.083090798600413462e+00
-2.256006996778625151e+00 9.424104830117484566e-01
-1.375408864877882831e-01 1.449274692044906221e+00
1.152966031780475742e+00 -3.878031897538705142e+00
3.967786453422810222e-01 8.364707303023020124e-01
2.326536174186080996e-01 -1.321178978408589000e+00
-1.717926443040542983e+00 1.050944528446961845e+00
7.676137725599627148e-02 1.008897451462772876e+00
-2.815995992013662352e-01 -8.548294775110621968e-01
-5.752429340194670226e-01 -1.884135962109341422e+00
-2.713998931470305576e-01 -1.108379381473367120e+00
1.244719055858123813e+00 9.869893683219663760e-01
-1.965800816494123471e-01 -6.714374084174274705e-03
3.631151082929080509e-01 5.016832118519215511e-01
-4.249435679222740569e-01 -2.982555639111870716e-01
2.715709032787298471e-01 7.641659038003018045e-02
8.633234385705079728e-01 -1.653505520752557578e-01
-1.478934937731437804e+00 -6.919675961209167392e-01
-1.347849812258629765e+00 -8.628313295621733992e-02
-2.551460393868029142e-01 2.472059618780461765e+00
2.090328789208606708e-01 -4.657088797595836382e-01
1.693437503736748617e+00 -2.724599585350053199e-01
1.213142095063078463e+00 -1.734069267656255908e+00
-5.438935526222979933e-01 -6.684834338318182967e-01
1.174582483773319419e+00 1.265810316122380208e-01
-1.091542342509376429e+00 4.549963746785431473e-01
1.296858458069195308e+00 1.403480033450738365e-02
4.359427753941350070e-01 -4.955743994442637912e-01
-6.327903659878312270e-01 -9.529032351576852480e-03
1.265926895959474663e-01 -7.307322923053852781e-01
-3.055283721080154780e-01 -6.336123555915538219e-01
-1.031563691615317468e+00 -9.965501215393157697e-01
1.455687939884990900e+00 -8.211356925400951079e-01
7.404403975527588111e-01 -3.254954695741377191e-02
7.529833966744011731e-01 -1.757898539482680156e-01
1.619965378724161020e+00 7.792890114145795133e-01
8.635576434348313235e-01 -5.178302133564220977e-01
-7.878452093100042353e-01 -7.037678675970810982e-01
2.521963968147991064e+00 4.699982922744846969e-01
8.995033857404729494e-01 -5.014241942913233441e-01
1.248691342716562014e+00 -4.640170839626843180e-01
-7.624483973819297100e-01 9.491087585820693340e-01
-1.708267322198954163e-01 2.868951385485804528e-01
9.711320773068486956e-01 2.935985781756803581e-01
