1.106507670799970811e+00 -8.718726084447109281e-01
4.124357501281611382e-01 -1.433863515131398980e+00
-1.593907016669444898e+00 -5.789425884613007556e-01
6.087398342390959449e-02 1.458811981363390853e+00
-1.877755692734695836e-01 -1.393127741092945737e-01
1.279323500548346315e+00 9.275524226695049945e-01
-1.525290525157278365e+00 -1.233295362960855845e+00
1.183000735749485166e+00 4.112363585823282097e-01
-3.049920481365031924e-02 5.726805263753194097e-01
-7.117887411045193957e-01 1.123900208480729107e-01
-8.716744679120622813e-03 -8.672489301570692755e-01
1.044497803684235171e+00 7.257596010069319314e-01
-4.681022285866092147e-01 -3.268923304732186397e-01
1.564048481062866314e-01 2.898459133077475602e-01
-1.641203194341585458e+00 1.149611419534785961e+00
-1.568934151189142590e+00 1.010973699502751844e-01
-3.090104389250373784e-01 2.196786954895996458e-01
-2.180454543108810983e-01 -7.024062348379527254e-01
-8.382970830614561164e-01 7.655842005914126336e-01
1.989225974171603850e+00 2.657501756590566200e-01
-1.028606075575015044e+00 -1.246447571523149778e+00
-8.236586014808982004e-01 -2.181231089575826898e-01
-1.178655671875034928e-02 -2.399720622509892376e+00
-1.769416995046314001e-01 1.871976019634118193e+00
-3.836817907003144956e-01 1.474410847495525534e+00
-6.655664663767876243e-01 -6.013933122414648613e-01
6.077311136620493492e-01 -9.578121323505086604e-01
7.986451106790520837e-01 2.455680002835234077e-01
-5.249811961324813564e-02 -7.260665347444390516e-01
-1.564436005072655345e+00 -1.290704127083289299e+00
2.360767807922361378e-02 5.555216990581092196e-01
1.397428902754525859e-01 7.946322590299588207e-01
1.277557462837021207e+00 -8.103048585941198256e-01
-2.670976199798346107e-01 -4.368052140087087531e-01
-2.542555727049983227e-01 8.621086707713242481e-01
-1.157711004417802059e+00 9.585431062206687391e-01
-6.358952032475300165e-01 5.056188693146607127e-01
-6.235628969999370552e-01 2.462531831525747172e+00
1.078810242972272571e+00 1.071237181101553776e-01
-4.308683269336754385e-01 -1.578065043775896292e+00
8.598905311958326969e-01 5.919375453462820680e-01
-9.373990008202367497e-01 2.952078302758150419e-01
1.586061040648862663e+00 6.138686193026479110e-01
1.058322294602383612e-01 6.694611130043053304e-01
1.367845943214612836e+00 6.899536971335539226e-01
9.418055356557223368e-01 -1.004940605181245061e+00
8.668918927489367432e-01 -7.299656536932834783e-01
-6.244600590448313726e-01 7.704549465598987679e-01
-6.516296389402254086e-01 -1.148539910388894025e+00
-6.448711204421728738e-01 1.538029411221986997e+00
-7.405422830236798593e-01 -2.205658127716494388e+00
-1.286882614102802247e+00 -5.039596242942725457e-01
1.550376227970294007e-01 -6.848832504593630466e-01
2.076233244991824434e-01 1.165512075028849681e+00
-1.238674543659848082e+00 1.590314551086977168e+00
1.022728857497330557e+00 4.519842636312705331e-01
