4.828075265421074569e-01 5.533355782891024033e-01
9.396080987908905779e-01 -5.831515258158772586e-01
-1.067111123017060237e+00 4.429860719306585315e-01
-2.418441138378394153e-02 -1.993992926156468726e-01
-1.319279540895290370e-01 1.849568446114879805e+00
-1.050839952284102097e+00 -1.379856290419102738e+00
1.135004015916807552e+00 -2.187288141134546005e-01
1.798525233780794208e+00 3.084301282205287875e-01
-1.286755756404856399e+00 1.768100795766751887e-01
-1.667777507158968442e-01 -1.406010453348507105e-01
9.215727855715054595e-01 3.673282620906005019e-02
-1.619532500539609066e+00 1.297482677100194326e-01
2.831119852658172120e-01 -2.574118071717688694e-01
-2.224316971228382123e+00 -5.960551568131960964e-01
-1.158814506666005384e+00 6.743272409109987153e-01
-2.355930321025117014e+00 3.882229931328011752e-01
3.172678658596745360e-01 4.120948931570607154e-01
-7.729674366326065860e-01 5.699197525319669166e-01
-7.571028511723097709e-02 -1.568109375807660577e-01
-1.281912261717793600e+00 -1.086755699613004555e+00
-3.588607259357062262e-01 -3.999091422823650710e-01
7.005870270297855917e-01 -1.593553861906287894e+00
5.429950990481337003e-01 1.022709674325129159e+00
-6.638909427976309452e-01 3.558273697154656356e-01
1.711379767312034339e+00 -4.007917780462445512e-01
4.817363814622901974e-01 -1.630787629275902983e-01
5.965913013811640075e-01 1.824794093726515909e+00
1.126683906922806067e+00 -1.099240898087543661e+00
-6.021659887271693101e-01 1.317396901306197021e+00
5.371916358411900072e-01 -1.089402172089854570e+00
-7.559707009732790084e-01 -6.268107765736801174e-01
-8.942335648486386956e-01 -1.666083880872260670e+00
1.397362941877796416e+00 -1.237110211997283216e+00
9.478998179686287662e-01 -8.362820850242659587e-02
1.787171535962428504e+00 3.481539465485772866e-01
-4.201067550902669590e-01 -4.911394361345598480e-01
-6.211406496791481713e-01 -7.977372798364458228e-01
-2.905513032362916012e-02 -6.963905533832783767e-01
-9.054229282323884576e-01 1.565800967924317888e+00
-7.055347805144481788e-01 -6.746605874285542814e-01
1.288169243339946535e+00 -2.130243863121038750e+00
-7.563661645646360121e-01 -1.015497277060807835e-01
1.753170643453131616e-01 -1.627331131136334541e+00
-7.465304382936900351e-01 -5.569280765519625254e-01
1.083527282582833706e+00 4.016504790716108886e-01
-7.144771244132338550e-01 1.782434497969499487e-01
4.256797886123032115e-01 -7.713877728294250835e-02
-4.667288716348561017e-01 -4.328596569667523264e-01
-3.859106146243932445e-01 6.030194022800084985e-01
-2.060215041688354953e-01 -1.530100553172502043e-01
5.178976476756445013e-01 5.725649904386122258e-02
2.188858318227994371e+00 -1.859011618143051603e+00
-5.432244562012019662e-01 1.349348873276813576e-01
1.066704070222600942e+00 -3.833234759658049051e-01
-7.094306148673107382e-01 6.152550084652197437e-01
8.912591793767102866e-01 -1.697842565462216902e+00
