-4.009063615250486184e-02 -1.746868801018975237e+00
5.342885013860736443e-01 1.395342209568261937e+00
8.299466062744030870e-01 -2.912323878256751764e-01
3.011668754058790531e-01 -3.617985647547464212e-01
-8.896385425350499254e-01 -2.989003555460629721e-02
-3.886787816412308472e-02 6.271896303863312427e-01
6.387752500461848504e-01 2.955306805940404943e-02
-2.880366071771267023e-01 6.989532084401817169e-01
-1.212362085632083364e+00 -1.821785782401084686e-01
-3.589889497462715462e-01 4.612174575730547676e-01
1.955457910776553510e-01 -1.064034779102739581e+00
1.022349189309835482e-01 2.256758666852071160e-01
-1.622827273117980695e+00 -5.068833242725339083e-01
-6.933969194528455393e-01 2.861206755581497396e-01
-2.120134268171316727e-01 -6.885624476235818747e-01
-4.525756472038640066e-01 -6.498463577064527152e-01
3.122869070047283313e-01 4.323353898691864594e-01
3.844469665117790091e-01 -1.054134058481737579e+00
1.537967515715561673e+00 -2.013525403881891940e+00
-1.050751992845972982e+00 -5.469751163513902892e-01
8.515832557379096309e-04 -5.346645528960535243e-01
-2.581585483175030671e-01 -7.008910064828950404e-01
-2.921016860706915907e-01 -2.001322623746492280e+00
2.056365067234232402e+00 2.335324128265807153e-01
-1.026439430967299726e-01 8.003244754697249608e-01
5.285307251663371592e-02 -8.281450759802394535e-01
-1.074777639979684007e+00 4.250902236054374672e-01
-1.553632870780281117e+00 3.904882754588397398e-01
-7.617652591806902684e-01 5.757727727254220440e-01
-3.702054051947295532e-01 1.415688393422108504e+00
-1.019436464259906028e-01 1.107857722979153747e+00
5.141047602105158765e-01 4.685075572668526145e-01
-1.365227302268338661e-01 1.679188092078043593e-01
-9.071181610634467818e-01 2.238351356464259201e+00
-1.044253093578453750e+00 1.830119273685611558e+00
9.638848174750646036e-01 5.793443262505474367e-01
-8.238755617355781879e-01 -1.844297424051748235e+00
1.366648290350361616e+00 -6.510626669120388454e-01
-1.154427665578538376e+00 6.251439600879648006e-01
-5.195107292745256844e-01 7.316105167576447688e-01
-1.178703983379082665e+00 9.047403553645247953e-01
1.738358959466867470e-01 4.335077576011845402e-01
-3.084182466320212757e-01 6.725288825131580106e-01
1.576843896250389010e+00 -3.450785584999552236e-01
8.633989253944960307e-01 -2.469826608481544006e-01
-1.052555981711510880e+00 1.590775137954619500e-01
6.736969910131900274e-01 1.123787847061037681e-01
-2.122881176610466603e-02 -1.114905035014686963e+00
-5.548710635473856900e-01 -1.360432368691333327e+00
9.095861088222894075e-01 -7.628719291263998947e-01
-7.584975517126087974e-01 -3.355978400203570855e-01
-1.674315153353242991e+00 -1.338392462738084709e-01
4.014879594981170252e-02 -1.569398846447817020e-01
3.121666677457442529e-01 2.598119936469930891e-01
4.598510381555936943e-01 7.857351700661976412e-01
8.961328394491975269e-01 7.452382890947272243e-01
