3.902688782065761308e-01 3.407911127923395345e-01
7.761097849697756734e-01 -1.235691017181202028e-01
1.536988293523744220e+00 -2.799917661737171826e-01
-2.777217084688042292e-01 5.006638177550697399e-01
1.220003607336034746e+00 8.971395688248446909e-01
-4.648042531523755572e-01 9.540889564465969697e-01
8.682241257875632501e-01 4.698591572555255724e-01
-5.736708105604352292e-01 -1.894204047115441436e-01
9.812791749590137336e-01 1.318014630353714134e+00
-2.131131416780094878e-01 -2.164815120602196163e+00
6.506068605005380645e-01 -1.144325037931594874e-01
3.652151830910499442e-01 -1.033681954434386707e+00
1.075398968238905573e+00 -1.372856042581291236e+00
7.426707761356753368e-01 1.865832514017031984e+00
8.169296062994112484e-01 -1.818808670065320543e-01
-2.059222669671361555e-02 -3.911816109415851977e-02
-8.362851976162040124e-01 -1.220100727890390591e+00
-7.219073967186045993e-01 -5.642040457941700504e-01
1.221993502930518671e+00 -5.885340571821867650e-01
-3.863865866963272500e-01 1.782687415737814196e-01
9.723036096986366061e-01 1.525576046520227491e+00
5.014112620499816542e-01 1.675244430032901244e+00
2.688518480022257795e-01 -4.621141886205248905e-01
1.544887129377286727e-01 -1.856825558108918139e+00
1.909956203384528983e+00 -1.820707505590534181e+00
2.165065067484771844e-01 -1.544578180451673666e-01
-9.072054698506927251e-01 5.138022745819652570e-01
-1.242769566408674420e+00 4.300328811035808441e-01
-1.536895320396708224e-02 -3.129256993598283909e-01
8.719684825740514622e-01 -3.374393378418479861e-01
-5.723191140938735932e-01 1.013179156796214786e-01
4.465754219535861963e-02 6.375328493236335214e-01
-1.045549704249148837e+00 -9.620793596665877523e-01
-3.210701591847018310e-01 -2.427453181581762376e-01
-7.864824941563178795e-01 5.874934676353530394e-01
-2.016539113620177570e+00 1.322126161213878041e-03
-7.159141169387259751e-01 -5.610035562905323070e-02
5.990493155564775574e-01 1.410267101556308411e+00
7.769501579275827075e-01 -2.114780108842953865e+00
-1.714304408279233305e-01 -1.608372838021731477e+00
1.537912070506176399e+00 -9.590755537877414527e-01
-8.852862664472835874e-01 -4.665419356290657904e-02
6.194549235785399288e-01 -9.136208344096813372e-01
3.093749102949295282e-01 1.489165914401537061e-01
2.021537172070294319e-01 -9.894719313197805066e-01
-2.695259016434711219e-01 9.407046186645039443e-01
-2.331690048195628862e+00 4.638986881181386135e-01
3.639529426403278478e-01 -2.086287727532112612e-01
-2.189341346032155133e+00 -1.508496745568087771e+00
1.353364623174963199e+00 -1.206470720710397071e+00
2.334106889595551418e-02 2.740386442908708253e-01
1.519886110046893446e+00 7.500817809282928073e-01
-7.158742860854661050e-01 1.311544414062892683e+00
-1.197594784336032836e+00 8.950024222144281616e-01
4.523373613750074629e-01 6.887950674308310206e-02
1.764204967958187042e+00 1.325168271470790637e+00
