-1.180554848810579482e+00 6.155765419860709242e-01
4.166838690861796035e-01 -4.838117331569941060e-02
-1.750611814923806742e-01 6.995542981013820327e-01
8.752103854959463192e-01 2.976059459370483218e+00
7.601314106764166245e-02 9.012794610235211890e-01
1.793261192972874341e+00 -9.466648461019746552e-01
-1.374466669780694428e+00 6.869607791284878529e-01
1.375236222201470460e+00 -8.255988537441636896e-03
9.204235014176365137e-01 7.504657376709844563e-01
-7.652303507218157774e-01 1.567896224535384686e+00
1.135808422919601268e+00 7.334800283172185908e-01
7.375253911901820114e-01 -1.263095413152563351e+00
1.488455375513319245e-01 -1.109426266971019759e+00
1.997952553356697192e-01 -2.039936382752182809e+00
-2.040625287648046626e+00 9.228349170510274924e-01
-8.251931310741473791e-01 1.045107352618633412e+00
3.586133049971722553e-01 1.355872546931569415e-03
-2.583828880242768911e-01 2.226169869750190156e+00
1.054595250425409914e+00 1.050364503031679719e+00
-7.193109952260674511e-01 2.541913166440044614e-01
-1.091182710749653229e+00 -4.630567194078903381e-01
-3.568165055596759228e-01 1.117430187203473313e+00
9.764912159863625707e-02 -1.402842117752055584e+00
-9.143266214055267849e-01 -2.341019399402725631e-01
-1.087510445205689402e+00 -5.789413946214868600e-01
1.289572940057202466e+00 4.016487063705096450e-01
-3.215875555587471291e-01 -1.966666164699021335e+00
1.931427445154103806e+00 4.435551532813536979e-01
2.296823996015853464e-01 1.188929559874496028e-01
8.897431292350496124e-01 9.265019286346556360e-01
-2.829697447349103445e+00 1.318180156008390003e-01
3.362777503837732773e-01 -1.543694334938238377e+00
-8.413866133028341521e-01 4.225324616120985921e-02
4.106672825219426920e-02 2.655045181289906325e-02
-1.431291993274029332e-02 -1.592438357818554806e+00
2.155332065277087317e+00 1.212868504269521308e+00
-2.994425036448591926e-01 9.343929710080265405e-01
-2.473995699522161806e-01 -8.564991798512217036e-01
-1.841497773172802388e+00 -1.697559682344183529e-01
-3.733534545291232742e-01 -2.631265858968357407e-01
2.543759195093903691e-01 -2.342643271116237880e-01
-2.569985233372101607e+00 -1.331976700934252245e+00
-1.068082373240629934e+00 1.120200292883019033e+00
1.481912620175579731e-01 -1.185761437200764656e-01
-2.364793859930289344e+00 -2.111583282272499140e+00
-4.583128585572328606e-01 6.093963988703551271e-01
-9.931590212311410815e-01 2.049413091156179423e+00
6.497290221353665962e-02 1.139694410596950140e-02
7.330236104891906246e-01 1.309192330471518284e+00
-5.652477621969854704e-01 -2.970797120493642862e-01
6.434167815782530775e-02 1.430221548400081089e+00
-5.657280354217884139e-02 7.213531374330972579e-01
-7.316446509681528987e-01 -2.728579066529372099e+00
-4.910188952848983102e-02 -4.625358851705177292e-03
-1.366469608035022265e+00 -5.192387147782431267e-01
1.928939603605698272e+00 1.352403348082226842e+00
