-9.420391894171176173e-01 7.382529241362318917e-01
-5.796842764302072987e-02 2.031526535892875351e+00
-9.114725871697713921e-02 -5.937229716097986998e-01
-7.211128066856412611e-01 3.289520464201171057e-01
-7.918414843363337230e-01 4.079729109262389963e-01
-2.403117301419841478e+00 1.167913897043571403e+00
-2.786222183366304783e-01 4.162650238554502224e-01
1.109563830957362773e+00 -1.325029570235634280e+00
1.796297487582346752e-01 8.621225429906502757e-01
-7.870189102349521570e-02 -3.368496535008095316e-01
2.537425893653227904e-01 6.284102247743429404e-01
1.818607642966320326e-01 -2.006076095614429261e-02
4.232445404282519363e-01 -1.459141477147370525e+00
1.469506157090889886e-01 1.295144372653100007e+00
-4.628420066931469012e-01 3.184791605135672277e-01
1.155926780464597625e+00 6.602822902474105859e-01
1.798984266780044416e+00 -8.861482777970174363e-01
-1.331854637354804138e+00 8.250035642274931025e-01
-9.723004359338651703e-01 -1.563557851613923910e+00
5.168893678819654891e-01 -6.419974380583914897e-01
-7.540221158554999414e-01 4.272262769550229655e-01
7.732051294752881887e-01 -5.905410941353776977e-01
1.099783046095614836e+00 1.107104937049782967e+00
-3.450607059603726795e-02 -8.731470542547217217e-01
-7.433744586413054689e-02 -4.142220730623106806e-01
-4.523227730437638927e-01 -1.670854891177117607e-02
-4.099324359417124142e-01 2.078760874268708037e+00
-5.134121242968976429e-01 7.313151593216921098e-02
1.893871785476290093e+00 -8.233320209501908404e-02
1.209727110706784847e+00 -7.892609124101027662e-01
8.612748930146538195e-02 -8.850622319929628556e-01
5.945263334637636010e-01 -9.248977688361291472e-02
3.898202327020666713e-01 -2.111334382894155259e-01
-5.069762376569222351e-01 4.566028911442060467e-01
1.695349380802410488e+00 7.885195276171410583e-01
8.035186064883398371e-01 6.306841139089990333e-01
-1.763401224884550700e-01 -3.444722826068311039e-01
1.049590151655137138e+00 -1.525547803977947980e+00
7.325977733101985967e-01 1.283462976179970072e+00
-1.128632267933227240e+00 5.667985822292450626e-01
4.809260573971577135e-02 -1.765120020680865931e+00
6.926389829017322031e-01 -1.257809681310536609e+00
7.590119379349310469e-01 7.591874670043778917e-01
9.755937112064926309e-01 -1.803934235015196785e+00
-8.997802801360078595e-01 -1.483566868237544134e-01
-4.801626320883358168e-01 8.098417884330900984e-02
-1.458466163199713561e+00 1.163180344792395099e-01
8.655082542420557135e-02 4.982330626500401372e-01
-3.606002067120096521e-01 2.534541439175336253e-01
-7.771041214903752214e-01 -2.020202369945458543e+00
8.932866721800512000e-01 4.460293863134217468e-02
1.282305757067303265e-01 -1.344215904636566039e+00
9.134200600969846207e-01 -2.722570082226182242e-01
-3.530270672086195938e-01 1.907943287961521905e+00
-1.803314036494215511e+00 2.149825014974833803e-01
-2.258763037929476525e+00 1.875413977398982190e+00
