2.408930179403292016e+00 1.353844109484062752e+00
1.959469407969320898e-01 2.548124674601508488e-01
5.362859343398227452e-01 5.580328517097711272e-01
4.249016480641987781e-01 3.823648748065868741e-01
1.894181513011226892e-01 -3.593801965665204268e-01
-1.235262825590436098e+00 2.682961967331338321e-02
-5.547675913014533250e-02 2.350705052831875697e-01
-2.145260020430221903e+00 1.162896950928822726e+00
-5.282194751713639169e-01 1.891888295278581489e-01
1.455349029909170921e-01 2.253840184247163647e-01
-8.013144282057510503e-01 3.786781237098154063e-01
5.799635038885655458e-01 5.156895703922006469e-01
-5.600749921174579260e-01 -5.256761002010881256e-01
-1.455296608664648828e+00 -2.695845110506537301e-01
-1.122276885612267572e+00 1.177031332656594209e+00
-6.731559232318184982e-01 -6.847995688518304647e-02
-2.657885566815769707e-01 -1.361431848863360328e+00
-2.808558634083073158e-01 -3.026437651298994891e-01
6.657652367797419757e-01 1.887606315592166573e-01
2.270339849977890623e+00 1.483739499967077435e+00
2.049001576595635421e-01 -3.029969002963087688e-01
-8.903886937387649469e-01 5.038252554139133199e-01
-1.202800870001209388e+00 -1.264239257784676385e+00
-7.903470238151295568e-01 -9.238728526188187962e-01
-5.099714433383523149e-01 -9.411229036079864496e-01
2.679694899182939460e-01 -5.439007986172441633e-01
-1.611144024964469512e+00 1.083542327462107657e+00
8.310228964262159623e-01 1.577604230946153097e+00
4.593278939509735648e-01 -5.832071968370490245e-01
-1.075187868889593057e+00 1.408762658068092755e+00
-7.588952518186526941e-01 6.179784427507258870e-01
9.559253508960291468e-01 2.466014731278516336e+00
-1.834103881942120262e+00 8.511687553933334760e-01
-2.386350619912568916e-01 1.276529091233325586e+00
1.457957007573958963e+00 1.897478377847670317e-01
1.866055993670520108e+00 1.463921851729209189e+00
9.047003657958450074e-01 -2.120261863662536328e+00
-1.314531391903533741e+00 8.115243445801836319e-01
-3.493155156459242794e-01 -2.190162597960236379e+00
9.870114056431940064e-01 2.630873980715688343e-01
-1.176144699363333990e+00 -9.920378306439726901e-02
-1.081966305159852482e+00 -1.267003892179825453e+00
-7.267240642486346713e-01 -8.625061072719070188e-01
1.468433974365142003e+00 -2.437022077284608790e-01
6.402010015922748876e-01 1.390979760212361915e+00
-1.417745373498682904e+00 1.669596267972919545e-01
3.074156060179129124e+00 -5.816657757290907282e-01
-1.278649722450269532e+00 4.054216063886003640e-01
-3.742813179345027552e-01 4.520796380101622103e-01
-1.180894138601465970e+00 2.313625964250703437e-01
1.303794138469821950e+00 -6.701386708534976533e-01
-1.119145548378666533e+00 -4.790277680067988458e-02
-2.065677041313746798e-01 1.334875002178565140e+00
-9.399931560842178513e-01 9.363400544427406824e-02
1.257012562716020021e+00 -3.167563079620434041e-01
-1.010254471550274147e+00 -2.879876941749421326e-01
