1.423681092946128102e+00 1.233534077499265358e+00
6.048179226426266819e-01 8.062347191053459428e-01
3.839742760133961763e-01 2.336977843178051351e-01
1.760035249555932602e+00 -3.348320694662771380e-01
-9.730201844345756079e-01 -8.086104117363103194e-01
-5.760248156522060903e-01 1.717281910871552020e+00
4.734215454263349110e-01 5.227688799800505048e-01
-4.205220382334429186e-01 -2.579810770056650271e-01
4.928448297709445841e-02 -1.929471408312107172e+00
-6.912872516371243448e-01 2.625114519921332601e+00
-1.304939641842912945e-01 -4.589113838093360487e-01
-6.950035837374316516e-01 -7.608603525586000726e-01
-1.247587010536541197e+00 -4.989347510873353708e-01
-1.112414518408006425e-01 -1.139623549868595598e+00
8.837129438637776335e-01 -5.736862465548442369e-01
-2.623548231168679745e-01 7.263878043639809823e-01
-7.488881344401003559e-02 -2.069272440264945168e+00
-4.238276041915914338e-02 -1.847296685958340401e+00
-9.393990726096780319e-01 -8.682090194542981809e-01
1.126698720949233401e+00 1.159228908027593041e+00
3.759048578229803317e-01 -4.561745651674706942e-02
6.294517079166109808e-01 6.356070451533519794e-01
4.581157988374307544e-01 7.595060454899218438e-01
-1.355062710025077166e+00 -9.066211308624448906e-01
-1.361135500984173019e+00 -4.533031234767225803e-01
2.002552991064956555e-03 6.381082096399663672e-02
1.178639576431989688e+00 -9.294661989746396680e-01
-1.154229608011665853e+00 -1.582330747064587095e+00
1.265600883918540642e+00 -1.035910739934500779e-02
1.482258930689444254e+00 3.927202143366470000e-01
2.399016884877666289e+00 -1.386965790626420114e+00
-4.627003657768692935e-01 1.388118319896765263e+00
-5.200816706101514253e-01 8.406962805622520962e-01
-4.285647739056480665e-01 6.677222951610348733e-01
-1.869466826493844380e-01 -9.918039671719341976e-01
-1.283230477741946096e+00 4.841530115618878916e-01
-7.320195176193320385e-01 1.571148248845523288e+00
7.730938211972651075e-01 -5.091070460289666144e-01
4.490469677957105721e-01 1.299461676455344050e-01
2.403893416246636328e+00 2.064569692113578936e-01
-5.107768139516565276e-01 -1.854333258123955774e+00
1.376921535842957067e-01 -4.491937501265816923e-01
1.058531868435623746e+00 -1.106170254177772705e+00
1.565392521826544536e+00 1.462833396568063993e+00
1.295295762143902074e+00 -1.943471778167832564e+00
1.669348583831238297e+00 5.308299091471239128e-01
5.342975674912858741e-01 -1.048025495687026742e+00
-2.306198797779171472e-01 -4.055070340201645251e-01
-4.335787588109972779e-01 -1.817694373587388279e+00
-1.050463976505694008e+00 2.482464853153492912e-01
-1.651900358297579752e+00 -5.097824183106763885e-01
-6.696306501904533137e-01 1.356093146578394526e+00
-8.151885533248829363e-01 -1.105963113351618343e+00
3.763469951965597859e-01 -1.410780363696065187e+00
-1.283864711852298557e+00 -1.046228986525432392e+00
6.142873070695203941e-01 5.716314805228599472e-01
