-1.124195839244768624e+00 -1.235356454095100087e+00
2.911111508614844245e-01 3.631313014436705067e-01
1.642282008894863532e+00 -1.471500338973247946e+00
-1.789111500114464404e+00 9.498866916068661181e-01
1.433838003057657795e-01 -6.455585928409576235e-01
9.415134447578190624e-01 9.916166275034322686e-01
-6.510310734307318548e-01 -1.625586627272109563e+00
-4.660847346169328942e-01 1.359876307588971656e-01
1.113547185556095220e+00 -7.973406987686873504e-02
-6.155220170554734915e-01 -1.617102194052426889e-01
-6.544613840485405398e-02 -1.027243162338719928e+00
-1.805754598644597975e+00 -5.689172836664299071e-01
6.707226389117492138e-01 -1.073233781852641178e+00
9.885162180319596592e-01 -5.796656075525770113e-01
1.344535827754565371e+00 -6.485170509645900028e-01
-4.133676353203253329e-01 4.754747825513648274e-01
-6.692701957432735105e-01 5.571341078853764284e-01
1.226489765094834761e+00 2.200695986371936197e+00
-6.334254022302667764e-01 1.012451518811201101e+00
-1.104887350263957346e+00 -8.294121559667044785e-01
-9.565575526926014538e-01 2.044830996700455761e-01
-6.803724723412775122e-01 1.925807712544389982e+00
3.833789361796055006e-01 -2.228954864406405834e-01
-4.337915336995220028e-01 -2.179702342790660330e-01
-4.276381854481273170e-01 -9.536953283416191862e-01
-1.530377199115709574e+00 1.556870474816120509e-01
-3.117116828018718366e-01 -9.266086398983613276e-03
3.048776622300254924e-01 2.377926346084382747e-01
1.658289741046816701e-01 1.550283739079269313e-03
2.700022820332880880e+00 -4.212502298620470625e-02
1.300390357967942556e+00 2.846136277399515246e-01
3.152124830538706179e-01 -5.736362617431889355e-01
1.463519532581927240e+00 2.403198322150446320e-01
-1.133856675661709668e+00 -1.839256724471135251e-01
1.478843715613052501e+00 1.000303174639003645e+00
-1.027528475698354482e+00 7.348877606550818786e-02
-8.886851548549149493e-01 1.137998629757246832e-01
-2.551003109552684722e-01 4.645191255462262636e-01
-6.696970175944912951e-01 -9.871667021280167154e-01
-1.220686730956115129e+00 -2.876084789628194360e-01
-2.013670602528153442e+00 1.287771213753214239e+00
1.788369603907014604e-01 -3.941616619241175012e-01
-1.558062021897935523e+00 -9.373748288565740827e-01
-1.258964282100505372e+00 1.087384239868576519e-01
3.083857515098787916e-01 4.327201854229179023e-01
-1.251866126771817189e+00 4.799803116866189212e-01
-5.828031526881344293e-01 -1.330176953535142648e+00
-1.015006099928268624e+00 9.046103323534121499e-01
2.055165208742153027e+00 2.458243615028205542e-01
3.303195674012538441e-01 1.020237303771998949e+00
-5.939097247189271123e-01 -6.356837832688937429e-01
8.170002015490529512e-01 1.252619658974688299e+00
2.224692167221856920e+00 1.160618005402263286e-01
-9.257693654655497761e-01 3.888886375965854847e-01
1.663137428532952988e+00 4.560820639616264272e-01
-6.368544064662795545e-01 1.452548460419246013e+00
