1.940554867908550196e-01 4.372918458022115318e-01
3.439559221868289662e-01 -1.265502722158234894e-01
7.365322453320546914e-02 2.285468680251577511e-01
-7.434649023482616803e-01 4.197121203384587829e-01
-7.973377353695326741e-01 -1.412973308851985355e+00
-7.661302970605901597e-02 1.252682223696947927e+00
-2.097162433567021089e-01 -1.940985874485751550e+00
-1.473473832506456693e+00 1.488142201912516782e+00
-1.102566458594828935e+00 5.329234831688133278e-01
-1.904774533572764383e+00 6.756279407695156003e-01
7.879562996598643565e-01 -5.690324676423941241e-02
6.135544271832364949e-01 -4.879534743593151869e-01
1.270765224508556279e-01 3.811861211684720030e-01
-8.500277263652431525e-01 -1.134253731457273817e+00
1.010049638224034929e+00 -1.060911545334448647e+00
1.197243160644428928e+00 9.955515127078298221e-01
-1.659976204854259674e+00 -9.304979221585131244e-01
8.179840151887760591e-01 3.063306660780832358e-01
9.380494915474664186e-01 -9.174579113013575649e-01
-1.910758533671500281e+00 8.797476261397184361e-02
2.505241667265909467e-01 -1.638045348003231316e+00
2.606986256543779135e+00 3.023075482500154898e-01
2.356048129259923574e+00 -2.217411853074386097e-01
-3.951884638609278744e-01 2.956746188962001698e-01
-2.188102603786109407e-02 -2.145685885949085436e-01
4.380491942297336516e-01 -1.377217618195176074e+00
-6.471126820651562639e-01 6.611905201019581402e-02
-6.348748413755154196e-01 1.797238945247928710e-01
-6.951109808604489793e-01 1.451606772839435511e-01
-6.293518531270620997e-01 -6.002774099231138472e-01
9.793009083303844814e-03 -1.003176581232413600e+00
-2.445620314831886244e+00 -6.020312717516206336e-01
-2.082839704902307021e-01 1.309094125335212189e+00
8.221097255307907581e-01 9.651992556852052874e-02
8.166733634958922572e-01 -3.919686125110636438e-02
-1.631292144936871136e+00 5.066503257858062659e-01
1.697759874608349984e+00 1.322742830671091552e+00
2.128602302736843921e+00 1.555692476965659710e+00
-1.096820294273112451e+00 -2.453852116844799536e+00
1.236973091252114632e+00 -8.927444921795515409e-01
-5.275590901130687849e-01 -1.340141634061781994e+00
-5.122455486853534357e-01 -4.421811401281229292e-01
1.265572324963753215e-01 4.763809879676507153e-01
-6.379544979047747644e-01 2.919269010386352781e-01
7.630503625403717294e-01 1.486880951406421847e+00
2.188858681999957145e+00 -3.917536645385893967e-01
1.197652225831715989e-01 1.703232906764493571e+00
9.370283031835043852e-01 3.141984455025585432e-01
-7.831762960356092318e-01 1.816622852091432039e+00
6.970006005217096456e-01 6.130349184954287933e-01
5.418197683648880991e-01 -3.231959127155161760e-01
1.070397264398699422e+00 -1.764624451229444002e+00
3.657027900370283247e-01 -9.650447363873042583e-01
1.578016153839220115e+00 -1.277729992990045638e+00
-3.775432828588931589e-01 1.030815328391107455e+00
-9.131150275761036605e-02 1.078952874094617487e+00
