-9.597466573535781698e-02 1.300608224196959206e+00
-3.567589851502486753e-01 1.309778476653485901e+00
6.150109290563229303e-01 2.743411966280928649e-01
7.630757460777567447e-01 -2.977334889955160144e-02
-1.192734673973590898e+00 1.721512111926696509e+00
5.019601194349972983e-01 5.517403057754751705e-01
-1.268218648130412740e+00 6.387749695206041967e-01
-7.209276126699959431e-01 1.009205511459536631e+00
-4.631238058536372715e-01 -1.733402416348026609e+00
5.243952354364049828e-01 -3.137032906836265123e-01
-9.759149691554744876e-01 -8.151770039772749943e-01
-1.430298761368360871e+00 -4.765310058425498152e-01
-9.228486650898666266e-01 3.638313387459731763e-01
-9.208912789763642470e-01 1.504993383191645329e+00
-7.498926345355269030e-01 1.932193961213014288e-01
3.594424995009931623e-01 -2.664771983539671041e+00
2.294958097278654741e+00 -1.151457261602160109e+00
-3.736676785138203782e-01 -9.321772468956037727e-01
1.978874838474185882e+00 -3.107395196486362199e-01
9.116746712038683587e-01 -2.538955222555572266e-01
1.028610014156957214e-01 4.299165767786872205e-01
7.719823416942095395e-01 -1.235372696625166800e+00
-2.542016075564837441e-01 -4.501557598131244453e-01
-1.272219759874223755e+00 -1.058026753624938809e+00
-1.019200908781028536e+00 -1.243023711141478360e+00
8.469840802033282712e-01 -1.511191292740787118e+00
4.374150964149896015e-01 -7.202408242908958647e-01
-1.450134071920639034e+00 1.152244179810273605e+00
-5.586393819357701185e-01 -1.518302604716706972e-01
8.410056508146617205e-01 5.339083213389234084e-02
3.327714817977834860e-01 1.000757428041160191e+00
1.782157267453623906e+00 -1.788697626166295962e-01
2.206629232624388592e-01 2.602592902017750176e-01
6.965843383993439719e-01 -9.573592993207437063e-01
1.190022406793781878e-01 7.163861254053838223e-01
-7.877402083230646834e-01 -8.160005030789853064e-01
3.864866662028259570e-01 2.195334699454159377e+00
-1.570741646908424827e-01 -8.670198083353091167e-01
8.112382366373961373e-01 1.543065946973156688e-01
-1.053822116724525831e-01 1.293945569598501155e+00
-3.792475730291274827e-01 3.482392988991958038e-01
-3.159459811098327964e-01 -1.781048615826279047e+00
-1.529880515376071670e-01 1.473883076112516288e-01
-1.548006770706356283e+00 -1.629080398159638454e+00
-1.288254176296933284e+00 5.661445636815034543e-01
-1.409847481438803785e+00 3.015615983044812598e+00
-8.293374739510372962e-01 8.764595102006428329e-01
5.685180879855493696e-01 -7.740906442844599500e-01
5.105827769487901735e-01 -6.435900865871924115e-01
1.628215758202654351e-01 -6.228081909009535594e-02
-7.575882779889789864e-01 1.357859940402142973e+00
1.696208370259627285e-01 -6.577189531813536494e-01
7.358433151362763214e-01 -1.165140868648098182e+00
7.847693380239750827e-01 -2.010881377811847948e+00
9.643338679498659749e-01 -8.056418319398249706e-01
7.237195491550963977e-01 1.019981526979034880e+00
