-3.067972018745213636e-01 -9.997571508114051486e-01
-1.764729704081593242e+00 -4.617213039793252038e-01
-2.010113450493732135e+00 4.718143029942468147e-01
7.870298624308045277e-01 -1.121064626084141924e+00
6.904151574071524244e-01 -6.715407593448935453e-01
4.176007641504497214e-01 1.224296438545827703e+00
-5.707114084732809456e-01 -4.559927828802901040e-01
1.216045326214365563e+00 -9.907066971689214574e-01
-4.268862357411292718e-01 -1.101637146894034247e+00
-2.504368307607944377e+00 2.044121891121606083e-01
5.177358575266447493e-01 -5.021839019353226963e-01
-7.915087723519461660e-01 2.572487426762654072e-01
2.182248860963923676e+00 1.013443036180055490e+00
-9.302151943350641661e-01 -1.758778131922024979e-01
1.032332796312141587e+00 -1.696011186976886354e+00
7.950883166369133725e-01 4.187834875419967906e-01
-1.270461288963707913e+00 -1.744391202386990844e-02
-2.909250025568655973e-01 1.212529421331258288e-02
-1.430402132678208815e+00 -4.021034998871879651e-01
1.551041788716539249e-01 1.831592552311925304e-01
-3.455749392657633812e-01 2.854962100593347318e-01
-6.246211366858498426e-01 -2.209247069000047636e-02
-6.800418251780573353e-01 6.177392688265291865e-01
6.535012307674961107e-01 9.320102166084262008e-01
-1.486023815715584347e-02 -4.640167464347274007e-01
4.164645791931381180e-01 -8.307572953230996093e-01
6.286102962708152164e-01 -1.256419032882601927e+00
-8.640733962444786809e-02 3.622119250107324606e-01
1.384524814771229240e+00 1.894126863423905571e-01
-1.823604804206515606e+00 1.224045807698333155e+00
-1.227745834269684533e+00 -7.216245921240244110e-01
-5.055509722994790955e-01 2.154442187038271506e+00
5.102925853168477355e-01 8.759289339208038427e-01
4.595520844895314427e-01 6.661389009703437836e-01
9.004101138696853912e-01 -9.995038621855724115e-01
-2.843022812653701603e-01 5.750535074798029944e-01
4.559630834825355028e-01 5.397738120418392738e-01
2.169861202332285521e-01 1.460149612891681992e+00
-3.178566032132345565e-01 2.057083055840466912e+00
7.458610221068844304e-01 4.459316532818419776e-01
7.882318775721679494e-01 2.402219774427835297e+00
7.344999086138783717e-01 -8.031814007740094574e-01
-1.866636152995557185e-01 -3.714887128475105604e-01
-7.949181665607862879e-01 -1.419351673904440059e+00
-1.770620133513646444e+00 1.211247841480908027e-01
-4.076033143015976301e-01 2.360620846027444986e-01
1.357514349303046430e-01 1.942176991627282190e+00
-5.138153772705339462e-01 2.202999090221109957e-01
-6.356303736870623222e-01 -3.978137381647822712e-01
-3.147960452423149702e-01 9.378298689729464011e-01
1.576928659596505744e+00 -4.235768670128375879e-01
2.173020741669102751e+00 1.886046102139472991e+00
-3.533544716073054592e-02 -2.069146206667090038e+00
-2.960000441535606819e-01 -3.454426607190027032e-01
1.633341181845885670e-01 -3.910781574827498774e-01
9.693176167687866940e-02 -6.850235433975314647e-01
