-5.416198229839194189e-01 3.080222433064293552e-01
6.214154149732080690e-01 -5.917921009629285578e-01
1.312873844297641091e+00 -2.203166980659438667e-01
-9.553106705687116618e-01 -1.578273668809196728e+00
-5.814936721516180684e-01 -8.386443210869559683e-02
9.450136394743959833e-01 5.998058398599981356e-01
8.912237483511736835e-01 8.294280073706797318e-02
-1.024549414924126989e+00 6.354391637926821712e-01
4.374300880417433257e-01 1.240818941319571156e+00
-2.875015610123228538e-02 5.740904213648824195e-01
-3.129055631710697671e-01 -1.535303128195513421e-02
-9.536761044697593670e-01 -1.616052426982705237e+00
-6.667699712997363637e-01 -3.520797767898773412e-01
-8.792182894875634480e-02 8.001879866837459110e-01
7.617925609366758832e-02 -3.840997044631328516e-01
-3.075341218801711518e-01 2.081101799269710284e+00
9.336692466596347995e-01 -2.095341284305057172e+00
1.126083574273491206e-02 3.941601464642567332e-01
2.884076306550524826e-01 1.954497062334943358e+00
-3.500005340116152941e-01 -9.908458933459632911e-01
5.907668860487038653e-01 -2.652666780595122065e-01
6.080085459750222965e-01 -1.213858506794840419e+00
6.660353867061454824e-01 -6.045916671714285373e-01
8.179854288024700493e-01 8.655493297786849283e-01
-1.546558961534495180e-01 2.345946539793712371e-01
-8.953553262259610346e-01 -3.038872100343985028e-01
1.145206700746063122e+00 -7.403646353978389216e-01
-7.315010725114141632e-01 -2.761062444741767541e-01
-1.341929557135083384e-01 -7.499230105579792749e-01
-1.529832439191293636e+00 1.377006313983683672e+00
-1.598856640532860363e+00 1.838744089946676707e-01
-9.116896181114148012e-01 9.670795370541365177e-01
-3.380447603634954001e-01 6.818353180992787754e-01
7.585001522581210631e-01 -8.139516564246714880e-01
-8.906810902839725763e-01 -1.296494185856831960e+00
1.270031227556430942e+00 -2.463018471776678708e-01
1.546231275876347899e+00 4.857542336711618836e-01
1.419559906146602879e+00 1.482904895877718898e+00
1.914558597817183627e-01 3.154387366698021000e-01
6.083791169148674571e-01 1.499880083149628840e+00
4.511761465763064471e-01 1.435501825125844455e+00
8.389657217834141090e-01 -4.474648488481246938e-02
1.004052382628703777e+00 1.653089112684885675e+00
-1.149662180603357120e+00 7.380145212299936697e-01
1.118958184138234779e+00 8.965682066276420281e-01
1.815935321801324109e-01 5.310502822149935076e-01
1.192442923209442673e+00 5.224014406618697759e-01
6.220792901001970243e-01 4.667051046768301292e-01
-1.322918567748095686e+00 -4.945223509608556722e-02
5.406617396457923386e-01 -1.711412755626738669e+00
-9.584213178527255517e-01 4.699277838590441847e-02
1.299515207617539803e-01 4.988605604326509235e-01
5.348429018137453861e-01 1.333158197649553234e+00
7.239977207560349681e-01 -7.766358898459868598e-01
-4.370768600764641382e-02 -1.395136019142237949e+00
1.100975558675367783e+00 7.970798087974459989e-01
