1.908890571586569829e+00 -8.066728266540141856e-01
1.098009933476458588e+00 1.063140831261542463e+00
1.212343410245742215e+00 -1.995189628451927266e+00
1.149322750527811188e+00 2.522752438426467680e-01
-8.836954491421019631e-01 1.556852298072313845e+00
3.503362854505257529e-01 7.453656073606549359e-01
-1.313187241857984855e+00 7.269118614059210115e-01
7.026907215628789283e-01 -9.065054223049394677e-01
-2.121641111979310212e-01 7.476130696620521265e-02
6.826943191827836710e-01 -5.851336003897896765e-01
1.600917829933008241e+00 -1.876898589773049908e+00
4.401061462342950592e-01 6.171733951989368805e-01
-1.680357569830738806e-01 5.669388618921971101e-01
2.333398374859445568e+00 -2.724117901126144048e-01
3.315246630820508633e-01 -4.455073309175584528e-01
-2.125230190893144244e-01 -1.105614952042760724e+00
-2.228549009889800314e-01 1.130169377119409013e+00
-1.617627261684775331e+00 1.590436820161825748e+00
4.943531812359808209e-01 1.070101270748220701e+00
7.664264008943916240e-01 -1.616230644358386037e+00
2.041573237684692899e-01 -1.293359712597823341e+00
-2.890020531453628139e-01 -6.360123212944464033e-01
9.750528017227537703e-01 -9.087815175298101789e-01
-8.441781949036617494e-01 8.560470966805138193e-01
6.541231475131562556e-01 -2.207734684785617463e-01
1.073674190547905027e+00 1.736235477159929541e+00
-1.372961532818215979e-01 -1.398060300415296497e+00
1.689418657099276133e-01 -1.113918295801292091e+00
2.384492725527566082e-01 2.788795501311778224e-01
1.282137702180489169e+00 2.387863892919344977e+00
1.171522613230613130e+00 4.032686395579369587e-01
1.388890071634973689e+00 6.733709776706611194e-01
-2.045655838011039673e+00 1.710617564233694710e+00
-8.821961728062255315e-01 1.825809125293305080e-01
4.048436202169998777e-01 -1.355047530548307622e+00
-1.228916947764463474e+00 4.121977641662373237e-01
-4.061961115183210930e-02 -2.040611828075217016e+00
4.590788112803145457e-03 4.730873637079717198e-01
-1.771853221924013289e+00 -2.063588235111389224e+00
1.000086527861595131e+00 6.480879035864958171e-01
8.854744571940668108e-01 -1.028792732998666359e+00
8.085748645892528730e-01 -4.786088552140916885e-01
1.048835710214922834e+00 -8.746655929241905492e-01
3.039229596101020725e-01 2.036816706035072144e+00
-6.336582267515150635e-01 4.254644182194027291e-01
4.432689885505979310e-01 5.018918174042056313e-01
-8.871246686237618251e-01 -4.879473982581543079e-01
3.680134510079733912e-01 -1.268501224738939615e-01
-9.610184637348487824e-01 1.162608317240574785e+00
6.903087043024055403e-01 5.667878336778089388e-01
1.388278756014698523e+00 2.316719917518172134e-01
-1.623249278494744763e+00 1.415356103336478322e+00
-9.672574415364669064e-04 -5.721263216338332569e-01
-3.830855217243266386e-01 -9.580898390464657188e-01
-1.306268075861385658e-01 -1.394141203656094730e+00
8.833963747765471997e-02 -6.317166570296993688e-01
