-1.516627912243913578e-01 2.533615916075189767e-01
1.140194806847880521e-01 1.835590002386158437e+00
2.360416573830435572e-01 -1.114770459652241266e-02
2.017831511866086558e+00 -9.903011741376385180e-01
8.202276475212611981e-03 -1.449112420459881312e+00
2.200117247305054258e-01 -4.097903103498912181e-01
3.360618074500872354e-01 -1.953751140804767639e+00
2.118901992402223655e+00 9.248050890557898418e-01
-5.996906438558015084e-01 -1.534013964429985222e-01
1.924746560483876212e-01 -1.448240287911290558e+00
1.305743167896353807e-01 2.193991827505500647e-01
2.083625105142682676e-01 -1.429054643065173602e+00
-2.282780081659193661e-01 -1.215076534039894796e+00
1.778925073047232575e+00 -5.626890389955634397e-01
-6.495230609707469682e-02 -9.475291747763766592e-01
5.026144927168900711e-01 -3.978601734331932427e-01
1.851973242527674923e+00 -7.546680229202339385e-01
-1.744014006182213472e-01 -4.861374139751580281e-01
-5.221780737744146084e-01 1.079360105422125349e+00
-8.322724164568019445e-01 -9.479029922020108800e-02
-6.550867542077219996e-01 1.412785082138915405e+00
7.956467942393442572e-01 -4.820399591160855479e-01
1.358166476914745457e+00 1.967426476031370219e+00
-8.037912174863752757e-01 -1.019037823802553921e+00
-1.132123343228964796e+00 -1.012805094339977785e+00
-8.699686836973603565e-01 2.129113982177085695e+00
1.468117988057688450e+00 3.350189833228270908e-01
2.246318852574596125e-01 -1.232579560374982064e+00
-3.398505287769010841e-01 -1.442551798113983264e+00
1.548804603325240614e-01 -4.078349370157712261e-01
-1.449406989704895843e-01 -1.178981935777005496e+00
4.574057325197103951e-01 -9.568180069150729050e-01
-9.652909166925390805e-01 1.306025383178408772e+00
3.262819941741246232e-01 -1.234606006556010938e+00
3.149274032109563026e-01 9.860434332373663180e-01
-3.978546531266363151e-01 -6.547440556390864141e-02
8.739830830246159143e-01 -4.196918037791968481e-01
2.493149348737117021e-01 -9.602888723130559301e-02
4.862015671741318212e-01 1.012217758564107228e+00
-7.654311688886912268e-01 -3.965445350935187241e-01
-2.941947137689723046e+00 -2.332809386062104640e-01
-7.127277384732019216e-01 4.943383822505378333e-01
2.031982969354699797e+00 1.340083197956101424e+00
1.208088690101679630e+00 5.850919902014317664e-01
-4.822470657742040645e-01 -1.632157768776922313e-01
3.135116607648354425e-01 -1.078088906641200051e+00
-8.287300278192767378e-01 1.666164028110610262e+00
1.472755133629266577e+00 -6.056676375077760799e-01
1.008891225165990946e+00 -3.128913050724234368e-02
-6.311886826820559682e-01 -3.590387118955140622e-01
-1.414562572002508345e+00 2.869854960565441093e-01
-2.896965377357481608e-01 -6.144626632289214019e-01
-1.341627857094133125e+00 5.843947532283239044e-01
-2.333466649628312517e+00 -1.366214481523049917e+00
2.039567973168089354e-01 2.656002535267292242e-01
-6.276293245697266432e-01 -1.530448617446072301e+00
