-8.791689249696955644e-01 1.264430437847509525e+00
-6.835144752117912337e-02 -6.449932944995732075e-03
1.065889386585944787e-01 1.807306791405144664e-01
2.966810209440561286e-01 6.499404717129346754e-01
-5.607597404832752597e-01 -1.005308071984073903e+00
-7.149103725006017429e-01 -3.450845780755608105e-01
-5.550932056442886564e-01 -6.705454299790565287e-01
1.758697036471415176e+00 4.762036815855403282e-01
7.454723493689344727e-01 1.202919165276261415e+00
-1.773039913839414006e-01 1.108778694019694422e+00
-3.369302605054347310e-01 -1.484659640688816840e+00
4.646997753770482631e-01 -7.018746399727576746e-02
1.470866056157305479e+00 -1.229256975043793720e-01
-8.162246979583023809e-02 -1.616084996084846681e-01
4.631313997074857913e-01 -7.297291200311289971e-01
2.275896332246696296e-01 -8.439109820683255991e-01
1.314872669319688381e+00 -1.732999279120235547e+00
-1.898485632476816454e+00 1.516177541223368452e+00
-4.596580289760694438e-01 1.600175919487111242e+00
-1.089914803816223854e+00 -3.568312231131874346e-01
1.923060131256924654e+00 9.410055422491465649e-01
-2.404510758098525047e-01 -8.012018028188939711e-01
-2.996585904269418732e-01 -9.041910611932452158e-01
-1.626578515900782396e+00 -3.996348196913809825e-01
-1.177677400065106905e+00 1.896115119684327333e-01
-1.105981972476874908e-01 -4.419778078403481247e-01
-4.191588563433231163e-01 1.415991759367653424e+00
-6.975775415474774199e-01 -1.075009364683516599e+00
8.995666155798427432e-01 8.451492383535512687e-01
-2.699193918098886646e-01 -8.277918826624899307e-01
-7.097338345612255184e-01 -8.423877603196840980e-01
1.198378208831454295e+00 -9.028052665308804459e-01
5.278129826698171323e-01 -1.278929509984580992e+00
1.621765544730596087e+00 -1.325004256553185655e+00
1.430560683461874483e+00 6.561136053362910392e-01
-1.091350235070754460e+00 1.379288137814476123e-01
1.771815884026655574e+00 -2.827622059065260790e-02
4.907602498744189079e-01 -2.946313847433555955e-01
-6.490825823359523961e-01 -1.316142732646466085e+00
-9.673347508219928281e-01 4.950469268791339306e-01
-5.540488676455206374e-01 -6.922526612886265029e-02
9.857621619540642977e-01 -1.013992923187765793e+00
-4.653238897909053318e-01 1.530270419696777351e+00
4.381512139726183586e-01 1.175552409495949524e+00
-2.301244191924011862e+00 -8.861143115364917833e-01
1.689423202764964049e+00 -4.966214658905425128e-01
-8.302020900618630739e-01 -5.822119981953683965e-01
-1.721184449942276262e-01 2.587220020678542287e-01
-7.073333836753843418e-01 8.304002816638451634e-01
6.464282813177565368e-01 3.692363697178779186e-02
8.711700473451424731e-01 2.521116227159704848e-01
3.833736068042883915e-01 1.251297991235231999e+00
5.563116943783151802e-01 -1.207214134553308060e+00
-3.918527401407203570e-01 7.511828406386727996e-01
-8.491896793053537174e-01 6.914825709983037916e-01
-9.114967278267607775e-02 2.056230327600152119e+00
