3.060412900129360070e-01 1.235652154360819960e-01
-5.270849623898089531e-01 -1.850560370705474633e-01
-2.012277068780044864e+00 -9.851315072875931333e-01
-2.205023369841624115e-01 2.594054939851311945e-03
-2.639449079264501452e-01 9.769422722437663964e-01
1.015339991821264443e+00 1.392512470714207584e+00
-1.373836973140695472e-01 -1.412077201905327928e-01
1.456609528616313431e+00 -8.822493404481375201e-01
-4.286498042571340039e-01 -8.236471878935743840e-01
8.879966932215568320e-01 8.763901973784897770e-01
7.866596708421496054e-01 -1.210854392042913341e+00
-8.343540805585925035e-01 -8.841464119383284359e-01
1.318792164948090262e+00 2.060061851162667823e-01
-1.383088534256685209e+00 -1.171303417420592879e-01
-2.042427545122322829e+00 1.306021872136959028e-01
-7.883239824591453671e-01 -5.563542724737319256e-01
5.449400531933665803e-01 3.479885683243311711e-01
-1.630847099046047965e+00 1.310140836225053063e+00
-9.140866165040650859e-01 6.284947415632409218e-01
8.879314467456915494e-02 -1.024361693923447225e+00
6.734138101225890516e-01 2.770616982681458063e-01
-2.176914877108048763e-01 5.636200813310835445e-01
6.077078792172738719e-01 -1.533749275486206987e+00
-1.505635115550122416e-01 -1.298427129207291530e+00
5.223231836707347142e-01 2.895023926208106779e-01
4.286744532400160179e-01 8.809699928720418072e-01
-5.269714373718938916e-01 3.194559527870198812e-01
4.111059818811906297e-01 4.813591410409001625e-02
3.166076080945972038e-01 2.098539600558967100e-01
7.979964620500534789e-01 9.022298259971671675e-01
1.451933715991098550e+00 4.743397996410751993e-01
-5.587615301736258422e-01 1.446043858289333683e-01
-1.381032932847869356e-02 6.629485687478843259e-01
8.723388079710329146e-01 2.352097783323540692e-01
-5.116515646475902068e-01 -1.030468313291334814e+00
1.461378476282154448e+00 2.479326858865663841e+00
6.775998205490060267e-01 -8.374284098515026864e-01
3.713458889267112761e-01 -1.033804159017086777e+00
7.992948935968728907e-01 -7.702647267686556498e-01
1.026021708126270582e+00 7.739923634810543795e-01
7.462874579696429089e-01 -1.621920002474461775e+00
-3.949979135577213330e-05 -1.257841709969524935e-01
1.118052029950161952e+00 -4.192826393469030744e-01
-6.242579924720804696e-01 9.637420317640532641e-01
1.103880755952571846e+00 -6.984000568258470487e-01
1.304728414032542361e+00 -4.957935123484327744e-01
-1.885845054260796960e+00 -4.461918733132764214e-01
-4.578831010034502547e-01 5.814717857724457373e-01
2.149051328881566469e+00 1.232450961768090547e+00
1.628237743074520960e+00 1.037542468982699084e+00
5.179681694335440678e-01 1.212821858428993593e+00
-6.893762738947410984e-01 1.558931781631615610e-01
-5.861831441673239773e-01 4.077969633053802334e-01
1.196574101704250159e+00 1.029513960839875397e-01
-1.622888838842874826e+00 1.242107216806439318e+00
9.188070183116243961e-02 1.856857409128782610e+00
