5.668105976059749189e-03 6.604141835979132624e-01
4.106235467838484920e-01 8.117749972439920469e-01
-7.461385397154505217e-01 -8.160786388202233566e-01
-6.648138653236529416e-01 -2.005156916655236543e+00
1.498764154114671454e+00 -1.112126883574656278e+00
-1.272277200894601501e+00 -1.441628144278645385e+00
-2.473361872390938299e+00 -4.888435392646852118e-01
-1.237491329876750784e-01 2.483466598511867851e-01
-9.989032642061118628e-01 -1.909885532385489637e-01
-1.512848888455403142e-02 7.385555019556777623e-01
9.334199596230343676e-01 -4.770730325327766086e-01
2.934265483328284407e-01 -1.855581485087905769e+00
-5.104307133124420526e-01 -7.968397447045598714e-01
6.625671148044781633e-01 -1.096247160964812339e+00
1.787031120623404079e-01 1.394502775648825077e+00
-1.102876597767975975e+00 -3.322076869855241643e-01
-6.567849713819239321e-01 1.124118257944998645e+00
-5.926168148990251794e-01 -1.024924869176900399e+00
5.820602524507677289e-02 8.239059500271663783e-01
1.658846109240779354e+00 -9.512341916907605111e-01
-1.107042018526599669e+00 8.824534706625140057e-01
1.173277832612974914e+00 -2.176366347461050843e+00
-9.555455465729423281e-01 1.465663776039327904e-01
-5.027526337364545544e-02 1.403598542916973724e+00
5.574017033028852985e-01 5.556654650137285989e-01
-3.997413010876048611e-01 -2.327028984147329060e-01
-9.405439797149731662e-01 4.730176915022925588e-01
-5.572827233327739549e-01 -2.339852372502871092e-01
-1.644218164631377377e+00 -6.676913744876025181e-01
6.708748256858353409e-01 -4.658518064597476638e-01
-5.834006959736712933e-02 7.513243553244857154e-01
-2.466535708493117873e+00 -5.918502454845148142e-01
-3.355530114143897569e-01 5.510181756942981179e-01
1.106880825489692022e+00 1.829997827318591064e+00
-4.379100128368478284e-01 1.592726394769953924e+00
3.994457601796020940e-01 8.216237640815546861e-01
6.469956257375272801e-02 2.607909005730887353e-01
9.531865186297502346e-01 -1.826067493272210296e+00
-3.801500538691259812e-01 -1.101597070380383681e+00
-6.196047099108353828e-01 1.061114787066099518e+00
1.147065044747791057e-01 -2.130461128335636722e+00
3.073702845440987041e-01 -2.317174339002956163e-01
-1.182651880160689117e+00 -9.098053596908811658e-01
9.560850449522898531e-01 -1.031156372649003838e+00
9.595451685965266098e-01 -6.727266055112611776e-01
-9.532591547370378171e-01 -5.245401537403776571e-01
-6.100502577946286253e-01 6.573484662645932008e-01
7.721788875786759210e-01 -4.440998484398574475e-01
-4.505858878874003381e-01 1.360573715161167985e-01
1.333078408318447261e+00 4.713990073812707737e-01
1.302214748632370744e+00 -1.233774693367127862e+00
-3.727569249526842543e-01 5.766584254400449749e-01
-1.488611447019744238e-01 -1.131939963861541498e+00
2.202776128915127085e-01 -1.571833960142685060e-01
6.322930285810403062e-01 6.831612670579474411e-01
-9.674276941151133125e-02 9.383790022758908833e-01
