1.022722964561495251e+00 2.184450643029530736e-01
-1.955305540280724896e+00 1.286309652787456459e+00
2.699287106782128354e-01 -4.010614953587037235e-01
1.477798000457543948e+00 9.048983438268447532e-01
9.235181144619313276e-01 -2.900593975922770573e-01
9.483718224737730518e-01 6.914341565897176300e-01
-2.193730976468682148e-01 1.335856965457049794e+00
-1.090243598758949162e+00 -6.076891039765227598e-01
-8.860285861142079833e-01 1.344107192352742342e+00
1.506473797759711575e+00 -2.108399831128778157e+00
-6.554933019369338920e-01 -1.807344894825141601e+00
9.546862450135472633e-01 7.875551414860052502e-01
-2.578184991304943718e-01 -1.822527223518163098e+00
-4.408959040679163444e-01 -1.302754139968586466e+00
8.437117984140244387e-01 1.509708749068696010e+00
2.809898722604058374e-01 1.602227544154561700e+00
2.010900540208907739e+00 -5.489232370367287395e-01
2.857978143920952840e-01 1.788219015845806670e+00
1.665410449370926971e+00 3.645181791618480327e-01
9.745758907922800196e-01 -1.278177813395242168e+00
4.784319505064846823e-01 -3.086032025350507468e-01
9.583746157133145038e-01 8.910622738662101749e-01
3.167025144516454338e-01 8.496035899284315462e-01
-3.245471476029133107e-01 1.716888805341069357e+00
-2.068958032936161762e-01 -2.160161251686631700e-01
4.012050683111345051e-01 9.226764664913217340e-01
-4.254515512844172509e-01 -2.030207974624591571e+00
-4.288336729060460151e-02 -1.453549417254108134e+00
1.304742010051977097e+00 -6.086537451770782647e-01
-8.080027528470046239e-01 -3.044322757232541532e-01
-1.528550225547634089e-01 4.491830660534570918e-01
-2.236288689489332349e+00 5.529397597663890385e-02
-7.230155016846605553e-01 2.053756785174658817e-01
1.281956662195125496e+00 1.020629526712594354e-01
-2.270117072433486261e+00 1.779014079869144949e+00
-8.648946313090134508e-01 -1.062201514860287688e+00
1.014045072341816622e+00 -3.391117576645932830e-01
1.640303610882500318e-01 -7.234859337110765010e-01
3.919555445132462679e-01 1.052239931286631736e+00
-3.273400605755910631e-01 1.873121466885104835e-01
1.338601041089392707e+00 -7.361866902662967949e-01
1.097428436146327818e-01 4.706063152169412955e-01
4.810640599579697751e-02 3.678893138409567998e-01
1.267909251133742865e+00 5.979030618303763367e-01
7.163973008422028776e-01 1.419873923758491641e+00
-1.901640964557184343e+00 1.507045053020484859e+00
-2.427723977295174196e-01 -9.996306556132186216e-01
-6.560423784180250406e-01 -6.610266430654503367e-01
-3.127023420677512711e-01 -1.163915154392506590e+00
5.587949725840641868e-01 -6.493875419213264166e-01
7.342388428447860216e-02 1.984495455393327223e-01
2.519239900885663630e+00 -1.316050157898847939e+00
1.997827463639563872e+00 3.318850809995979034e-01
6.662584073154997899e-01 5.966322807165171799e-02
-1.937051474898642933e+00 6.009870085124091599e-01
8.896776514024477001e-01 -6.832238449047067785e-01
