1.591349111649948966e-01 5.535354063382263989e-01
-3.372842486062410661e-01 9.424650734637658733e-02
7.395561958565033400e-01 -1.420184760978802085e-01
1.592605552781501510e+00 2.717633960399277737e-01
-9.782477983895714324e-01 -1.187968303529143954e+00
1.399450586645124561e-01 1.362517858510384205e-02
-6.715248278315011365e-01 -4.172038032714268097e-01
1.221145752750488311e+00 8.658953432929488159e-01
6.426669407764711295e-01 -8.223584528372320790e-01
-1.766024078155193633e-01 -1.871555423745383528e-01
-2.213590168868150077e+00 3.709137310067274762e-01
5.102340205018019992e-01 -1.538148314458099852e+00
-1.046165674016043656e+00 -6.469360430305389764e-01
1.713548863797114685e-01 1.234621540760965086e+00
3.087810902087403386e-01 -4.722719844983291893e-01
6.079317417310916571e-01 2.536358897590149097e-01
1.083893946815695619e+00 7.037765600803169708e-02
1.159241859398471908e+00 6.993312246244000052e-01
-5.256018725547102477e-01 8.480303345422154360e-01
1.255966085268416244e+00 1.028950970269852716e+00
3.511260443383452112e-01 2.695248552916732265e+00
-7.758553712382947332e-01 1.808702208518958021e-01
1.602506655016530390e-01 -1.522679299823448129e-01
3.801229814839245935e-01 -5.418122080812771690e-01
-1.302799018700187883e+00 7.163433277113370190e-01
6.587775611558381872e-01 8.545135427151469010e-01
4.931893262403431177e-01 7.187947167520211678e-02
2.868738538150942263e-01 6.830169138491908321e-01
5.220390623800121865e-01 -4.836429095049629701e-01
-6.335430059973518047e-01 4.172597134754466031e-01
1.408688143747304222e+00 -2.387702493074893295e-01
-5.072351176088583102e-01 2.661013171025620183e-01
1.564414616063225960e+00 2.319544661929038576e-01
4.652424899675977610e-01 -7.374115285917394180e-01
-1.819078681806941100e+00 2.006564286606869751e-01
-4.155026309375252080e-01 -4.164788238712089918e-01
-6.551372692870103265e-01 -1.889351211620580728e-01
-4.550803850653508120e-01 1.805889186811299174e+00
-3.597254996527010640e-01 1.560545403085179250e-01
2.217715020201949994e+00 1.892363056131586840e-01
-6.557237999002363260e-02 -8.877463718640531409e-01
-1.341934112606688823e+00 -4.442667095667542920e-01
9.900894834786794219e-01 4.519453873747465988e-01
1.464578576968374568e+00 1.147564360119072147e+00
9.909281906095117332e-02 3.372055951138854847e-03
-1.442384599812789991e+00 1.250733696138727646e+00
-5.575259358048610947e-01 -9.386116730677719344e-01
-6.673751393755292804e-01 -4.194088802572203956e-01
6.974069601804225860e-01 -1.982140373790083121e+00
-3.692652515022118442e-01 2.164940970912221818e+00
6.383419635665559255e-01 1.241668303936720175e-01
-1.609047653612939000e+00 1.988624847762700959e-02
4.800288889377064550e-01 2.765329980778712393e-01
4.140064651540715790e-01 7.519999042453597848e-01
-1.241016010852802109e+00 3.378487497615593749e-01
5.454316138050895324e-01 -5.291499466997509060e-01
