1.623224521689179634e+00 -3.703219990566534170e-01
-1.533662328099467231e+00 4.279465487867972762e-01
-7.844482569332923427e-01 -1.444082578872317058e+00
8.725530337142244353e-01 2.192529018053437639e-01
-1.497724823871400046e+00 -8.177913852661218286e-01
-1.878602043224958384e-01 -1.354150126815562238e+00
-2.726985024538824409e-01 1.978325498649585734e+00
-4.436944302452717759e-01 -7.915024571149671395e-01
-1.045791231634288110e+00 3.972083148790946372e-01
-1.639322726589415025e+00 6.800274372421157530e-03
2.000855251841897053e-01 -2.250367533273742726e+00
1.559313439942081325e-01 -4.232512884256591779e-01
2.522331513260116509e+00 -1.894010493460208222e+00
-1.541902899218979162e+00 8.802639680630863772e-01
-1.726851070625900375e+00 1.025424516736068048e+00
1.661341416167978480e+00 -3.431090238351703348e-01
-1.637646077775641640e+00 2.223837707376457029e+00
5.042970872484539013e-01 -8.722633236206464025e-01
5.554796915839040894e-01 1.328277363862656379e+00
-1.095827555436983847e+00 1.883092609797189620e+00
7.143149632561691664e-01 7.316172190287271171e-01
-1.650306568621874970e+00 -5.195434276156180031e-02
-3.785896081585924389e-01 1.282652599889906764e+00
1.928326121619239331e+00 -4.438504392766333129e-01
-1.788159575677467306e+00 1.502207174824667701e+00
-3.614145162847661741e-01 3.603442141673224297e-01
1.668520374680216578e-01 -1.350004989546724543e+00
-3.052589362105618265e-01 9.372857753941828962e-01
-1.905938921234004324e+00 2.646074647657480419e-02
-2.514949425929811522e+00 4.133946862108764386e-01
1.004525679325073417e+00 2.270317672800755027e+00
8.747067012316113166e-01 9.165753735337420771e-01
-5.781037890994727979e-01 5.033083571221138447e-02
-1.612321011744396015e+00 -3.505619682804535509e-01
-2.044720278096352928e+00 1.742961861217765085e+00
-8.948642082150499721e-01 1.858257557747674260e-01
-3.444857532930770683e-01 1.495495740461807666e+00
-1.919049785853824963e-01 1.168151734097401695e+00
-9.648131717336537738e-01 1.932608909032124400e-01
-1.376725997261767809e+00 8.023962875738611944e-02
-1.308880178286839113e+00 3.917345995963472105e-01
1.809405757993174824e+00 -9.550570585751091413e-01
2.712532064848960107e-03 -5.143981076901167349e-01
-1.552127635830089059e+00 -9.183339364330290744e-01
7.302768366884945239e-01 9.159337669373881496e-01
2.020857632077465160e-01 -4.374020607791362925e-01
5.803805936510586516e-01 -1.569366330440101098e+00
6.588561933592340658e-01 5.118388317050365233e-01
3.351864809375942889e-01 -7.789081013056809999e-01
8.072860681138055439e-02 -1.783086872765802910e+00
6.555873778035313793e-01 -9.933626045761818901e-04
-4.839864350098616042e-01 -1.131618226282607997e+00
-8.870603916837901393e-01 1.621687852791920958e-01
-1.710914455923225441e+00 -3.250426064194129605e-01
7.200387096750674454e-01 -2.095826247666994213e+00
4.657528719217909896e-01 1.781150591803584371e+00
