3.079263757429389625e-01 -7.146032163764037826e-01
6.562870413870975916e-01 3.000352450487484557e-01
1.854092951427661395e+00 -1.990180006443592053e-01
1.071357340574503603e+00 -9.256989954538116239e-01
2.896625482097232140e+00 7.118543562408699010e-01
8.559694321553665830e-01 1.077448360595740784e+00
-2.774200326141719186e-01 6.799747100470199257e-02
-1.811475775764294749e+00 -1.758380103034600461e+00
8.849739586527047286e-02 1.862449234926956798e+00
8.741118730182596552e-01 -7.731089883740189794e-01
-8.601338443709971582e-01 4.661849233195847764e-01
-1.016500077462688001e+00 -4.251843607338464670e-01
1.522118205831904270e+00 -2.540276385604045561e-01
-5.891972871222204144e-01 1.051804810861804329e+00
1.678278299430731868e-01 3.920108879173446748e-01
-6.528178573742197122e-01 1.081169530398064849e+00
-1.621789264783627393e-01 -7.549603779583050622e-01
3.747696362737122644e-02 -1.256921660375050598e+00
-7.193933622557546759e-01 -1.819507124502902640e+00
-1.246605696450678424e+00 -9.612116447785320483e-01
2.437842434132985181e-01 7.395810114689443937e-01
1.776471846894614182e-01 -2.659133260988067460e-01
-5.827228440649723229e-01 -2.691064538806030582e-01
-1.797436146524910683e+00 6.900823223645741189e-01
-2.703690656856523766e+00 3.216982150937487406e-01
-4.658882798079462817e-01 9.997436143588044333e-01
-2.288609946397068828e+00 -1.647605328601879082e-01
-1.482669134664076127e+00 -1.346187420343566143e-01
5.581160700342787662e-01 2.374304131486685843e-01
1.614301368043786322e+00 -1.173666215321091499e+00
1.832276224438621703e+00 7.797122908696534349e-01
-1.806953710029426952e-02 -1.539554342446254331e+00
3.580215479640318915e-02 2.106353550042459055e+00
-1.815648026596532461e-01 -1.089204814544204369e+00
-4.105117675104742458e-01 -1.656518617192823950e-01
7.975206988337011360e-01 -3.685870593373596904e-01
2.999949062478673434e-01 1.147781987002796544e+00
1.888646147872528602e-01 2.182871941269597660e-01
-1.783957037801494339e-01 -1.312949746660012629e+00
6.668901477924894516e-01 -5.914437860279873060e-01
8.281810656523063141e-01 -1.558692853929435386e-02
5.308593707676501072e-01 1.558192295756719858e-01
2.159806005723761135e-01 5.643184949631416814e-01
-1.555977188730992000e-01 1.883760082818182469e-01
3.328776916796886698e-01 4.581185767751100313e-01
-1.653896836123612379e+00 5.241631270054084579e-01
7.233568749969805645e-02 1.048176040524321451e+00
-5.623977316526723724e-01 -1.447271815970682329e+00
2.417412542633393890e+00 -6.326063445315882605e-01
7.790526568668114382e-02 -4.968332973965040034e-01
-7.628844638622203078e-01 6.174109473813007565e-01
-1.113125575053611760e+00 2.187115722106396654e-01
-1.012900406293126832e+00 4.173989749733271470e-02
-1.058984646796300000e+00 1.179899811479799610e+00
-3.557538839878360837e-01 -6.549730927482035059e-02
9.115034680077136464e-01 -4.014205074064843282e-01
