-3.718632819700961600e-01 2.319253923243649873e-01
6.502717701538113237e-01 1.850605641882423491e+00
8.143796195751628053e-01 -5.247935031115764648e-01
1.656099774048019890e+00 -1.107659599834530662e+00
-6.801154306623558021e-01 -2.026305026785522490e+00
9.851948782396705573e-01 1.221658021144605755e+00
9.986068564625945054e-01 7.921281347124077554e-02
-1.407787586357065246e+00 2.985174986867231706e-01
4.626035101617385070e-01 -3.659893237630078983e-02
1.854696740148687351e+00 1.389366156143225117e+00
-1.959393136506416111e+00 -1.479680369083289093e-01
-2.207363049651098308e+00 8.582477148820155666e-01
1.135468547170855463e-01 -5.267370898294253534e-01
6.606230202489853376e-01 -1.671521899009971612e+00
-1.213490008103711437e-01 -6.580926070911263803e-01
2.414148677169294099e-01 1.809191391662590354e+00
-1.171721063520756001e+00 1.667392744584853315e+00
4.435747752604168870e-01 6.695182608802783264e-01
5.077085654174114948e-01 3.479900031607533611e-02
1.931599192243247387e-01 5.563463087996702860e-01
1.927793663968436211e-01 1.066316252978834145e+00
-2.637451913742956955e-01 2.557626236010979159e-01
-3.450299916680982237e-01 -6.129223385186651774e-01
-4.597632986052450632e-01 1.533271563978420571e-01
4.343421741321638052e-01 9.382518952340572760e-01
9.187106424685543837e-01 -7.782375093746641825e-01
-1.293299964764453580e-01 -9.312683890068744752e-01
-1.334102236455747770e+00 9.969053821212633948e-02
1.233852484213922851e-01 5.060110769108091544e-01
-1.354133191886998655e-01 -1.165966577048154651e+00
1.597494816029278522e-02 -1.581753982399289438e+00
9.441851581511592206e-01 7.258215816258489772e-01
-1.440490019089354645e-01 1.468912846207538037e+00
-7.381738187069466495e-01 -4.592820125886392657e-01
-1.947433818845948572e+00 1.265818986826951154e+00
1.263909902803151297e+00 8.441108157382376520e-01
1.616958438953215449e-01 6.580533423728249925e-03
1.889629317086808147e+00 6.504869813125720990e-01
-5.335021303230713663e-01 -1.347324642714509579e+00
1.732942082486926827e-01 7.887171308223790422e-01
-6.021058521324037377e-02 -1.214399954406120363e+00
4.847774718660753379e-01 -5.946176072767204168e-01
2.802007914674607747e+00 -2.280515711683208380e-01
2.466885679010534460e+00 -1.063257237509095843e+00
-4.808704636027297807e-01 -8.267126253414914805e-01
-7.878711894748902100e-01 3.512835571140570101e-01
4.815641134756761810e-01 2.857896605597661788e-01
-4.104811732840231153e-01 -9.019606605531799159e-01
3.674164309473893497e-01 1.761228051669799566e+00
-7.431294782928209441e-01 -1.583364980520877596e+00
-1.431160111895441789e+00 3.416648571491864295e-01
-2.698722801550910599e+00 1.695398572785264679e-01
-1.722304616555216716e+00 3.753716883404902283e-01
-3.945600203590491906e-01 -1.201987317399735966e+00
-5.953023051544508171e-01 1.263108091117092879e+00
1.424458412486286941e-02 -3.314742077651282592e-01
