-1.166892004395740923e+00 4.096677428766509199e-01
1.279360702132920080e+00 -6.589897704396727729e-01
7.314725172476698178e-01 -6.691194616429856079e-03
-1.138514282340341577e+00 -4.892972422373532276e-02
-1.290184337797027458e+00 1.288730348134844217e+00
-2.063794798831869670e+00 2.606603752871873847e-01
-7.545577165594454794e-01 -9.046976180141901303e-01
-2.281988185764502741e-01 1.927904313893400445e-01
1.663147056066337948e+00 1.296157897918673307e-02
-1.525610756335046059e+00 -5.920836614271386411e-01
1.302600086272943436e+00 -2.068859891393784456e-01
-6.514581632187527171e-01 -5.050810867030932627e-01
-1.198406651907003129e+00 -1.121085870557369191e+00
-1.515019584228551430e+00 1.842486365208363952e-01
-1.953832177083932420e+00 -1.033686350107211105e+00
3.522001527406495303e-01 -7.805577290507829114e-01
-1.267848800275343635e+00 -7.068319284390269797e-01
1.236253993200967932e-01 -1.887986552142225660e-01
-9.933363380231241546e-01 -5.193563133052158109e-01
2.318947303418121830e+00 -4.954008221945947477e-01
-1.123959338792862139e+00 1.353318683417479296e-01
1.627197073182578002e-01 2.463099682490080822e-01
-5.310589120199743496e-01 -3.936808088719976340e-01
-1.073121250384730274e+00 -1.841897386965313910e+00
1.129430472679775699e+00 -1.874920860027256220e+00
-3.814423288564202097e-01 2.378724552160462746e+00
-3.961877015043748784e-01 -1.334550064705338990e+00
5.255860231618016964e-01 -1.210200500368622117e-01
1.067729740944870276e+00 7.833905751572658449e-01
2.575913337350603238e-01 3.272415412121954525e-01
3.153800971571960043e-01 4.538246530549244206e-01
-8.846155466108385212e-01 -3.692167958580528930e-01
6.049840167813506087e-01 2.734494303243622526e-01
-1.169423907089931047e+00 8.892032279602113398e-03
-1.675064484154119127e+00 1.455432879647878597e+00
-5.928951527313225389e-01 3.639283836961267338e-01
1.952200934306845548e-02 -1.312569074716491757e+00
5.847014176673102914e-02 1.799311842316827503e-01
-4.896720582681315381e-01 1.536471377542270478e+00
3.083765194480052318e-02 -2.605097315566543559e-01
-7.360102612557267721e-01 -4.201655492434790418e-01
5.425210178871770622e-02 -3.074888595915898359e-01
1.093873800959703491e-02 1.298877351350764986e+00
-8.037248361537029373e-01 9.410897831254358414e-02
-6.564970312475356673e-01 -1.447208194953714333e+00
6.901036740494198574e-01 7.331318552598667937e-01
1.134586091230381344e+00 3.433985861155460229e-01
-3.071297496724748610e-01 -8.912947265797593888e-01
1.310020821072745423e-01 1.541096775900735460e+00
-1.173293079854216492e+00 1.164921285015093400e+00
-8.861191938766188603e-01 9.612824870107363751e-01
-3.367355042012441513e-01 5.336623884121596273e-01
1.040695434900463567e+00 1.785389297620314508e-01
-1.319692835230854344e+00 5.700036315268685039e-01
2.105321723332665318e+00 1.516452535453467754e-01
-8.685472311479276453e-01 1.050216781171324776e+00
