-1.532806476924277295e+00 -8.714175808724149430e-01
6.423159610588210500e-01 -1.918233698829736822e+00
1.736745691535483416e-01 -2.545366095018271047e-01
2.017562198763788395e+00 -7.476963097503441791e-01
-1.761112556984142818e+00 5.920782618425702443e-02
4.493920939581554919e-01 1.590242025005868420e+00
7.329889648194151119e-01 1.901463190335039577e-01
4.478070272737753044e-01 -3.443594603469293542e-03
1.110885838641880063e+00 -5.122973462837741160e-02
-1.359672822559458538e+00 -7.026258918809900056e-01
2.235857480643146655e-01 -9.003274127795036774e-01
-5.575119304298612466e-01 -1.720314306118765790e+00
3.010871440353869444e-01 -7.041749382489520537e-01
-4.110851125064229339e-01 8.180892827616204066e-01
1.120822598757574173e+00 3.251376234265119236e-01
-2.047387518388809280e+00 1.906545562524256665e+00
-7.254152267395235221e-01 -1.764938000315035227e+00
3.784613755483101638e-01 1.090820748162157239e+00
-6.169146850484462652e-01 -1.639546150711076455e-01
7.218661897837198582e-01 4.362377733553365888e-01
1.359951024574776568e+00 -2.351362269414254969e-01
-1.222770142545899219e+00 -3.168458422211921088e-01
3.453435822161100011e-01 2.146972645605751961e-01
-1.055875415108220583e+00 -2.050512206174668783e+00
7.521499866503108533e-01 -8.562653041422692290e-02
-3.324560944104261728e-01 4.625584160146177237e-01
3.604209107253517064e-01 -1.418066184530790474e+00
-1.546053388391256389e+00 -4.010418629888173325e-01
-3.615731013806516847e-01 -9.778173453048429886e-01
1.183928056903007286e+00 -8.569735385886076418e-02
1.393785209946407200e+00 2.757583861358191557e-01
1.299064021676101799e+00 -9.939120804686140120e-01
1.327336464627944190e+00 1.802622231022583899e+00
-1.607707327806846109e+00 -1.100554651943446843e-01
1.926439077811947509e-01 5.301477380821942864e-01
1.897613152809090264e+00 -1.567088046198911455e-01
7.328147806024797317e-01 -8.472702409602492768e-01
-4.351318342988130805e-01 5.163596129564431703e-01
-4.279142680365721763e-01 -2.081410017862325379e+00
-1.589694287598177880e+00 3.860361833250343100e-01
6.908133420663261637e-01 -1.511319443341457625e+00
-3.076031102131299155e-01 -7.438203262200194787e-01
8.145751482018779299e-01 1.501105149194273514e+00
-3.417398466288702474e-01 9.182564685153166151e-01
5.516250500146121505e-01 4.158443458115701485e-01
-8.322357227249950196e-01 -7.558283941126023309e-02
-1.495402330809133540e+00 -1.062244643758810891e+00
-1.102632790658637507e+00 -2.303203280888684201e+00
8.168875771736960889e-02 1.113981738958806478e+00
-1.159025330159346279e+00 1.248173528622945616e+00
1.207275857354279225e+00 -6.343621411746992733e-02
1.182914344276964208e-01 -2.765126625584550246e-01
-9.620548241222692809e-01 -3.200723612949981645e-01
5.676608844202307019e-02 -1.267751613995355742e+00
2.366679363169585493e+00 -1.478835035485046356e+00
-8.591442665208913476e-02 1.365598181662923905e+00
