1.156001199050683104e+00 1.264647487503890666e+00
6.443804036974529748e-01 -5.493214718465900814e-01
1.491427087363260684e-01 1.823608224059117378e+00
3.132072232626877950e-01 8.692968616879970245e-02
-2.395037778038702769e-01 8.534321153861570419e-01
-1.281039446844277840e+00 7.510971805976822679e-01
1.014744392105196180e+00 1.429017176748049955e+00
-5.395944221153588238e-02 -1.706180871444762603e+00
-1.411954541550910269e+00 -5.768885181870699874e-01
1.116153885611884444e+00 2.469023041330552226e-01
-1.566271689728891414e-01 2.617443619227190488e-01
7.646915878567054833e-03 -7.574173579825493885e-01
-2.270696467720647149e+00 -9.338579224696094139e-01
6.845385362525177042e-01 3.992745127877507239e-01
-6.006629023959256797e-01 -9.758670185027487065e-01
3.276680684557409240e-01 6.860138738448866569e-01
-1.051772792661567202e+00 -7.796057560577021039e-01
1.459598262798842139e-01 1.134808466774402724e+00
-2.638500815375741104e-01 4.033686346064346284e-01
-7.303412419884265372e-01 4.893832207771232623e-01
-1.166295884829800178e+00 1.665973529374721540e+00
1.068878073202154333e+00 -7.084214486912844277e-01
2.213510474403756756e-01 6.635476235345919571e-01
4.601061827472350402e-02 -9.944563014301226467e-01
-1.917660881070402390e-01 1.961077268361562709e+00
7.267735032948322571e-01 -1.037102576494270290e+00
-1.811112366248180505e+00 -4.903339138127699171e-01
2.540165351081102307e-01 3.312321992338029125e-02
-3.354847936433262290e-01 6.080111082115507992e-01
-2.059723894830723712e+00 -9.676634845717072553e-01
-5.184057867120401841e-01 2.039448439196877239e+00
-1.664409398762999537e+00 6.437584170505654679e-01
-1.037724464153174209e+00 -1.682379547674904163e+00
5.069256085667294548e-02 -1.701643313260593759e-01
-5.159848789725465096e-02 1.861190711566197697e-02
3.279530422887957375e-01 1.093380171907679665e+00
-1.311873713024596322e+00 1.855576109619784031e+00
2.431399901845596873e-02 -9.643103674791463353e-01
3.168508183634949349e-01 1.483591920867049163e+00
1.243451775670825876e+00 -3.552555488438775555e-01
1.702253960307150260e+00 4.571162796849734811e-01
-5.945809683481697583e-01 1.710760591096595951e+00
8.137076900662579826e-01 -9.217739973091467753e-01
-1.911553349763011056e+00 5.403935773964221867e-02
-1.178185618399046897e+00 -3.692315406433637759e-01
-4.012873643058157969e-01 -1.644950680145497834e+00
3.683365193588334918e-01 8.232578228995561798e-01
2.906287314863110205e-01 1.496953931819759109e+00
2.417248974347918911e-01 -9.945341159524955232e-01
1.224352248837467849e+00 1.183532431097789717e+00
2.537797160060399015e+00 -1.808839103938506332e+00
-2.499859185358420943e-01 2.611417797505827254e-01
2.940419938045407133e-01 9.611961890190202640e-01
-3.361322282438152786e-01 -7.798699437153345793e-01
1.520568098784233158e+00 5.853356448041618920e-01
-1.896387215328586562e+00 -4.476972415766347635e-01
