3.739370412002314681e-01 -1.734742522556175670e+00
-6.515394262060488773e-01 2.357416620604224078e-01
4.714055962802669586e-01 2.257194804710181413e-01
-1.367374096434605724e+00 -1.503235739411081240e-01
-2.891225107177129994e-01 1.021877415935583011e+00
-7.836367567056223837e-01 9.278042600256743155e-02
4.539118710249501198e-01 8.677232083245219885e-01
1.876262130390202176e-01 -2.943014830094078937e-01
8.309435374360907289e-01 -9.675936185593292382e-02
-1.436650197541484264e+00 2.020757150670202118e-01
-1.325840096019982539e+00 4.737973710799175953e-01
6.147339115601879733e-01 -4.452096594776325800e-01
-1.215072746599046516e+00 2.289465710021348632e-01
-1.206810634789714731e+00 -8.842322606833125098e-01
-1.428291995331037123e+00 1.370149831177229327e+00
9.201373651157185307e-01 5.561970438399271854e-01
1.409591942752894123e-01 -5.589079136127857866e-02
-1.221402217854320876e-01 -3.634637408952990922e-01
3.704996682158605004e-01 1.308740352852375777e+00
6.330673249377809508e-01 -1.113242219515263809e+00
9.637958135797081161e-01 5.057863772970594418e-01
5.221329580060047881e-01 -2.007595063646195888e-01
1.281335427728633736e-01 -1.837522879764964978e+00
8.555374476761801183e-01 4.854888177506024305e-01
-1.251514164626429615e+00 5.630772275278359551e-01
9.149713315962771931e-01 3.353629527410009192e-01
-1.016133834982911210e+00 3.884684174710007487e-01
-2.800513795144630724e-01 -2.610073680906045412e-01
-7.610014195634997591e-01 -1.547971208188094083e+00
-1.340488609742395143e+00 -8.668576611287897027e-01
1.527857333488502833e+00 -3.157972955367815970e-01
1.971121285972597281e+00 1.286797550288531156e+00
2.660409070019025823e-01 -8.415914315445718330e-01
-8.488609782967152517e-01 -2.425288977646680999e-01
5.405031507665108981e-01 3.624034886821089763e-01
-6.870994730131305683e-01 -1.955874227262909049e+00
-1.456765689919665707e+00 6.311055510493913667e-01
2.768181396596702815e-01 1.108576288531155862e+00
2.691884427873498797e-01 -6.191349695247577722e-01
2.322620622563984494e-01 -3.520140991580817946e-01
-1.668033138462754250e+00 4.795865560966380836e-03
5.033383369451002176e-01 1.126843953851245139e+00
1.571236081175644561e-01 -1.018601549495984804e+00
-2.303343361773081965e-01 2.530780230776258910e-01
-1.942314509237431652e-01 3.327246143719377880e-01
-1.924087953595822853e+00 -5.948581602140761149e-01
5.346044096624980035e-01 1.080427285811299321e+00
-8.944696656756851993e-01 -4.482992317866791310e-01
2.810860656511746970e-03 -1.495492452380485560e+00
1.371646002751305105e+00 1.313019875513256718e+00
1.156769171915439376e+00 -1.410795890050812851e+00
-6.082148193412291182e-01 6.177281401008195560e-01
1.820791516611328653e+00 -2.112058198589719382e-01
1.197931933334997895e-01 8.632870635861815689e-01
-7.593300648108516349e-01 8.994695453901282445e-01
-1.019046932854026144e+00 -1.462239902427356686e+00
