-6.245632856603356986e-01 -1.224325627106295444e+00
-1.234787950469298234e+00 -7.833102166376760822e-01
-8.318800163183845964e-01 -1.171154892996762342e+00
1.143297567435828554e+00 1.237356806027969158e+00
3.760116043089026250e-01 -7.803943208454947600e-01
-3.433390583999882395e-01 1.904272911772107169e-01
7.137863314573569262e-01 -6.698976821438430429e-01
6.261632981052359659e-01 -2.263210089424014526e-01
2.286492685267580427e+00 1.650017752906769442e+00
8.979636771289858377e-01 -6.353643512793510917e-01
-9.886900631549686569e-01 -7.009772619022146545e-01
3.399147778173361001e+00 -6.406838586224373744e-01
9.307467602499357451e-01 -2.940303711456796476e-01
8.394445743430550833e-01 2.765441101651699429e-01
1.022776797107734614e+00 -8.980249746653818921e-01
2.395266313598259700e+00 -1.287053785772925840e+00
2.336095653343936540e+00 3.112289333308114747e-01
2.294083922104029671e+00 -1.660610276484059789e+00
-2.507810917362626735e-01 4.541331051288451937e-01
-7.036994539934461335e-01 1.275310218294427034e-01
-1.196008028340864504e+00 -2.985421299138646845e+00
-2.202849110975606095e+00 -1.540858771697382501e+00
-1.663429596411408085e+00 1.150261345531522761e-01
6.452889071306007196e-01 -6.671178182496083631e-01
-7.780005612841665030e-01 -2.211505081767075123e-02
-2.857904412716667508e-01 1.780681806735560646e-01
-1.071804033954392610e+00 1.493490722973500162e+00
1.089072852432332539e+00 -1.547434342168626964e+00
1.741125593205702093e-01 -2.186580121713822766e+00
-1.956117032059088989e-01 -1.084808184023277944e+00
-5.601524567491503528e-03 -1.145572510551561951e+00
-1.710448770419961129e+00 -1.135477580677036080e+00
2.618446990233308513e-01 -4.991769175970603989e-01
-6.733408257787369955e-01 -7.340285060424986963e-01
2.238623477365489223e-01 1.284464142029697331e-01
-4.494056997515800123e-01 -1.715855861730739562e-01
7.145764714674096574e-01 -1.231269474953660126e+00
7.058285756965584357e-01 -2.915141069226657944e+00
-5.582309547939265926e-01 -2.161342248243021125e+00
-1.157484718487294950e+00 1.088015945671489737e+00
4.896589620284904076e-01 -1.975757295693912965e-02
-1.261840749151772911e+00 -4.212148045605062507e-01
-6.673695319008536853e-01 -7.377861675109544937e-01
8.268054596201520612e-01 8.818111190513365782e-01
-5.113235804835608578e-01 6.072117034364742372e-01
-5.645425419230344355e-01 -8.169185492958904726e-01
-3.170657200195212740e-03 3.710335278614999566e-01
3.841115094597061796e-01 -1.072047095511063475e+00
6.307277106528231814e-01 4.220915705612683366e-01
-2.588677249168234162e-01 -4.641082244514974087e-02
-9.926969575721845684e-01 1.564896997067718454e-01
-1.092888125616365835e+00 -8.630324925629008492e-02
2.196186081591626205e-01 -6.948620080006508992e-01
-1.992358935803023812e+00 -1.032055315513071392e+00
-9.391102999564390763e-02 -1.161694189893064166e+00
-3.710562260318490957e-02 -9.523822319017173355e-01
