2.001000000000000000e+03 2.162084534335880548e+00
2.002000000000000000e+03 6.740057436822998405e+00
2.003000000000000000e+03 1.563749770112598725e+01
2.004000000000000000e+03 1.322734851226282515e+01
2.005000000000000000e+03 1.037713403333220441e+01
2.006000000000000000e+03 2.318736280855519283e+01
2.007000000000000000e+03 2.195334242668264935e+01
2.008000000000000000e+03 2.809658821914642246e+01
2.009000000000000000e+03 2.775057074135709456e+01
2.010000000000000000e+03 2.895480486154834665e+01
2.011000000000000000e+03 3.141494518152369864e+01
2.012000000000000000e+03 4.093231317037814421e+01
2.013000000000000000e+03 3.121169917442393782e+01
2.014000000000000000e+03 4.225622612580603743e+01
2.015000000000000000e+03 4.578164662340177671e+01
