-8.532015715706045000e-01 1.089021981315658305e+00
4.986148225223419050e-01 -1.535351106209605909e-01
6.803554840229467660e-01 -9.675906560192402139e-01
1.278726488637583092e+00 1.602900706777875772e+00
5.603627892205209626e-01 2.606000392357387674e-01
-1.425791205610011714e+00 7.001800139190486050e-01
2.600987800319035093e-01 -4.820958920363540012e-01
9.095287766041726396e-01 -7.727275639488278003e-01
-7.892512010675493128e-01 -8.415760768084415422e-02
-1.931855397249016004e-01 -5.085153259037293871e-01
-8.099476145125520388e-01 -1.540485180903986562e+00
-2.432639348643693689e-01 -4.615841966893871606e-01
2.818633237792414481e-01 2.303245097370620886e-01
1.239243082256562101e+00 -7.220983420186333213e-01
1.210004082934648117e+00 -1.766911835990184754e-01
-1.108773963946056540e+00 -7.236318047190787306e-01
1.209270598146394288e-01 -1.762444255433865958e-01
-1.602724847914511530e+00 1.293711238235970340e+00
1.302715788528726382e+00 -8.983155772850260901e-01
-1.180243237990010463e-01 1.790185606373528859e-01
5.060608275947462431e-01 1.918589843975913700e+00
1.066280347152717356e+00 -4.274983979362566022e-01
1.089919863417767587e+00 4.235043121334963190e-01
-7.241036445319491976e-01 -1.291161846264954116e+00
-3.203252047707337291e-01 -5.467727507497539136e-02
-3.585122450609570244e-01 -9.054530455074176754e-01
-2.758179984610913404e-01 -2.974927719614671173e-01
5.594070535272605005e-01 -1.159647455195189289e-02
3.667412598268262464e-02 -2.375823293613789911e-01
-1.092779538182853533e-01 -2.532650193399381133e-01
1.031147669983646376e+00 -3.731690089472031180e-01
-1.079351319343341276e+00 -6.533312449847278325e-01
9.109333390228051275e-02 -2.638725358692890932e+00
-1.860804780869326880e+00 5.742470401648782641e-01
1.065299971257610112e+00 -9.175338394703835831e-02
2.433727410182039974e-01 -5.269417143756520705e-01
1.269540057397824162e+00 -1.021685764610726910e+00
-5.038165184931939766e-01 5.770576139491302436e-01
-6.856098736860479770e-01 9.391259308315954568e-01
1.637647355825823769e+00 1.603568906413920525e-01
4.118017361541702059e-01 1.306366249958268666e+00
1.143591429785650204e+00 6.867202415872607490e-01
-1.360593654754569837e+00 1.516436088636805291e-01
-1.098976029267866528e+00 5.046079674169791085e-01
2.702668086215413989e-01 1.034086349616944567e+00
5.590601481107007054e-01 1.025100619041199979e+00
-2.763688982884621170e-01 -1.736136435478996987e+00
-3.895970267783658847e-01 1.202727379404130437e+00
3.309622156686238270e-01 -9.726960357859195661e-01
-2.059386471480293412e+00 -1.785579719902070428e+00
1.086400366514165050e+00 4.817980007838535417e-01
9.779126448106090219e-02 -8.377208803375018054e-01
-1.319008029945937521e-01 -2.601568841855370628e+00
1.290467421158668360e-01 -5.790855091285754819e-01
1.075821067659821439e+00 2.196582077131707944e-01
2.081379080692025429e-01 -1.256550977126929869e+00
