1.426408148983032920e+00 -3.891599918687949078e-01
-1.305296173317400665e+00 -5.757285129170039983e-01
1.090107779845010061e+00 2.931053305628455452e-01
9.761160078714422594e-01 -2.974017959817540357e-01
3.016143146405490527e-01 1.059937621826585463e+00
8.121963012321621322e-01 2.703340158367556700e+00
-7.059735187838036552e-01 -3.001590304498725770e-01
-8.751644937459543971e-01 2.329949592096750011e-01
2.369023674965922144e-01 6.724655973785738095e-01
1.158344852110029244e+00 -7.284253176790259632e-01
5.331014351637772819e-01 2.040122809889564959e+00
-1.301877583317780251e+00 -1.273317773244438511e+00
-5.086859363687771252e-01 1.121293206747675963e+00
1.561993472816210760e-01 1.128268120980524092e+00
1.056027550234453383e+00 -5.399659226922314259e-01
4.265311543363528579e-01 -1.513648136300582703e+00
2.836761174258569662e-01 -1.473239996982093514e+00
-3.582628297239282555e-01 -2.102799884959513643e-01
1.390227085936584395e+00 -5.904736639640049134e-01
1.043942870315215821e+00 6.498005110042468502e-01
1.232317466757573809e+00 -8.717838644033666373e-01
1.179865505031144624e+00 -1.250916628660010410e-01
-1.225899745485719672e+00 1.162295472252304895e+00
7.345963224950627923e-01 8.223222978627725555e-01
-2.207605683697631438e+00 3.271660623375534094e-01
4.207917018316776336e-01 6.747645101164898018e-02
6.890719844139585604e-01 -1.052247410951153261e+00
-8.271202583100997763e-02 1.818266886181922892e-01
1.985313438294175947e+00 -1.927475838757283899e+00
-5.342285682949152736e-01 4.986896677516760579e-01
1.908832554056110409e+00 2.028260066392518990e+00
7.304183930172640782e-01 1.731909296609934090e+00
4.248291284716860239e-01 5.894698392781141383e-01
9.062318200302881266e-01 3.746768136838160568e-01
-1.325479101753346822e-01 -1.204925199132464320e+00
-1.085507946469917773e+00 1.870784632924562541e-01
1.601528452783015144e+00 -9.294569189211272509e-01
1.230624198326638163e+00 1.398337066010183261e+00
-1.039556585139065792e+00 -6.878468992523433245e-01
-9.643035706408022989e-01 1.557182843661119920e+00
1.427319610005546302e-01 1.102126245676535277e+00
1.645874616337294483e-01 2.969174348679646802e-01
5.975105167743660628e-01 -1.190679566014255286e+00
-2.577597269318892437e+00 5.869039150342871825e-01
1.655975273041748463e-01 2.268503452575775903e+00
-1.272938289631999176e+00 1.646277762293051616e-01
-1.041211095393763442e+00 2.959609663461136853e-01
-2.841441432387937019e-02 8.413238149553861067e-01
-8.587362630333674751e-01 1.646540307975395079e+00
1.876833747258679630e-01 6.310561975808585133e-01
1.276978596922606402e+00 1.293752559676456082e+00
6.135222330275206248e-01 -4.151289251568122673e-01
-9.707717048094943735e-02 9.005199136326784703e-01
9.495902059083513036e-01 1.626411637565832846e+00
9.992773959052957122e-02 -4.811079549316396586e-02
-2.045568764403893347e-01 9.682024463352000287e-01
