-5.166900302751431528e-01 -1.302719156280008894e+00
8.643349087944519615e-01 -4.822951189284238049e-01
9.141151153663257256e-01 3.061126016044640963e+00
-1.880606490170956491e+00 -9.971257358080268807e-01
-1.370245338985880135e-01 1.742635807607315179e+00
5.407625323361033853e-01 4.176354645507656671e-01
-9.467230291568052847e-01 -1.202683023720413136e+00
7.049053673736505043e-01 -4.477964190817143031e-01
-1.305078030216896279e+00 1.800408844032486577e+00
-3.541069236177800672e-01 5.795348872953930836e-02
1.068883078342609094e+00 -3.482246952811968166e-01
-1.027556729432557825e+00 -3.825202150284378599e-01
-3.864563323481068347e-01 -5.444201620919199014e-01
2.422901381506472163e+00 1.193477668398972735e+00
1.289756622334860214e+00 8.255974090128196385e-01
3.872457680660913032e-02 1.567824317896287400e+00
1.128195231851631064e+00 -1.515980743372788986e+00
6.899874226510008812e-01 1.151382515402546103e+00
-3.425436757192919512e-01 9.937075256052033678e-01
-2.243678894085173181e-01 -8.836140574642366019e-01
4.202498742768883688e-01 -2.053356338303930606e+00
5.025950724974296291e-01 5.102297829288524600e-01
-5.999849526149331203e-02 -9.431450671516996564e-01
8.943580645973933096e-01 -1.033345142560194274e+00
-1.816788979278344263e+00 -2.810435001334804506e-01
-4.096848862381832213e-01 -3.145671690915119001e+00
7.889937781086981960e-01 7.857682177339871121e-02
-1.056940529030223397e+00 -1.279421426004601903e-01
-1.412173716099901055e+00 5.221244435075590440e-01
-1.026664133979768634e+00 -1.719412081759861821e-01
1.014160120433371670e+00 -5.160091737910806886e-01
7.870639684645451828e-01 2.062116644193212056e-01
5.036339668562882510e-01 -1.771509514145012398e-01
-9.089666004301612257e-02 -5.472079998470266160e-01
-9.175529149488571568e-01 1.085951544386207362e-01
1.137446007444201657e+00 1.642903822344258469e+00
1.807484659717886466e-01 1.450127156098162118e+00
-1.086234468410100629e+00 8.190439226796691896e-01
-6.809255427704795638e-01 1.723011544615059343e+00
6.171593327098440218e-01 7.692213612542602164e-01
-5.351235383282905156e-01 -7.833614353423673515e-01
1.165848601236383786e+00 -5.922261730439332128e-01
-1.317164102658841207e+00 -5.741567946906506181e-02
-8.511047113923018159e-01 3.047579798139841700e-01
2.508458651716628449e-02 4.657361156495763432e-01
-4.017756686951236278e-02 2.295045190764192777e-01
1.821916642867138281e+00 -1.067872783635940737e+00
-2.730023523447325795e-01 -1.849056563491988658e-01
-4.823429044777715058e-01 -8.763752720987445788e-02
-2.042784665985573955e+00 -1.736133504286579976e+00
1.389602851709338838e+00 -1.063721329810644267e+00
4.032028440236430367e-01 6.004587724685561678e-01
-1.306094826535475928e+00 -1.311596532308126450e+00
-4.719092497770870087e-02 7.684024014792033563e-01
-9.396879057940888957e-01 -4.370250684143941466e-01
-3.706228833599162220e-02 1.304753859450183517e+00
