1.257602132257874095e+00 2.461986556897706180e+00
-3.756505103782708521e-01 -4.049341733855154613e-01
-6.037299470141166413e-01 -7.487391521618730339e-01
-3.259262226810353269e-01 5.445837902717879375e-01
1.126406189271370817e+00 -3.916670836254524390e-01
-1.544308595633285819e+00 -8.915194288072331164e-01
-3.273147802831366526e+00 -1.269559513823289576e+00
5.075652663500567208e-01 6.971293110832492701e-01
3.710597846124372712e-01 -8.280296389524681722e-01
-1.008349013076600187e+00 2.390250867311438210e+00
-2.796440805640911798e-01 -1.367288237272945350e+00
5.683650427366038205e-01 -1.027577682279625870e+00
1.308638247153444789e+00 -1.248957009666639584e+00
3.945773903284297557e-01 1.593134346522223854e+00
4.971017201687853715e-02 -3.922494313923464149e-01
-9.523689234510471779e-01 -6.089868695937123988e-01
5.881655272119099553e-01 -4.392013352263170467e-01
-1.925366968019881497e+00 -1.048123475531639093e+00
-1.063686576295188146e+00 8.500665574044589945e-02
-2.331110105029285062e+00 -1.120118823143646303e+00
1.100412019658441709e+00 1.058148358446842296e+00
9.463034272013886028e-01 4.673975076595830447e-01
5.037332057014286546e-01 4.576833137633169457e-01
1.397728312349853397e+00 -1.531891275674702735e+00
-1.242099201799448771e+00 1.016485465451993031e+00
-7.867417003202863413e-01 1.116762845864591291e+00
4.044687076437008394e-02 -2.247938694703739415e-01
1.698494212300799278e-01 8.045303145681448331e-01
1.578237695693663678e+00 7.372815879645622239e-01
-2.214353392667813836e-01 -3.653363982799677778e-01
-6.412518049148426824e-01 4.258108891995758816e-01
2.410044651348038081e-01 -2.477946607504430410e-02
-6.323682992080141840e-01 -9.459707580428022844e-01
1.856943003174561790e-01 -1.744114727356413652e-01
-5.788126860289104919e-02 -1.289633750752195551e+00
2.092900566444971799e-01 -1.092380899888661938e+00
4.084262565915234844e-01 7.425544200247852222e-01
1.146628045267464313e-01 -4.465136569458026394e-01
-1.706989201192524730e-01 -3.882983428056825392e-01
4.707624930933255736e-01 -2.217396045139229110e-01
5.459603825526351262e-01 -4.102259112298026200e-01
-7.395937692632729155e-01 2.721313500541446384e+00
1.715637712208917809e-01 -3.760559366957967609e-02
3.303567960622525446e-01 -2.008568998865494670e+00
3.134965568661045032e-01 -5.920708550085985733e-01
-2.071542329150537487e-01 -3.926874249470845291e-01
-2.248589752349972604e-01 -8.442450817255706674e-01
3.472763271348587311e-01 6.054416168725694769e-01
-9.910596231982868876e-01 -4.808979624636079975e-01
-1.024898979346695160e+00 -3.096037464472037870e-01
1.934016441120729457e+00 2.204559385475788336e-01
-4.521538949881295094e-02 -7.122959366909988876e-01
-6.597720464355653069e-01 6.230609242396919351e-02
-7.111167618377666200e-01 -1.360726121542793765e-01
-2.534074260515943311e-01 -1.613845626400647049e-01
5.903672891464677441e-01 -2.912322791132181642e-03
