4.433435774319084421e-01 1.080376888818218806e+00
-1.408798978794742141e+00 7.810252720603619858e-01
-2.540243072408782776e+00 6.451707927280900257e-02
1.199463702292021372e+00 -5.486081115883566506e-01
-2.268337141640636823e+00 8.488949327327161010e-01
-2.527702478360253635e-01 2.623660901667972389e-01
-1.328676630063768904e+00 -3.291266575470883637e-01
1.356140951241281645e+00 -1.841946118078443995e+00
5.250879425722437821e-01 -5.477197303768395198e-01
-6.557139417235736678e-01 -6.564459804838447265e-01
4.004208070873785386e-01 7.202153110219940146e-02
2.094073363505774901e-02 -9.567930323537258142e-01
1.646325332622087023e+00 9.738633326658520106e-01
1.726810741734423837e+00 -1.804946269243063561e+00
-1.325458778936157822e+00 6.868057879088277362e-01
1.717169110511898578e-01 -2.693756544982174247e-02
1.315618800540564237e+00 -9.561129105957727470e-01
1.083682308121775711e-01 -5.189128819667550019e-01
-6.967447768020030852e-01 -7.306355448652509521e-01
-1.025029831945933667e+00 3.115519546113323587e-03
3.474904257048138656e-01 1.063071671817433561e+00
-2.345353664494786161e-01 -1.418793398308078046e+00
8.828720074465452594e-01 2.166487366853712349e+00
-1.205109048895310231e+00 1.218398621104849200e+00
-8.008500770808123503e-01 1.743323355740930003e+00
-4.741607360213549727e-02 -4.966932267617189534e-01
-8.809649508908239390e-01 8.383463808864598521e-01
-5.965029470759977137e-01 -8.387813432205735165e-01
-2.767054790154807598e-01 -2.661916103278692547e-01
-2.566602220635098242e+00 2.339298818626525667e-01
8.361401259987719659e-01 9.653959414466418976e-02
1.192335329042849001e-01 -7.541063272925723204e-01
-1.592606222099844093e-01 -1.781668146899607896e-01
-4.516001129994020036e-01 -4.195361887120920841e-01
-6.862521814894555483e-01 -5.961122535654400645e-01
-9.371524469308984973e-01 -1.922193421292520021e+00
6.799809049775508152e-01 -1.009256124388925174e-01
3.430444993768714812e-01 1.111300393558199540e+00
-2.314748142318452828e+00 2.884734253667939341e-01
2.618986040279053795e-01 1.760208776443283885e+00
3.719753718404247844e-01 -4.031261223068157706e-01
-1.448180665934156286e+00 5.764759789287363656e-01
4.815277962639088472e-01 -8.376907738121265323e-01
3.061774711127549509e-01 -8.538142110878870206e-01
1.569782200059418154e+00 2.908343156162753185e-01
1.034186708098691065e+00 4.621392428279252895e-01
1.285421073641294654e-01 -5.529174062383539201e-02
2.390449343659575732e+00 -2.019227702659218138e-01
1.296118043551420573e+00 -2.168117199768452075e+00
-7.033831909372159075e-01 -1.654153349004502116e-01
-2.123004245195882600e+00 4.661717432636487968e-01
2.176790331253803390e-01 1.579775960375475463e-01
2.354738129661244628e+00 1.612104578858781778e+00
-9.346871634769993165e-01 -6.436983246891860855e-01
-1.975072810025833014e+00 -2.575368895964912141e+00
5.144282560891861866e-01 2.447626876453035116e-01
