-7.078709213244190890e-01 -2.179289192916558981e+00
-7.997092331346257188e-01 5.280876934200440243e-01
-1.977951411948813520e+00 -1.482347700513926059e+00
3.399511969732695871e+00 -1.022117374309535975e+00
-1.482135732797209560e+00 2.449238556397665967e-01
8.530856532512333112e-01 7.125711642729952722e-01
4.527315476488079082e-01 8.199345481077519038e-01
7.308579311139316859e-02 1.041795864896482682e+00
5.215797824538761507e-01 3.377116898076253371e-01
-2.245324286146663795e-01 -9.380600429806764673e-01
-2.833397966693451675e-01 -1.536376967165077101e+00
-1.105643274373773854e+00 1.213404941233182516e-01
-7.792408360108867837e-01 6.698065326194054814e-01
-4.144747139558557780e-02 2.308221264034906017e+00
-1.384444452046425800e-01 1.086097914158106859e+00
9.891429150597532693e-01 1.026178942745084477e+00
7.891497685769637283e-01 -7.088559472292415009e-01
1.013712462261425751e+00 1.153348590708449084e+00
-1.482503568808628547e+00 -5.195362133675975047e-02
-1.084179525349151962e+00 -3.533361307926917716e-01
-2.182895304727265895e-01 7.366848849173066593e-01
-3.690524296438317253e-01 2.562157060122982610e-01
-1.452740400711234559e+00 6.373630783913991626e-01
-5.199183634131985254e-01 2.961904092519225262e-01
7.055402701557950129e-02 4.372471025963358127e-01
-6.377417246310962406e-01 4.827819774146254184e-01
9.551157755845643416e-02 9.021256993189596951e-01
4.107299521128782160e-01 -1.804448510324391242e+00
1.755632871884201807e+00 1.634252956508079613e-01
-5.745657490154462005e-02 8.214458591846409696e-01
1.822417267654035666e-01 1.703603360180275805e+00
2.326003185459977196e+00 2.643253470198813071e-01
-1.678231226604315340e-01 -7.476417812124793727e-01
8.122752837243684132e-01 1.802462581327070046e-01
1.873008735372452493e+00 5.392084947754188784e-01
5.411269880760414264e-01 -7.275815496705773100e-01
8.532567183406545297e-01 -6.311138766982100634e-01
3.852114854587411763e-01 2.811664287179190258e-01
-1.287167792039683345e+00 1.287895691507402463e-01
-3.159056719037484084e-01 -1.682016131935706760e+00
-8.347712370583320052e-01 -1.522805717795360003e+00
5.818206566057780860e-01 -8.008787768193104117e-01
3.344496626728281630e-01 -6.281451049007561460e-01
1.213960578162330384e+00 7.104512067931723074e-01
-9.697421614819583535e-01 1.445457214120380751e+00
-1.710310272127708808e+00 -1.796647224570359525e+00
2.674353171245300032e-01 -7.249734034122001791e-02
3.000033122290095555e-01 -2.859873457480419656e-01
-3.380347399994185209e-01 -2.888486925999731447e+00
-9.704473019618146123e-01 2.779674314915936972e-01
3.654349861980414338e-01 2.104969884961603033e-01
1.249222077742162401e-01 -3.045044619393862950e-01
1.671665209961292753e+00 2.010085366875419555e-01
1.175061209353398972e+00 7.171507776293843672e-02
-4.989065263544836260e-01 6.229730608789967733e-02
-2.076113429645875197e+00 2.592168024120054121e-02
