1.326618342467323464e+00 -1.074224074700230319e-01
-8.541861178208914884e-01 -1.340668173626113679e+00
1.766958369508393911e+00 1.588095584089410650e+00
-4.451060807486983406e-01 2.445240411449375539e+00
-4.200003538789688351e-01 6.777843548645501315e-01
-1.038084503640340772e+00 -1.072942827137844501e+00
6.334470252900999965e-01 -4.479157578736769341e-01
-7.024930943051737042e-01 1.216940430598122846e+00
-9.530634852078708752e-01 -1.201454877176921787e+00
5.738750750267387346e-01 -1.939531985203120090e+00
1.031027806345262698e-01 6.731911376171925143e-01
2.295698614499623869e-01 3.206068847210122863e-01
-5.495490664018676252e-01 1.835376579307881062e-01
1.311983836613069165e+00 -1.104510947513319463e+00
-1.433068808256462434e-01 1.248347539612277846e+00
1.130584008134319918e+00 -3.673893402653495288e-01
8.448630936529554214e-01 -6.314693259451705787e-01
-1.436943796480879554e+00 -2.654788049887384788e-02
1.540442734046282514e+00 2.415606401757890848e-02
-1.428478927725175929e+00 7.699128933756684834e-01
1.873655400075996180e+00 -1.202424932836890337e+00
3.625954469044404549e-01 -4.284513251467137462e-01
1.425357897264243556e+00 2.331597734482037332e+00
-3.080727853544262262e-01 -5.327198451788323075e-01
2.206246625386462767e+00 -8.100338172082575117e-01
-8.627353015490690780e-01 -1.388530278448705468e+00
7.698555227467430706e-01 6.514696038103862108e-01
-1.019806990404117597e+00 -1.715847848056704095e-01
2.343835959776698896e-01 -6.074100644544495609e-01
6.159283024653617461e-02 7.649975678308699178e-01
-2.919289675736140288e-01 -2.888550867423735902e-01
-1.072243222281501707e+00 -1.307306873059341346e+00
5.669798898010151023e-01 1.293530546320615038e+00
2.440582382343486345e-01 -1.293520144513036874e+00
-8.607962481693079981e-01 1.122364359324377725e+00
-1.351241157892250078e+00 2.895325542426896437e-01
-1.132672987323505964e+00 8.841067704179059739e-01
5.159974704879105589e-01 6.738771772894325274e-01
-1.073758475672733415e+00 1.842586101405816468e+00
3.104711484600294114e+00 -6.958029891698069846e-01
-3.316776502001936855e-01 2.305838490656946238e+00
-1.592573232922638304e+00 -5.297130509417841138e-01
1.545812661965751289e+00 1.494514420085930828e+00
-1.911973797570407918e-01 -2.038597327607830356e-01
1.981687255951302684e-01 9.095390257828267488e-03
-4.645187153259252577e-01 -9.537228019925420019e-01
-5.257699363243375501e-01 -9.792569063768363780e-01
-1.202836450153627057e+00 4.051578700838435326e-02
-3.569444295382370735e-01 2.149527450531236283e+00
-9.444623331607833183e-01 -6.057118672040236185e-02
1.732748151764576638e+00 5.119496075816143410e-01
-2.435532750267162538e-01 2.747179772397037922e+00
4.929529968774760129e-01 -1.219670872573196840e+00
-8.027666994287062652e-01 -1.136117073759318918e+00
-1.772325300403647219e+00 1.585377369453214502e+00
-8.769802758586350278e-01 -9.788885211881334092e-01
