-1.157301160131088552e-01 2.259446766106099069e-01
-2.807138651698657394e-01 -5.075602785276244200e-01
-3.351692482787762550e-01 -1.118725365407275074e+00
-5.674135745499914868e-02 -1.679263302167357974e+00
1.543957031925666801e+00 -2.926912642156632161e-01
-3.250476964726476403e-01 4.810209511316695385e-01
-2.687287850460166605e-01 3.769190387698651001e-01
-1.527971943066483429e-01 2.156382285650123354e+00
-1.929630190605796658e+00 3.606987574854178535e-02
1.092209741544907686e+00 -1.295147180134859077e+00
1.109027869241780317e+00 6.094741913593519911e-01
-1.555076344948276068e+00 -3.027928332915974519e-01
-1.789277815160901897e+00 -3.250551668228945368e-01
1.372559335335004960e+00 6.019240803318427480e-01
-9.325841688121350170e-01 9.452474146504014074e-01
2.172961431980066083e-01 -1.062804517391946701e+00
-9.104895687682830197e-01 4.393555284992127219e-01
-5.616243655088762887e-01 -6.786508014612148143e-01
-1.218241531443654102e+00 -6.539016918554458879e-01
5.802259613164721941e-01 -1.200994476628436169e+00
3.577019943820703429e-01 1.152057583462104517e+00
1.707839465848149940e-01 1.309905096932411084e+00
-1.140086214138175791e+00 -5.110158923837264389e-02
1.576600053987183170e+00 -1.634337236343299526e-01
3.676061165750210136e-01 -1.284646602288915584e+00
1.251662319124347889e+00 -7.317033131800143586e-01
-3.493001405643158530e-01 1.246442609048493910e+00
-9.565372462857926195e-01 -1.671225650443630695e-01
8.053749689976782422e-01 5.112422802945367772e-01
-9.603451732336778512e-01 -5.005789454797415772e-01
-1.912551432578756705e+00 -1.801843771787337567e-01
-1.565508812390142612e+00 1.436765772737385483e+00
3.253921758284901156e-01 -9.522428208080648826e-01
1.192624882490857630e+00 -1.055198088305112220e-01
2.361614165205081217e-01 -6.709451395393623008e-01
-4.948634353203250624e-01 -9.264435882389856491e-01
1.232914927969746888e+00 2.278958220858546824e-01
-9.248310717699309569e-01 -1.489720080745352828e-03
8.181714788904025371e-01 -4.024333477264917525e-01
-1.921072746686325050e-01 -3.515684456885975750e-01
9.541973082360271086e-01 4.903450900299669568e-01
-1.247689632667018156e+00 4.658513094724865411e-01
1.031672600877436397e+00 -1.674064106806198438e-01
-5.682957726234991735e-01 -1.204182601351176274e+00
1.375223093389371876e+00 -1.380864652648794433e+00
1.023710888946820496e+00 1.581025089857233334e+00
-1.303036945898222942e+00 -9.853271729593630068e-01
-9.419036866862980917e-01 -8.845479067305246357e-01
8.050032550831243139e-01 1.393607801042952288e-01
-7.697439850243527060e-01 1.030632429791935811e+00
1.587989266877129158e+00 -8.040282217884396898e-01
2.290133705977916989e+00 1.672455893507148184e-01
9.682654328608489847e-01 -2.221038518046504429e+00
-1.445410122541823383e-01 7.195047088933322899e-01
1.566049917970398608e+00 9.691162315105487091e-01
6.875965181714465135e-01 1.292235585219157379e+00
