-6.960815921970373576e-01 -1.760421517446107309e+00
-5.776084668996829263e-01 1.926823198624745492e+00
-1.960852165040120942e+00 -2.392474670404996784e-01
8.416221964345306228e-01 -1.051020280260285045e+00
7.419265672449083526e-01 6.186336963757047558e-01
2.562455081122676660e-03 -8.198618356013467889e-02
7.434983548024608480e-01 2.926988314657485990e-01
-7.022543208109180424e-02 2.368389439274117603e+00
-8.377282379996233708e-01 1.200389354046236035e+00
-7.231202691335994470e-02 -1.867151597243332573e+00
1.950494666969052382e+00 8.698217533618713970e-01
5.097231639236172729e-01 7.908145793810880120e-01
5.623693669183311705e-01 1.261294569334562576e-01
2.438291715086350120e+00 1.179357554259790497e+00
1.597194603284885828e+00 -3.551476285437014657e-01
5.152116474022111481e-01 -1.549891968649440566e+00
-8.292862976340625858e-01 -4.568417341297223433e-01
-1.747747144622254334e+00 -1.167763860479423599e+00
6.412918122420566136e-02 7.497563474766073301e-03
7.503201666442718132e-01 -1.968462867392710980e-01
6.098796637249638275e-01 1.035276257824218504e+00
-4.000749206091819832e-01 1.220082908961549029e+00
1.684454595322677217e-01 6.806001509202708188e-01
8.137070682803063670e-01 -5.037765976081881591e-01
-2.120967907648253714e+00 1.719826377354210512e-01
5.020181525177425108e-01 -5.850175628426778074e-01
-6.670334391746954306e-02 -3.972357407643485327e-01
6.892229161526803871e-01 -1.106397126040762346e+00
-2.238480185370586295e-01 -2.357783583444734710e+00
-7.552808642864444755e-01 -2.522195373027893428e-01
2.480980135819570442e-01 -4.959378636945784291e-01
1.897541535164470217e+00 2.610089484052630082e-02
1.805087758933066722e+00 -9.740239838523555294e-02
7.786973411050778227e-01 2.225109516725410685e+00
8.189429734214639378e-01 1.198639693312296972e-01
9.583801387325225907e-01 6.497856930686728427e-01
6.482694167513983752e-01 -5.796388660348352762e-01
-7.750715268635088862e-01 -1.013542292356274022e+00
1.669817886916169947e+00 -3.935817873989956306e-01
5.954465859467396038e-01 -1.974762983020021956e-01
6.080611072999846378e-01 -5.916264241975103255e-01
2.324747677546572938e-02 -1.209386383323727499e+00
1.064041092992664028e+00 -1.233197444048673042e+00
2.150669765460526406e-01 -1.159468082167543157e+00
5.300447588860209835e-01 -7.655699502938638767e-01
7.902213657192131979e-01 -1.097145620536564212e-02
-3.493679668882682665e-01 5.884505850266025934e-02
4.965046416191786771e-01 1.075111428711411410e+00
3.581390051268563690e-01 -9.678147312527740631e-01
2.111302263819447300e-01 -1.033480624104978096e+00
4.197117323697674429e-01 8.134416803693386155e-01
1.602728585815995199e+00 1.291811126933530840e+00
-7.404708990615046504e-01 -7.070556246854944327e-01
-6.920986932332230668e-02 -1.226345973073625084e-01
7.779438965494314129e-01 -8.153349300665698740e-01
2.727139643997585239e+00 -1.507701339210032021e+00
