-8.120498227534840296e-01 -3.633827745400012854e-01
-9.290574141201667357e-01 -2.428232268850387676e-01
3.614407408431569713e-01 -6.583470603649145270e-01
7.900985505442197354e-01 1.102979726978672081e+00
-2.375497291723261128e-01 -1.508856209950604210e+00
1.759228355600480187e+00 1.487890997998828180e+00
4.226108603160657617e-01 1.555612144841224120e+00
-5.328406975839831139e-01 -1.933858351784703000e+00
3.906103274780061141e-01 1.016848750903164067e+00
5.579660672390529541e-02 -5.756820136218075978e-01
2.023568936042042132e+00 -7.138413490008312934e-01
-9.069380389962580225e-01 4.984951226164821003e-01
8.260320712176195679e-01 -3.779785590519462671e-03
1.192896167885799663e-01 3.335327699993675399e-01
7.879625626202291233e-02 4.922045472869628346e-01
-1.935016463887438976e+00 8.522886355118866053e-01
-2.381248684798005499e-01 1.830169710874096412e+00
-2.058401582904046956e-01 6.541373568178332487e-01
-1.007582681347888309e+00 5.751371118518054659e-02
1.897721346577355694e+00 7.452361940919169925e-01
6.781664574653326616e-01 5.470680017991323696e-02
1.191029765474182350e-01 1.281077660244602234e-01
1.944228419063812330e-01 2.623196757000818002e-01
-5.395693843571633952e-01 2.370643061503349802e+00
4.359972829047537579e-01 4.038080032876793513e-01
1.388986166048330917e+00 1.335236841804720576e-01
1.677759736126852808e+00 1.689290182348961222e+00
-1.219208718961114268e+00 -2.836411900858604729e-01
-4.294808558738174575e-01 -9.765516252870471980e-01
9.559661295794984470e-01 3.623337079769685110e-01
5.853204744905647905e-01 2.349198283676850185e-01
-1.454190332384379669e+00 1.583185816755755315e+00
1.571359853496605286e-01 -1.118973176360178234e+00
1.866160368535678404e-01 1.108075034867394004e+00
-2.233451333250905668e-01 -9.251905570318495753e-02
5.568231689429677944e-01 -1.874907563793012821e+00
1.193960580728136822e+00 -4.359792217910707923e-01
-2.124709512265744171e-01 -1.511350268534654706e-01
-7.891530043381438375e-01 1.851833619758996297e-01
-1.911006978883037943e+00 -2.517334813069107002e-01
4.745675407926145395e-01 5.792362096294241258e-01
-2.039153715382055587e+00 -8.898902965055996983e-01
-1.300578800358906661e-01 -1.553346603264040837e+00
1.207097481773606429e+00 -1.321226439740716296e+00
-1.559514498256439508e+00 -7.222056194862891410e-01
-3.370035115522995173e-01 5.406757942381554827e-01
-8.614060568489537717e-01 -5.793347326949599418e-01
7.007536998375164528e-01 1.297461270525783306e+00
1.965862866132980002e+00 2.251075389941846527e+00
-2.270598207313700101e+00 -8.356556766292214666e-01
1.830694239348996888e+00 1.945112081259194436e+00
3.098317109464444052e-01 -1.107455992097573505e-01
3.185381867950896617e-01 -5.189248427759598492e-01
1.848389425637861350e-02 1.118317335331458384e+00
3.480762101199155190e-01 -1.357347374469871193e+00
-3.779464175961848027e-01 -3.039842117823396417e-01
