-1.237227780529246424e+00 -1.374813536211298315e+00
-2.745552784969416127e+00 9.912200219214262198e-01
4.632955727795418643e-01 8.457688613090625918e-01
1.494779455072716479e+00 5.578133742371040871e-01
2.686508125712815942e-01 -6.143805575190209867e-01
-1.124704863165706670e-01 -2.677724831012716633e-01
6.646454711878557742e-01 1.312348309525850354e+00
-7.296344228730107240e-01 1.978724115378529547e-01
1.212819587492408452e-01 8.986099192243749423e-01
1.109554625180064535e+00 7.830607831892285597e-01
-4.040280252375037517e-01 3.598240438628571791e+00
1.521572877236020693e-01 8.815563440889270241e-01
-1.095632773953552519e+00 9.833596547384958475e-01
-7.097099307295744453e-01 -3.231618600219313686e-01
-1.364331427241987083e-01 8.429429160016996825e-01
-1.690671783631786385e+00 3.579855079048939182e-01
-2.353984594009648768e-01 -6.118664791034681416e-01
5.957990481064429078e-01 -1.362344296420907819e+00
6.055404871596603567e-01 1.641524434868981919e+00
7.901985971327759595e-01 -1.357957552475932417e+00
1.675923541635511160e-01 -1.370620923177490624e+00
-1.236759556647084812e+00 -1.325908482625459683e+00
-1.318072730249779445e+00 1.125344996807641884e+00
-2.930685517831851938e-01 5.496806277411755426e-01
6.966188725591621056e-01 8.805695282031883453e-01
-1.719075903866705390e+00 -6.219747008795576404e-01
-2.379662886827576540e-01 -4.463809306519853082e-02
-1.983789539026959314e+00 7.043212664531879608e-02
-6.696173513575069680e-02 2.889776306356310887e-01
-6.859376696421705111e-01 -2.939878211238913797e-01
1.550314011326136887e+00 -1.426289283885276316e+00
5.986409199550976057e-01 9.039617217736647392e-01
1.158163569354931033e+00 1.135724502684840598e+00
-5.622893149998999807e-01 -5.912784315679598529e-02
-4.891933550447564172e-01 2.949952064830385079e-01
-8.219811233129652450e-01 -1.517808926260564850e-01
3.348828143930120821e-02 3.226658596054864936e-01
-3.037448104084416317e-02 2.015284001642020095e-01
3.273559561227756820e-01 9.796192593310735219e-01
-8.943074661743981302e-02 4.745607323086624696e-01
1.322092414850463138e-01 -4.239603851734158324e-01
7.619328672721520368e-01 -2.151840445635314625e-01
-1.534107860461603634e+00 -1.830072979296668290e-01
-7.370290320353217739e-01 8.335142664542750657e-01
7.001349019416396313e-01 1.296817155459793813e+00
2.565701158851566799e+00 -2.935721629039824254e+00
-9.591185625748558374e-01 -1.530040661688405912e+00
7.137470262104234076e-02 3.043706567887810022e-01
-7.194918457749580609e-01 -2.478710342297327923e-02
-9.157956251169079298e-01 6.794030929078407333e-01
2.880084176435980803e-01 -1.364691126980440039e+00
-6.964972015498913649e-01 -5.748950447268857955e-01
1.058150268289272666e-01 -2.812691595917289900e-01
-7.137886388191426457e-02 6.126263490850502452e-02
-6.724561055769775475e-01 4.000123959976854549e-01
-1.137923600371186117e+00 9.798022055050681356e-01
