-2.212701066330089450e+00 -1.741149684728800162e+00
-6.900085140301918940e-02 1.200430893098642926e+00
-5.839210118630597801e-01 -1.731255876149552897e+00
-5.032832173971402145e-01 -7.883609254491555918e-01
-8.859408963419855843e-01 3.343074160894298208e-01
-2.821854538173244720e+00 1.327523725069055693e+00
9.978183660097875718e-01 -7.102561071923657599e-01
-2.981817309011196016e-01 4.575766987540301756e-01
1.009836237848102058e+00 1.326469454971002326e+00
-9.585713256079794187e-01 -6.285770243682101133e-02
-5.314846887429840461e-01 -5.063951655452161166e-02
-8.332172940411847195e-02 3.849182261238626723e-01
7.778379777842412413e-01 1.114699267089672707e-01
8.584340500652736239e-01 -1.199788104310444359e+00
-1.549697797101710073e+00 9.893575513054975179e-01
9.801571593110497416e-01 -7.346333956733512582e-02
4.108405833624774184e-01 -1.118810191916685293e+00
5.123774765799272712e-01 5.407997213268537218e-01
7.328382614390770433e-01 5.406007654052474853e-01
9.958834796576738757e-01 3.325780180380514817e-01
2.981541468141711837e-01 -8.361699651536848021e-01
-6.933454800647034233e-01 -1.220951086611492098e+00
7.678001154585915033e-01 -1.334490311698937504e+00
-1.234506468318106176e+00 2.665855619832448176e-02
-7.063675219796243798e-01 8.443582211838803753e-01
8.119881714718765187e-01 -1.500461835970681168e+00
-5.546491276414746707e-01 2.398169117122865845e+00
-1.352550539287538101e-01 1.423398715483896737e-01
4.384496021693199963e-01 6.437566675711392516e-01
3.431639957296253596e-01 -7.542863264441991566e-02
-6.603459125025579191e-01 -1.798913589469280483e+00
4.153354623836048032e-01 1.998248058465944776e+00
3.372476122585198466e-01 1.203690986743265467e+00
1.273163830952101783e-01 7.583247262439191116e-01
7.741828890202546720e-01 -7.306968068512581516e-01
1.567210979369515478e+00 -1.551156160224806957e-01
9.521316803348475188e-01 -3.709998777205623099e+00
1.052689628491136231e+00 1.291125400297266301e+00
8.778610294507434020e-01 -1.217106828499715299e+00
-4.969720282272686029e-01 1.981952169355785665e-01
5.197046563420930632e-01 -5.608480136996533139e-01
1.731787390259194259e+00 2.540350019307864304e-01
6.298030080434242894e-02 1.138274287506930854e-01
8.414216150843252251e-01 -1.441688543133029521e+00
-1.880018876873612799e+00 -4.611055919860843066e-01
1.727874313397181227e+00 -1.409379176692521884e+00
7.703951868318716922e-01 -3.432344832027804937e-01
-2.327048961862525703e-02 -1.966366976692283330e+00
-5.588437301971729276e-01 -9.431218803688411478e-01
6.146955119509582843e-01 1.144967706710708244e+00
-1.916722888080616860e+00 5.263770121067536945e-01
8.564155799677772851e-01 1.331108207664154497e-01
-4.217950842149529866e-01 1.430827630867195221e-01
-7.189861233989149891e-01 -4.825730102144835110e-01
5.948022051218242456e-01 -5.022491504714017285e-01
-2.498402412215894597e-01 -1.331150079942461595e+00
