5.782079935435999740e-01 -1.863879672044481683e+00
-9.297949340472014823e-01 -2.467270386546143723e-01
-1.397994053648341506e+00 -8.796541886331948543e-03
1.634935030199889061e+00 -1.188457825304981563e+00
9.383607338456645408e-01 -7.769490265692367004e-01
-6.130528683338054563e-01 -1.680758692816018751e+00
-2.895159979928723648e-01 -2.559083846042966015e-01
-1.393138584997577922e+00 -7.858406491056858512e-01
2.029100096189200730e+00 3.973045348289849094e-02
4.040615422637376386e-01 -7.204145281741599627e-01
-3.109015407984376256e-01 -7.942454033005111325e-02
-5.902724432621927475e-01 2.720639202446460958e-01
1.583536340725113720e-02 1.113365199103674819e+00
4.073457847922772324e-01 -2.032194096674742531e-02
-6.108186605967567268e-02 2.759828972444035577e-01
1.087651277439220632e+00 4.221419455793941067e-01
-5.673305572086616566e-01 -2.459612437008096286e+00
3.200953209926753196e-02 -1.681173445740608563e-01
7.984310520311439507e-01 3.190563997310800204e-01
-9.172489109535635343e-01 2.983625774857702417e+00
-6.923818839492849042e-01 5.505477395684930247e-02
-1.027112159170266104e+00 -9.649484311674111359e-01
-7.318791927418777377e-01 1.214936859191487528e+00
-5.345302522449744131e-01 -6.116731351634825398e-01
1.214190796470686395e+00 -1.416993648912307641e-02
9.821985530352728144e-01 1.522383174162964092e+00
-1.399403224506153842e-01 -8.996069440392875927e-02
-1.712525058481594531e+00 1.715791852864142486e-01
6.855136266817909441e-01 -5.854880388109928724e-01
4.315238121850107356e-01 4.614644554764271711e-01
6.328165636600935340e-01 -3.682685780555412514e-01
-1.283981577191863899e+00 2.129051615945269926e-01
1.678582145767215872e+00 -6.431045775108141793e-01
-8.708835173820881348e-01 -5.320975060026575942e-01
1.331038470433182352e+00 -5.899088978597261113e-01
-5.144288346631722408e-01 -2.056891617214799683e-01
1.682357505484174620e+00 -7.707301770403965357e-02
1.404326344398540705e-01 7.792712105523523503e-02
-2.017934808046935480e+00 6.418831647670953933e-01
-5.399366820174854587e-01 -1.031009136774428125e-01
6.455404548479570792e-01 5.455754164786258409e-01
-2.587314467326934930e-01 4.597077295190237223e-01
2.552215427836263539e-01 1.487850321602236292e+00
-1.140364465853013654e+00 -5.912566423982074104e-01
-1.579476697326358536e+00 5.737867036862399905e-02
-1.097217700746748070e+00 4.709967437800252621e-01
-1.426202118322545953e-01 6.546979373722641160e-01
1.145445500405998018e+00 -8.996113634943482262e-01
1.419284137285606651e+00 1.601135619336133020e+00
9.779665529858508344e-02 -1.662845641898844429e+00
-2.890644822322432916e-01 -1.564825358877273587e+00
1.587786052241939805e+00 2.097159382302152153e+00
6.128306090307309439e-01 -8.681065618952772400e-01
-1.361088633991671126e-01 -3.432549965465681585e-01
1.352619518427612411e+00 1.836604643458153552e+00
1.229322820257461590e-01 1.503371571689023689e+00
