6.795735714817127127e-01 -6.040303419629728943e-01
-1.382019225200001866e+00 -3.819949769285167773e-02
1.169259688164025202e-01 6.751609276850352170e-01
-1.365283732485894186e+00 2.217387436947800550e-01
3.821428660809418898e-01 -2.708740906071208654e-01
1.938188452961427277e+00 -2.126076324845919963e-01
2.052463688723984880e+00 1.185992043147914954e+00
-7.717276954580659654e-01 -1.596973145532154525e+00
9.138059310983780437e-01 -3.108269093808527228e-02
-1.953723074159839479e+00 7.084925326736302154e-01
1.671703106009378548e+00 -1.587343727100340329e+00
7.271816934830930279e-01 -7.319679092163001721e-01
-2.202376883522350948e+00 1.747070144643337875e-01
-8.777603886223683816e-01 6.544825045546458497e-01
-2.250693067991931695e+00 -9.056671420850671561e-01
-2.875519504809239124e-01 -8.889794140948846790e-01
-2.115702962146793542e+00 -8.779177552785448480e-02
-5.637828253091571318e-01 -3.318207348655787814e-01
-1.620558557838682745e+00 -5.815754845470628709e-01
4.352435092526749094e-01 -1.015091479962134446e+00
-3.715685962914324486e-02 -3.452129666098953109e-01
9.171186438006010411e-01 2.070601463636325690e+00
-1.756557352628278779e-01 -1.056966677610917449e+00
5.900461421905635051e-01 1.179635777432725963e+00
-1.207950696502066573e-01 2.035185515734441619e+00
2.286140768732125225e-02 -5.660243206084163425e-01
-1.298394241515042624e-01 6.870974898545746390e-01
-8.796050867183501376e-01 3.587114973895049186e-01
1.817320398127825198e-01 1.595413002817170689e+00
1.377666118947768137e+00 1.180832186242915638e+00
2.513550188302121624e-01 -6.706637878014297671e-01
1.186696814349612383e+00 7.578820154452140523e-01
1.243036585561801521e+00 1.483824249448860155e-01
-9.692053724905271839e-01 5.074083668347189047e-01
-8.982222063870746176e-01 -3.462677583988486851e-02
-1.356827700292774774e-01 1.385292934628603589e+00
-4.306553636062263601e-01 -2.684700820354715134e-01
-1.715639507140720221e+00 7.413571037999526769e-01
-5.278764597729090902e-01 2.116444004323067229e+00
9.159548477292308588e-01 -1.308528854733967739e+00
-1.325666827721605934e+00 -6.630647790833008592e-01
6.666561590107872304e-01 1.289467335915934099e+00
1.141778625652605017e+00 2.370067071815907048e-02
6.512757886692329690e-01 -1.095786685754654100e+00
-1.638831066639669931e-01 2.621171255614463957e-01
-1.628315144595624098e+00 9.387277718869386778e-01
3.009226408366596703e-02 3.365018700082532455e+00
-1.100582247824010984e-01 -2.417787492677034411e+00
1.548359375481743738e+00 -7.045044191702120630e-03
-5.993663297295470649e-01 -5.996312485224492006e-01
-6.563091587687967798e-02 -5.485203594801870697e-01
2.684273415224079695e+00 8.681993026837325766e-01
-2.679180128447547493e-01 5.280788343199336321e-01
4.411447076081014829e-01 -1.070076574913539913e+00
-3.656575722737779865e-01 3.285806730496925177e-01
7.894411087579357444e-02 -2.904359187451709179e+00
