7.205937162879400004e-01 -3.437697683492619283e-01
-1.765352496603610211e-01 2.022367548945379401e+00
1.292040723637389033e-01 -9.913121408423037906e-01
1.375468419626544869e-01 1.049450571502472895e+00
2.840131532869303865e-01 6.412000603414291788e-01
-5.722107145946976337e-01 -4.974844220376065662e-01
-6.876043586140625496e-01 3.544272566494912624e-01
-7.786137031555607768e-01 3.303410501486354900e-02
-4.913753338698100270e-01 5.239600699375899229e-01
-1.306566352546383980e+00 -2.537870469069748447e-01
3.387425048938337846e-01 -4.754171225153384084e-01
-8.836195660460687273e-01 1.118032762130447111e+00
9.892643723068921258e-01 5.742095245477081278e-01
-6.822241352304524442e-01 -1.038602884578901486e+00
-1.868150897390950249e-01 4.725229542444939757e-01
1.911676319619137199e-01 6.024880338236036081e-01
-1.770574185814582258e+00 1.635466351956879949e+00
-3.534234142573657311e-01 1.493364856608935698e+00
1.006926712642816524e+00 1.231685492306347163e+00
8.394026427978038551e-01 6.675517808432928080e-01
8.633965339225492253e-01 -4.486192890618314055e-01
-1.281767679506334190e+00 1.333885199109154707e+00
2.341799183131279827e-01 5.767995148437730091e-01
-6.068635036571954355e-01 -6.226816142180371244e-02
-1.074328428018044512e+00 5.456557098267397210e-01
-6.907416042811963530e-01 2.085427030334950360e-01
-4.358414083925649107e-01 1.832186715861672477e+00
-5.682524779103023116e-01 -7.432313848766085584e-01
1.537654436091562493e+00 5.886074585824294658e-01
7.690109298239746760e-01 -1.542026910592521283e+00
1.274697897652223022e-01 -4.067482510675675678e-01
-5.345356512534243931e-01 -5.310429790349948664e-01
-3.659617483502413671e-01 9.788220980019150808e-02
3.235400307816341803e-01 -3.222960486577199912e-01
3.625305380898951046e-01 -4.157478722027388440e-01
-3.007639919098887837e-01 -2.498350242784407038e-01
6.974323622614424512e-01 6.708461206778434383e-01
-1.454832133426544605e+00 -4.545182525244756411e-01
1.154949284893458383e+00 -1.226259232507758368e+00
-1.516515919748510965e+00 -1.476302088420936798e+00
-2.454147156119065032e-01 -8.805899857475329995e-01
1.018596637531643534e+00 -2.015947241059348194e-01
-5.866310799825925903e-02 -3.134490648484270503e-01
-6.214605388645421113e-01 9.088168459723902082e-01
1.743810029800047234e-01 -1.021720549466383687e+00
-3.559703571191010774e-01 -3.711015451992071279e-01
1.128068984854613044e+00 2.687917640309078315e+00
3.466414509015396939e-01 -6.926996464934302988e-01
3.200222615999782083e-01 9.134496463370667119e-01
9.308993313849249773e-01 5.383108537594279985e-01
1.587045182811804844e-01 -1.625398888057577942e-02
-1.036774909024711810e+00 1.840142687036984415e-01
-1.158616288107608749e+00 4.004460392169943428e-01
1.029830716930159040e+00 -9.708608796330091273e-02
2.535716201275747483e+00 1.621817163871113632e+00
4.903962374444438832e-01 2.166380147366206432e-01
