5.321047463655727006e-01 1.766872014346687392e+00
1.549479907716016180e+00 -6.366235548329736149e-01
-1.409708543911515566e+00 -4.368633352997230435e-01
1.024481268433683478e+00 2.688288339648520209e-01
-7.716116031641131467e-01 1.858121988093731636e+00
-2.197363783851266905e-01 2.552223756550433986e+00
8.499756413565685564e-01 1.819406589456641354e-01
-1.098473988176023486e+00 2.840782162248994824e-01
1.451950510248676940e+00 1.540597769702810316e-01
9.621336731217527971e-02 -1.304449686876304471e+00
1.060522592914594275e+00 -5.002059654842447856e-01
-8.643050410077395274e-01 -1.367587180163910787e+00
1.780407825904234409e+00 1.064536856558142119e+00
-1.011693839776924175e+00 -2.722704519981340998e-01
4.929986744516880459e-01 -4.712537556103364444e-01
2.421701148115563029e+00 -1.093317581636956831e-01
-2.051719538437882129e+00 5.108062281760956669e-01
-4.041558492601213248e-01 -3.901876171554947703e-01
2.868703734566339092e-01 1.918605793017408967e+00
7.237208455928730855e-01 8.982038254165064517e-02
9.505403617767460567e-01 3.513098497904235673e-01
5.003691714704795457e-01 1.666566368316837500e-03
-1.659444416029134839e+00 -1.142012671748999342e+00
4.366547870101190019e-03 -1.983109428751964887e-01
5.224838510932275915e-01 -6.835849844888471916e-01
3.839870358169362174e-01 -2.100205852880766777e+00
-1.303215783298627084e+00 -8.838536529964317046e-01
-2.266307993932277776e-01 -1.127680852947976264e+00
5.933531716085486130e-01 -6.846109001196919695e-03
-3.966234320514179235e-01 1.467839310352482718e+00
2.357425769046019026e-01 -6.237584129064289717e-01
1.951813490087003222e+00 -6.949888289059521496e-01
-7.803494821418721639e-01 1.141355553207665796e+00
1.698681144816491129e+00 -1.080897711810901718e-01
-6.374386989794623704e-01 -1.225130862899295403e+00
-2.750420756253374108e-02 6.184861149682091552e-01
4.734813116130622279e-01 -1.216687453335320246e+00
-1.224172400747932876e+00 -9.641773381093085016e-01
-8.924954301591939698e-01 1.311530550982897836e-01
2.850064569249989854e-01 9.843735431802733693e-01
-2.527420818127199098e+00 -9.891955312798239586e-01
-1.193416358667310107e+00 -4.610381095994044859e-02
-7.909414588426249004e-01 -7.728522751177226979e-01
-7.556741394227641795e-01 7.872365902177077546e-01
4.813129565549693206e-03 1.949180539208001384e-01
-1.025192018019870505e-01 -5.790424636764225363e-01
-6.147145940852226653e-01 -1.494151258946522232e+00
3.458773753796794415e-01 -4.101552905257761505e-01
1.409424569083545409e+00 -1.216863050671756152e+00
1.485932769875975445e+00 -6.995605101217278188e-01
-2.480277943893594905e+00 7.418070498368721788e-01
-2.832900769106564409e-01 -3.960638362314780059e-01
-8.281839002489258528e-01 6.814664384117103957e-01
5.941855013145460607e-01 -1.181801132901275642e+00
1.175847308741833214e-01 -5.493388616286752901e-01
3.411405183276555175e-01 8.392533501121379746e-01
