8.613296753977370823e-01 -2.212167046122399672e-01
-2.290587006464921485e-02 9.580275004496139335e-01
4.695262714343946819e-01 4.451164919670419495e-01
9.836508914820957239e-01 -8.403857178931705141e-01
1.113400755263145969e+00 -9.365952784115665342e-01
4.335365697137090191e-01 1.356359007676442158e-02
-7.080237307870351771e-01 -1.429225223902825581e+00
-6.371105083848930262e-01 1.310276205288637974e-02
-6.636094315990900827e-02 6.176713738173186252e-01
1.734222872533076387e+00 -3.297576955312057079e-01
6.094279895730847496e-01 -5.413581488579110035e-01
-4.147312616894253123e-01 7.651153646700303845e-01
1.468939861603008268e+00 1.157876462362611575e-01
-7.168223975319722996e-01 -6.010141989514935501e-01
5.099968417072923144e-01 -2.627180455679722360e-01
8.196770933550842075e-01 2.403797053234637826e-01
-2.258184730782602401e+00 -4.902245973322976735e-01
-1.035581943077294731e-01 -1.077538400090363169e-01
7.234682709885023599e-02 -8.588319820747584987e-02
9.393939444281852458e-01 -1.420006789479664633e+00
4.396372823860306700e-01 -1.276705859691227074e+00
1.632419567779201275e+00 -6.429778726560465563e-01
-2.093646988635801343e+00 8.865629256242461842e-02
-3.883355978865945524e-01 2.014571779882970703e-01
-1.435254886306617517e-01 2.352226099492593647e+00
-1.717015584878812673e+00 -1.011548160141618080e+00
-2.930277053685840238e-01 -1.426223274586774226e+00
1.104043862968158374e+00 -2.092096633597099853e+00
1.298301741601069814e+00 -5.852299350992762328e-01
-5.449054559498842654e-01 5.203914724532311409e-01
-6.185735372318476033e-01 5.662893970182565351e-01
8.396881331266921045e-01 8.984310648368696306e-01
-1.918061084658458260e+00 -1.272261561079563119e+00
-3.541226996183541864e-01 1.564394067744424299e-01
1.094178648236476370e+00 -1.265237743481508081e+00
4.186589025569578681e-01 4.241225307715217885e-01
-1.119774639525244753e-01 1.017765561628198867e+00
1.486818917927978656e-01 -1.720817318220422054e+00
-2.030122216974902027e+00 2.265324426648469558e+00
9.451184253723589335e-02 -4.644403699932872498e-02
7.865342101995055346e-01 1.193996721437969422e+00
-1.079237052748707848e+00 8.633814145409545171e-01
-9.970425906981442710e-01 -4.605495450340250096e-01
5.686577823527793479e-02 1.453677005514490750e+00
1.253780547705796611e+00 -1.079027613463427876e-01
2.314683773084333096e-01 8.428761692789368265e-01
6.296598647924966929e-01 5.981124508372541726e-01
6.333497577375056808e-01 -3.485153803345966694e-02
-7.490680007594382461e-01 2.701835510960681197e-01
8.605467956626963177e-01 -1.882194696024020564e+00
1.206623363756003764e+00 6.544963503143091943e-01
1.478544470965555413e-01 -1.057252534484683260e+00
-7.527042427503876088e-01 1.068001934550821375e+00
-8.963113403635234455e-01 7.986991751423101471e-01
-1.190395381842516587e+00 6.998674122429293654e-02
-2.732813499468582097e-01 -8.312320596910124371e-01
