9.135750220207482508e-01 9.637700775365408701e-01
-2.678930256908096733e-02 8.668230698432942694e-01
1.295645024779307208e-01 1.727517861661235499e-01
7.088334584994631093e-01 5.746743348131411189e-01
-1.118405133310769406e+00 -8.872374461251029132e-01
-2.314792766078734854e-01 1.191595252652190906e+00
1.930554857871239482e-01 -1.613005862946562396e-01
6.049960144769635922e-02 -7.913894426256926629e-01
9.739549954435531287e-01 -6.297506810431419133e-02
-1.422510803239231958e+00 1.692594837720754253e+00
-1.247183151945061796e+00 -1.871118896619875516e-01
2.736815861205763034e-01 1.588646894037016422e+00
2.314605306572971255e+00 -3.471559150215745571e-01
-1.365273465767731897e+00 8.954760243223819360e-01
-9.458289401119180928e-01 7.402607884790465276e-01
1.612496924865177983e-01 2.125042892654401827e-01
1.962869705644150864e+00 -1.376744637147353956e+00
8.882974768684849254e-01 1.423188035107873395e+00
8.130141357319754791e-02 5.780543110582896382e-01
3.881091908816542979e-01 8.746979878940235320e-01
3.895920713433711491e-01 1.704851137937181349e+00
-1.359068226113836042e+00 7.708390309867819701e-01
-1.307491510127550827e-01 -1.481397525790846936e+00
-1.792328286039359675e-01 -1.173693397316863729e+00
7.427428860496521068e-01 1.121740344123090677e-01
7.553045239854854209e-01 -2.362404521859747808e-01
-3.587905327335035310e-01 1.719483650835441357e-01
-7.573409338626029275e-01 6.974805823581646802e-01
1.203653014354240325e+00 -1.549191932331776655e+00
-3.758434065037379312e-01 1.451633649568828233e+00
1.276327224461862864e-01 -6.825647699953729663e-01
9.701530738068354642e-01 -5.843214699881114083e-01
2.900218197265522213e-01 2.454356072423592661e+00
-1.179773112827974257e+00 -1.898291119734350080e-02
6.232656341064664041e-01 1.360458958875136570e+00
2.733203536373652320e-01 1.344596422654759094e+00
-2.950282153669684382e-01 -7.864180897443217022e-01
-5.027486187453514832e-01 -9.632617565989525232e-01
-1.969207645465875123e+00 -7.904762910015595834e-01
-2.859894700342267837e-02 5.096358309129326303e-01
-1.026241549316135204e+00 7.363244295709410470e-02
5.392711938055509968e-01 -1.975838195269503106e-01
-1.801036142511207583e+00 4.857563914348360656e-01
-2.028703395475261573e+00 2.412849441740813727e+00
-5.844297467668886359e-01 6.421567807092214419e-01
1.060110603880855651e+00 2.093285084516976757e-01
1.090143143278710536e+00 8.427652987357066028e-01
-8.575147180749127518e-01 -9.346433782712211258e-01
1.149761803618594147e+00 2.457376749409515782e+00
-2.704149639152426121e-01 -4.104363559521864158e-01
3.608339773977767839e-01 -3.339814174328836205e-01
4.570703659762181958e-01 -2.291795513633881232e+00
8.975674798875124538e-02 2.992123550380625940e-01
1.738686739514497148e+00 -8.261682535699723662e-01
5.044908090458940508e-01 8.968829644733955497e-01
8.916492128013975282e-01 5.855268151887836892e-01
