6.135634758868494520e-01 -2.354741075716723919e-01
6.506459717675061594e-01 8.425145748932283407e-01
-6.549072058428490051e-01 -4.472610423769058374e-01
1.408712598514329617e+00 2.982094428892826943e-01
2.274135259741661752e+00 -7.698311325449276321e-01
-1.099582950028102246e+00 1.069899911351010591e+00
-8.976107694534121162e-01 -2.780976580134580586e-02
2.346462045792428730e-02 -2.024581573976252935e-01
-1.722268876341580768e+00 6.194423770810099095e-01
-9.519098159267948278e-02 -3.745056725889964078e+00
-5.287778111769622091e-01 1.100406115430781595e+00
-6.208481504874953094e-01 -6.961688749661016917e-01
1.924489117602420363e+00 -1.165425010917412019e+00
4.340945980260790260e-01 4.639054674167231163e-01
2.072942129668126354e-01 -8.246429716833009183e-02
7.465153557952554086e-01 7.016976324284056321e-02
-1.003462219358413732e+00 -1.029334590045864362e+00
3.075576278991509760e-01 1.084194484367555944e+00
4.130802761890582375e-01 -2.448730752265106669e-01
-8.324150966152268349e-01 1.887732749814492683e+00
4.943558949096048538e-01 1.198190282895964742e+00
-8.550726918745870098e-01 2.079159780103977173e+00
1.207670946249225885e+00 4.948123309164424999e-01
-1.909012254752223692e+00 -1.103582563757772306e+00
4.071260877464382144e-01 2.167265853224025207e-01
-1.336291665847400223e+00 4.307108327045758855e-01
-6.937019332680328665e-01 -8.804069137842446269e-01
-1.213195668727451215e+00 6.270166908786848348e-01
1.064617526961642913e+00 1.278090089666523044e+00
-8.104486367576790992e-04 1.434157711669369784e+00
-2.049299106676636950e-01 2.353319049118624828e-01
-6.986934115175720272e-01 -1.112299208712258097e-01
-6.302072038149370004e-02 -1.841112303769038838e-01
4.510695349977220103e-02 -5.770413041955813060e-01
-9.468813458559333096e-02 -1.855469185820652456e+00
1.523181701090867035e+00 -1.991558412292636415e+00
-3.855392201244837169e-01 -1.407774444696731075e-01
-1.433911535264098758e+00 6.546651193907393473e-02
1.704484102662972234e+00 6.260162440829829533e-01
2.267697211770522969e-01 -1.403962363411174419e+00
9.688239748572198273e-01 9.260573896034365315e-01
3.725267685657855932e-01 1.855904416449913219e+00
-1.466173503229860398e+00 1.407002695811866433e+00
1.938364856865549268e-01 -9.711873723589498075e-01
1.297377340886232577e+00 -3.156257269443500935e-01
-8.269086417565288949e-01 -3.828464900787331704e-02
-6.545367007335927134e-01 -9.619263652063270165e-01
-5.991017220023326928e-01 1.580450244809922689e+00
-1.410859051653285123e-01 -1.494704518632992363e+00
-1.654274831378597932e-01 -1.522381736653385942e-01
-1.229440109262703640e+00 -1.689227321193093878e-01
3.312261004668591302e-01 9.260606562139203080e-01
-1.388913557593829395e+00 2.607581962373426432e+00
-2.177403062261598965e+00 -1.567556398132862183e+00
-7.877685429082156854e-02 -5.035250492836129688e-01
1.052987825439260616e+00 -3.457479022446681149e-01
