-1.405952636655287247e+00 1.066055066437741949e+00
-1.671483149659089285e-01 -8.195957079224651665e-01
-2.316293459928502330e+00 3.969857857529883183e-01
1.602263283901349311e+00 -1.807025920553892787e-02
-1.836979432920550770e-01 1.181842154725101235e-01
1.496721020980321448e+00 -6.229304312511866337e-01
-1.076447743560041914e+00 -9.116016206642520991e-01
1.617670831151133193e+00 -1.561291486843977339e+00
-4.785234554061730261e-01 7.327163451538357131e-02
-6.036405229288385188e-01 3.327149729230799990e-01
-2.356907498935060796e-01 2.958576175776376216e-01
3.273213887122571886e-01 1.612613782230579162e-01
7.302437921806741450e-01 1.576956003400096895e+00
-5.799974412069514029e-02 4.134995181164926037e-01
1.450899704118597588e+00 6.570196141007076385e-01
-1.045926379052802391e+00 9.531079644317259625e-01
2.834513139269304038e-01 8.292347784753825168e-01
-8.040010227066757276e-01 6.422687167197559388e-01
9.210759083742092734e-02 1.882702221218041927e-01
1.642553460338352644e-01 -1.523152864568610321e+00
-1.641381755164673439e+00 4.233091285054647046e-01
-3.812516406173613315e-01 1.891444162790133277e+00
-1.315158116810016820e+00 -1.060136428020036714e+00
2.621204241534663026e+00 4.952686709871005344e-01
8.108931146331627149e-01 -1.551756831546257098e+00
-2.890164861546712594e+00 -5.991544515746336508e-01
-4.861242600401436964e-01 1.713461165355006033e+00
-6.583790410283860139e-02 5.316956016825132858e-01
-5.201157096673358904e-01 -2.604371864435249262e-01
1.739666823445694677e+00 -1.788601652301752276e-01
-4.726083778978223959e-01 1.082963441111394892e-01
1.657941827692492209e+00 -4.782471268397154862e-01
-6.855006236974534040e-02 6.152655750084173869e-02
-4.133105018616011761e-01 3.284399012910809712e-01
9.337190314694981952e-01 6.487819094215756532e-01
-1.228554706661551199e+00 -1.968556533124097285e-01
1.649998078643739319e-01 1.296389865188865675e+00
-6.163762926899036820e-01 -7.579884092684924246e-01
-3.308936586122037532e-02 -7.565829250198824463e-01
-1.372269847967488188e+00 -1.456574293224258410e-01
1.309806873650184889e+00 1.141544608297369923e+00
1.135248195097698226e-01 3.997281198895487608e-01
-8.873990782474521222e-01 6.502318106668151243e-01
4.649202525464234959e-01 8.169131776607818640e-01
-2.405917030866307812e-03 -7.665259496581983134e-01
-1.095877811894375442e-01 -1.104158694983917499e+00
6.037295507635717096e-01 -3.269764968497129165e-01
-1.401817761981208443e+00 3.520620202798939724e-01
-9.111817479044552470e-02 -1.963646293023659561e+00
5.481286697535557861e-01 1.157487494492668523e+00
9.907322709328664212e-01 -9.849055309999427132e-01
-1.892629806848833071e-02 -1.533222033970160103e+00
-1.991353810054639351e-01 3.308082588283122599e-02
3.198450606921189876e-01 -1.706805342933790381e-01
1.812326898609651460e+00 -2.839531929607768124e+00
5.613607497276671410e-01 -2.969014218577847308e-01
