2.877995223455819263e-01 7.035957450611326491e-01
1.849588651587026567e+00 -9.841290923522705292e-01
-1.190395824056836027e-01 5.667211874549302753e-01
-1.745639750066200646e+00 -1.623473224254685376e-01
8.640487077523423265e-01 -4.538856697047875532e-01
2.695952121168583293e+00 -1.978438537062088970e-02
-2.283440606868501754e-01 1.022635666160457868e+00
-1.131943343440965810e+00 -2.305503515638576695e-02
1.093894832134071793e+00 7.288674696638980377e-02
1.299723880417454902e-01 1.121815934361092948e+00
-1.877283447938991046e+00 2.469164638157958225e-01
-1.324674933504614627e+00 7.551841948920642311e-01
-3.433168726336189858e-01 4.297704381574699029e-01
9.863660084106329329e-02 -2.945144576111001777e-01
-7.770305810424169568e-01 -1.502508825768295586e-01
2.624692537605194387e-01 7.307604657302824158e-01
-4.928583523702104174e-01 7.730311176211798752e-02
-8.092287121997565613e-01 1.370128411689068404e+00
7.595189164727510489e-01 -4.621356821481342747e-01
-4.477813626875242758e-01 6.905112153670839303e-01
-1.235663102574292571e+00 1.009980567732562173e+00
1.302497731565644690e-01 1.033123155585286002e+00
-3.588361887512232506e-01 -6.045928623075585984e-01
1.193396083601889091e+00 1.413482955878204994e-01
-9.402884054037446981e-01 -9.284712922020967873e-01
-8.646615080789842311e-01 -9.645566778102899752e-01
7.784500749490898264e-02 -5.018028314811017188e-01
1.163622323124529762e-01 9.393310126949114269e-02
-4.065756051579617614e-01 -6.327522947484305604e-02
-1.309668302126856476e+00 -5.651384138158185300e-01
-1.308808179352841217e+00 6.468384880979456408e-01
1.867822643840514996e+00 -1.662504972316723562e+00
-2.307890279195033978e-01 6.463985995658378947e-01
-9.014318977740041205e-01 3.413637218452236777e-01
-8.776660969193874617e-01 -5.687442469754576679e-01
-5.252638927190276252e-01 7.892948997201095773e-01
-1.884437131732104698e+00 1.430511922719055695e+00
1.979038088113045102e-01 1.305625963637908837e+00
-2.356488304712963180e-02 4.304793483096759910e-01
2.151563717034229162e-01 -1.008673231697144068e+00
-1.957625009095013802e+00 2.731577026111672857e-01
8.161101412181067660e-01 -3.560340148237519653e-01
1.142690307818102907e-01 2.971301946154095708e-01
-1.886028651173500936e+00 -1.274741804174166715e+00
1.228180421411457779e-01 -2.716240051147233436e-01
6.250163353990616510e-01 3.663035235279191726e-01
-9.679369013809623334e-01 5.597758210608626550e-01
-1.218744230326554323e+00 -1.406949124104871496e+00
-1.798319903182708235e-01 8.460015799482507592e-01
-2.142009278437861930e+00 -1.174341318355420549e+00
2.356030434747250268e+00 -9.322823509349899007e-01
-1.237807102381642377e+00 1.074464543247219739e+00
-9.211299889486652681e-01 -6.253486423590909338e-01
2.983563246162171390e-01 1.575032285809989441e+00
-1.666991120932485859e-01 -1.166015670126884007e+00
-1.643308870492756091e+00 -1.317621539981058021e+00
