-1.116874000321370186e+00 6.452692077861513775e-01
4.332548011500684249e-01 -2.649872773845004525e-01
-7.825069023821826786e-01 1.037572012427217416e+00
2.284749760550352615e+00 3.364004697434194169e-01
-3.052017364301956581e-01 -3.535763014418306094e-01
5.482072750894771973e-01 4.476621549319896066e-03
-5.459679605865127572e-01 9.315918498981854423e-01
-7.814760942119907128e-01 -2.304884549170675090e+00
-1.441799836569595261e-01 -8.943684856890384838e-01
-1.052313067122184753e+00 7.489543788174807259e-01
3.201979065190562745e-01 -9.967714439152773956e-04
-8.052195189775818163e-01 1.128708096480088408e+00
1.273224123923000217e+00 -3.160865651040130064e+00
1.295364271874132278e+00 -4.607733144504089218e-01
-1.630379465302227882e+00 -1.373056047438156735e-01
1.435359359788894729e+00 4.392759576030257074e-02
-8.229870620688420901e-01 1.024336711115318543e+00
1.328429884428159236e+00 2.374141052318511774e-02
1.760674539325635460e-02 3.007780542313285843e-01
6.242117522158502352e-01 -1.182952347706041074e+00
-6.285828661246082305e-01 -1.184344475146039910e+00
-5.419570042099762786e-01 1.135868163738279063e-01
9.880363168797016149e-01 8.445129535012734223e-01
4.527454923945181675e-01 7.071879574729150741e-01
-1.243760343699097382e-01 1.053614483991277689e-01
5.501233113465278102e-01 3.036846059164396983e-01
-2.107524292706464686e-01 -5.353219305674823403e-01
5.253817553254650496e-01 -1.371586189368273256e+00
-6.066522183058109530e-01 7.714483355035633982e-01
-2.165849591258236506e-01 4.751664636282582066e-01
3.315386895701354364e-01 -3.796354145964414561e-01
-1.517444684354557483e+00 7.001429899731221873e-01
-1.524789665436605990e+00 -1.272655995351258118e-01
1.195477155024561033e-01 3.643823293141937314e-02
-8.656831420925503728e-02 1.203583358212280352e+00
-1.317852958035247712e-01 2.132070601427721979e+00
1.294725453709932861e+00 7.581722446328148513e-01
-1.757593464270614803e+00 1.618381745424730955e-01
-1.184023613515977624e+00 4.249604788455538934e-02
5.822982470876966188e-01 -5.709708258634872413e-01
5.758998153658178437e-02 3.622197848977103396e-01
3.354935732547092986e-01 -1.860117743019375602e+00
-2.530170309552362440e+00 -8.944632426544548709e-01
2.027394018386433405e+00 -1.612917311267728637e+00
6.113057380904809435e-01 1.003606623946002863e+00
-1.866644280458279237e+00 -2.869057665594275663e-01
-8.060668393621137628e-01 -1.953216689068161191e-02
1.334361777344982292e+00 -1.168623672237838473e+00
-1.579106307890604688e+00 -3.525531398712147824e-01
1.506871124800963857e+00 -1.198825279880035843e+00
4.505435646949041972e-01 5.013051840058399544e-02
1.915301882719802062e-01 6.500852660886911050e-01
5.337705150716300917e-01 1.088492030488888540e+00
-6.243263433428302145e-01 -1.145780188296707802e-01
9.641978145247483978e-01 1.006297995252444011e+00
-7.830147368906900107e-01 -1.821560506465658980e-01
