5.293351767987370948e-01 4.294902260420287998e-01
2.852706392955449699e-01 7.305977126975623515e-01
-8.437705789246086052e-02 1.656837611172585101e+00
-4.123139015686319575e-02 -2.209908876839624947e-01
1.659677863083949823e-01 1.236463498315028220e+00
-1.027534281433058805e+00 8.169766051460811696e-01
9.944487491709574911e-01 1.655725599885588428e+00
3.038953296040128663e-02 -1.296983416814541101e+00
5.187100073541813794e-01 -1.083731437875198766e+00
-2.368810361065896153e+00 9.910225276104451808e-01
3.282229829255804421e-01 7.720206983439887871e-01
2.618055203182074187e-01 -3.201364071155953228e-01
1.010700090593855682e+00 1.183379214279946412e+00
1.441673169783858066e+00 -1.297576292245045781e+00
-1.232264545208064499e+00 -2.090843486496664738e+00
-4.234299157965401572e-01 1.581085184068726335e+00
-2.496891406134916502e-01 -8.682929057543846696e-01
9.439496808316094612e-01 1.527954262607376323e+00
-4.440117620376178298e-01 -1.929226348125538115e-01
-1.211290048355798454e+00 -9.186293785731873829e-01
6.006137031359812806e-01 1.086471726210092692e+00
-1.320445595986775161e-02 -5.655027753940184976e-01
-1.568463726284528681e+00 2.200337382967512578e+00
4.637108009345501936e-01 1.367661412054805847e-01
1.071603186092614068e+00 -7.843606132710144452e-02
1.997961372463306351e-01 -1.729272359919841850e+00
-6.185823566610962887e-01 -2.828338907747923070e+00
8.174999003242343631e-01 2.928048029813462919e-02
-7.424804247536873625e-01 1.177445794398521706e+00
2.702094038591765779e-01 1.130274896030972753e-01
9.583152013593204677e-01 7.811911811856637744e-01
7.979728497724341008e-01 7.199096235171239533e-01
-1.533329678053499290e+00 -1.200560282347203467e+00
-5.034465641241933076e-01 9.760735568972135623e-02
-4.184154819139754844e-01 -8.969649750398507593e-02
-1.725316331107744627e+00 6.099918099142562777e-01
1.241773305960923501e+00 1.185534201563126944e+00
1.154721069859362403e-01 3.214446693336507708e-03
1.847628419416646461e-01 1.723990461631745852e-01
-1.889674860975507908e-01 1.314389163277821071e+00
-3.707696673434746071e-01 -2.211974494607923614e+00
1.127856756093705837e+00 -8.637372723738819813e-01
7.505502841028030003e-01 -2.194946652556065025e+00
-6.130778419600129148e-01 8.191414993547025958e-01
-6.161448828464511918e-01 -2.386736492141957044e-01
2.414457090757265778e+00 -8.997744424677626141e-01
3.119143847557061533e-01 -1.165465991007977875e+00
2.688140097034882534e-02 -1.338958717312181301e+00
-5.277254526000880741e-01 -4.769109392173449535e-01
-8.696799875716763051e-01 5.334011063922940998e-01
3.642929737453279859e-01 3.359917211051962824e-04
-1.557658631073219613e-01 -1.342772784409410836e+00
5.650882060228564763e-01 -1.321423053228768962e+00
-9.404911486967715284e-01 3.778482713923829173e-01
1.202317827425333441e+00 4.383614982595674947e-01
-1.333026812076323619e-01 -7.835296898648136388e-01
