-4.968831153837112158e-01 -7.787983139953709166e-01
-1.231267349437530800e+00 7.511861356867013395e-01
-1.088720198030461959e-02 8.182677191548139994e-01
2.962735359967408333e-01 8.604563346620851261e-02
-7.177216762562828034e-01 8.030829797772014444e-01
4.223162987720903150e-01 2.342692031605214886e+00
1.865671499577943203e-03 1.763789220323184193e+00
-9.454510856896193305e-01 2.769670926635543415e-02
1.495373972304276489e+00 -3.805994742469861469e-01
-1.641539311063561657e+00 -2.595133127088131153e-01
1.988181504418562007e+00 -1.491688292891365286e+00
1.058732506150287939e-01 1.305762922970447937e+00
-2.944535741185962952e-01 1.870304128859176407e+00
-5.214377635285830648e-01 -1.931657752724066091e-01
5.838765273290206226e-01 -4.486266082245994880e-01
1.162503181535858188e+00 6.157915251813127488e-01
-4.386595534850600830e-01 1.577522841796587416e+00
-1.924958902118968140e+00 -4.128409334232704953e-01
-2.191895828061930729e+00 -2.569035736690689742e+00
9.618887081756695157e-01 5.137198014476474645e-02
5.848444665562726463e-01 -2.106557305619091713e-01
1.723317738075239303e-01 -7.090627863032415990e-01
1.246187997305673756e+00 -9.415317217340807288e-01
-7.414105990341551822e-01 1.385335171487888650e-01
2.323314794905439462e-01 3.986837510559576025e-01
2.098449965818312002e-01 1.215645111973617354e+00
-3.582487336105210640e-01 -1.986294860171112370e-02
-3.708602730894676736e-01 1.376566309824194922e+00
6.990898603144624079e-01 -2.077996937828721524e+00
7.948847400404102093e-01 1.627214373318362606e+00
3.420708846406438908e-01 2.809467694150639683e-01
-6.061428187305549324e-03 6.209932488536898387e-02
4.320111786463086134e-01 -6.077007034894866822e-01
1.514426414680045130e-01 1.289086990474958450e+00
5.032022949731096428e-01 8.591964629306085843e-01
-9.388177679317812885e-01 1.322232129932744638e+00
-1.014779040589004699e+00 2.941355927230853151e-01
3.313448301701915066e-01 -9.887894666587057069e-01
-5.920349514541514147e-01 5.599073657275125153e-04
7.632684712698386553e-01 -8.111999026924906486e-01
-1.276872154234760082e+00 -3.063032855898887852e-01
3.806671123558989095e-02 1.790452855890161787e+00
2.158916550058580519e+00 -4.436881711657209570e-01
1.530330295293639953e+00 1.203808097451670278e+00
2.475167244468310823e+00 -7.239537436457718078e-01
-1.002681631503236748e+00 -2.048020932355050228e-01
-7.453816635758429010e-01 -8.266014763345425065e-01
9.620112920059974426e-01 1.457377659815479953e+00
5.502621112516893342e-01 3.504241491624676130e-01
-2.854247131716036168e-01 2.549775409650050229e+00
1.710865501787841580e+00 -5.645874634652248841e-02
-3.977488871155094308e-01 -1.644386119444009475e+00
-1.778267048708583875e+00 9.136557120485240269e-01
1.321890388706656205e+00 -2.178663726270999579e-01
3.239598206223353594e-01 1.749317039762082304e+00
-6.112909666954858823e-01 -4.817897289816525097e-01
