-1.055942475835582428e+00 -1.260970846659229261e-01
-5.148425827862421755e-01 7.830373699586232750e-01
-2.490216555519350894e-01 -1.121556617884036378e+00
-9.494897762658404128e-01 -9.678851994091948185e-01
1.082361004215905753e+00 3.645845141041117454e-01
-1.272673840694312219e-01 -1.903974870545798170e-01
1.365382387026536026e+00 7.707198814183904290e-01
-6.053057952922767937e-01 -8.470790297661167159e-03
-5.874007066295818813e-01 -2.451098135447918325e-01
1.156257806981042080e+00 -1.503859630613665122e+00
1.158824983057372915e+00 1.715778448062229844e-01
-9.304252907084739066e-01 -3.533233437848304903e-01
1.829789270307751736e-01 -2.326941215132699303e-01
4.537694639605841657e-02 -7.561250816963306365e-01
-1.247446989750606194e+00 7.110666095079809512e-01
-2.053002803965176815e-01 -3.657292133563326830e-01
4.831478789682953079e-01 3.422640358017157158e-01
1.601417200387382334e+00 -2.368723352997643694e+00
4.568045492709356670e-01 3.388261703257112734e-01
2.808303928691952694e-02 -2.013361796048213748e+00
1.358056824123717310e-01 2.711018676445204889e+00
-8.261404038336314093e-01 1.345207990040002244e+00
2.823042479482215650e-01 9.922980409708311855e-01
1.245857419158828749e+00 3.020374513202404576e-01
8.669539479768176293e-02 3.696556979310904323e-01
-2.323363792221297686e-01 1.116690011552242234e+00
-9.028627185759056095e-01 -2.364660095271190476e-01
-1.377893849101064605e+00 4.456564495124058500e-01
-1.726486985345869085e+00 -1.749907137262168566e-01
7.467002811735901080e-01 -6.103333177672167764e-01
-1.589164705363278751e-01 6.443553744451426812e-01
1.498597257232295310e-01 7.857349292432020960e-01
2.956047399285197663e+00 -3.479394832568774021e-01
1.561179360635714719e+00 5.539203084786991499e-02
-2.331125199583815033e-01 1.668313436185276943e+00
-2.284290350462568342e-01 1.272081322493648692e+00
3.519657422784763234e-01 -1.566998898636551063e+00
6.874259597834966318e-01 9.547498386034140028e-01
-8.040327581911030919e-01 9.444928876417525432e-01
-8.062272816249556329e-02 -7.426790160485045034e-01
-7.852692042409893380e-01 2.284921019129551867e-01
1.227868768798767940e+00 -7.863525983563671717e-01
-2.082266101044918383e+00 1.781726341829795279e+00
-8.079707047197181025e-01 8.700328121043048313e-01
1.097607337272871408e+00 -8.225897498659703322e-01
1.635805500664694101e+00 9.263224207694655335e-03
-2.214037029340861773e-01 -1.407971253348288210e+00
-1.033389329955670233e+00 6.367593556311674785e-01
5.320736289369156768e-01 1.461171955751136897e+00
-1.749689929234978306e-02 2.731003048611662168e-02
1.913809125315077075e+00 1.755428755674633967e-01
1.010605858850004868e+00 7.657213590038964846e-01
1.011975107691716280e+00 -1.420160145708654120e+00
4.168490781635292297e-01 1.935692179186985773e-01
1.823270735485324825e-02 -7.546315720220105883e-01
-7.599511063958251933e-01 -4.340269930942861620e-01
