2.837631985066874432e-02 -8.205864556501704099e-01
1.079729870608660880e+00 6.559224955019200554e-01
-9.841871782168268856e-01 -1.485980518427811203e+00
8.978705774720510679e-02 -2.143270059741746447e+00
2.235920494718497409e+00 1.170456174626692158e+00
-1.346973954357580050e+00 6.611284355319936301e-01
-1.211183987936594431e+00 -1.696324951098722791e-02
-4.788038929801757271e-01 -1.845193391513688663e-01
-1.675560726922988186e+00 -7.588335815467457668e-02
2.324651726762093418e+00 -5.725672659177705182e-01
5.516456455019512761e-01 4.790290267506079891e-01
-4.805674090943980459e-01 -5.018809179184966496e-01
-5.274466367824830471e-01 3.881791749951192250e-01
-9.415453257271253484e-01 3.591378254621831467e-01
8.250584919690036045e-01 -8.721684648442882271e-01
2.401428991968568849e-01 1.240302192770819989e+00
3.240026746918244438e+00 -2.067616012281210114e-01
2.329334233272949639e+00 2.390372418467309412e+00
2.350668655722993050e-01 5.981828524003863778e-01
-1.257197794757887621e+00 -7.569860595010204085e-02
-1.603690354467286472e+00 -4.305111571410803473e-01
7.244379155747465715e-01 -1.087427041963514140e+00
-1.725152395775541581e-01 1.002825775770379124e+00
2.336976852096059321e-01 -1.847384436115276474e+00
1.295484951895211401e+00 1.072261876491300781e+00
1.218212388726925610e+00 1.939746525318602588e+00
3.441449848564934189e-02 -9.115891842313810223e-01
-1.845161659516597830e+00 -1.910608542714425928e+00
-3.962309227549563051e-01 -1.058068168761037375e+00
1.595620319284617228e+00 -7.405042713088393347e-01
-2.565890573199477998e-01 1.175413113606631699e+00
-1.506521565700154330e-01 -4.426581452635096059e-01
8.981288592223793943e-01 -1.751147249146471629e-02
-9.278412252148391381e-01 -7.713179007723953706e-01
-2.760709624405912610e+00 6.906789148564408398e-01
-2.712935875219684712e-01 -4.434623639191625499e-01
2.637727252133574840e-01 1.068037676294273819e+00
1.834658001338206057e-02 -2.467006364821849318e-01
-4.763218670359434248e-01 -1.305488265825775818e+00
-3.239651040861228903e-01 -3.008063664826238215e-01
-1.748618328808257294e+00 -1.915571613989510258e+00
-1.089509835892043865e+00 1.634955733659115396e+00
-1.519027723111943118e+00 5.408510536948637482e-01
-5.387838278569865302e-01 -2.237158597985837272e+00
6.371251782173101841e-01 -2.930119206727586634e-01
-1.517202204894005924e+00 -1.449457322582753172e+00
1.167585595507249385e+00 -6.610788644104824419e-02
1.729553352441842162e-01 5.634481005100189233e-01
-7.778133275272630653e-02 1.094983685083176894e+00
-3.994793568136083550e-01 1.268621687865207903e+00
1.108771816805424804e+00 -1.377111199698688893e+00
-7.623408412511019361e-02 2.491716726829371065e-01
2.662362090930518455e-01 -3.311979494419934472e-02
-9.662187905452755687e-02 3.447868162992530627e-01
-2.615098534043510670e-01 1.900547266901490284e-01
-1.045929195073273199e+00 2.946488675452044181e-01
