1.353423236257294882e+00 -1.539607230156262441e+00
4.998582836564423593e-01 2.874177843145377387e-01
-8.612740115318237022e-01 6.743026212930759433e-01
-1.185951590944670953e+00 -5.651136416723542277e-01
7.589413035426638698e-01 1.152144165252733554e+00
1.145128508969428527e+00 4.581609323159742120e-01
1.425321118219068595e+00 -3.823686087513170073e-01
2.480056515720634180e-01 4.821998390008663815e-01
-9.613166568641527965e-01 -1.817660511453459415e+00
6.962265823990975155e-01 -1.163296617922624510e+00
8.413356697226251901e-01 -1.247359154788404645e+00
-5.644617652471163316e-01 -1.560368503519998118e+00
-4.362992771325676089e-01 -3.158801588650865799e-01
-1.728962134148795959e+00 -9.709242095942774431e-02
9.671099318045960069e-02 9.207150459844914980e-02
-1.301157477231464910e+00 1.151714328107431129e+00
-8.031256491233279560e-01 -1.220089802449861871e+00
6.897226089882683153e-01 -1.144265025495018406e+00
2.786355088742867636e+00 -6.539575207104155741e-01
9.601853851850388200e-01 4.057566408291514437e-02
-1.856742244552379850e-01 3.408688497376258231e-01
-1.077557765178081411e-01 1.376507439646806885e+00
-3.203398832239621324e-02 -1.282473867882135965e-01
-1.485535558333260120e+00 7.223945348919542653e-01
-1.458381860977789879e+00 -9.856135531253072957e-01
8.926538728145673174e-01 1.404002283554010244e+00
-1.378030275477429401e+00 1.581406978600258917e+00
-9.690763359880295580e-01 1.375098627124681672e+00
-9.376145250733456393e-01 -9.568947682944284328e-01
2.635135445398318677e+00 1.058900721663299294e+00
5.927471541157343093e-01 3.822566864746081150e-02
-6.655180238165854245e-01 -1.894260765943570624e+00
-3.226488037740974368e-01 1.889192064237515956e+00
2.818328636997541325e-01 -2.164743114730979467e+00
1.250727956327742085e-01 -5.447271221352084636e-01
-7.044778553411998878e-01 4.908654721719398623e-02
-1.938846882200254487e-02 5.250189930515911652e-01
1.422940137163054342e+00 -1.077684635147118319e+00
-9.294926094844446762e-01 2.857056597636138950e-01
7.638726368342487749e-01 5.087966999499988763e-01
-1.593170090400893302e-01 -4.800256451374224076e-01
2.247627350079933972e+00 4.810162622429663970e-01
-5.980170782607934221e-01 -4.438008558863394959e-01
2.196441534186511557e+00 -5.370412054981071881e-01
6.471479924441952969e-01 8.526227138857473964e-01
-2.408808273571744207e-02 -6.950263862848629071e-01
6.880163745673114617e-01 1.871116412383089234e-01
-6.997542982472126916e-01 -8.876600974829863544e-01
-1.359306766612476514e+00 4.492481268388599513e-01
1.723058412972285069e-01 -7.624625648029641489e-01
8.547932769626942484e-01 -7.433583395496715651e-01
-2.956952659076671555e-02 2.644179511948901995e-01
1.963819798520338278e+00 1.451519539714362317e+00
3.262914494270091614e-01 1.382859588363800407e+00
-8.489599738226015768e-01 -2.028052170112135677e-01
-1.032842515090482083e+00 3.799046739834008313e-02
