-1.046080816798198754e+00 6.686205830282497542e-02
-1.125824357262993347e+00 -3.790577410990184082e-01
6.502971353219684225e-01 -5.784205084877567238e-01
-8.476189861063751496e-02 -3.936750424487421851e-01
-6.064727563903429264e-01 -3.776387332582744616e-01
-1.199409433198232122e+00 -1.720427713946506953e+00
9.803603818615273802e-02 -5.128632839477746952e-01
2.800435569939361824e-01 -2.572598500617180317e+00
-1.113083796988371788e+00 9.728314511455360414e-01
-1.703845022849685309e+00 -2.934579636164038052e-01
1.121411227960729118e-01 -2.401493935156136406e+00
1.297270474763977388e+00 5.358718400284888661e-01
1.134117100352920682e+00 5.458475862524539979e-01
1.622159957185961954e+00 3.981955131342720944e-01
-1.075483778418431902e+00 1.720685319984573303e+00
2.029389613625879107e+00 -3.035472984809128305e-01
8.014736309200872766e-01 -1.235450708976351564e+00
6.129786931355799551e-01 5.893868466561912323e-01
6.195685938872724785e-01 3.801518170454078194e-02
-1.836975710961835873e+00 9.619211143670729491e-01
-2.085666320698265075e+00 -2.014935078261815171e+00
6.891333794702770854e-01 1.200133015416114057e+00
-5.319347245521479639e-01 8.589837557026458459e-02
1.052867190706010092e+00 -2.688783879419496259e-01
1.304364051044933692e+00 3.182893210145542606e-01
3.894895799498863109e-01 -2.793565428225097680e-01
-7.481916547657869732e-01 -8.159421932142840728e-01
-5.423306303389533456e-01 2.164271783801356541e+00
2.660284473158955887e+00 -1.196043173537537863e+00
8.500111009944508189e-03 2.147178842487005856e-01
-1.116344011901162503e+00 -1.239944722619127138e+00
-1.471943240788461837e+00 7.975738724575208716e-01
6.153815621200283692e-01 -1.472484933513957150e+00
-6.890798352525171477e-01 -4.925071928987371367e-02
1.300259653928183434e+00 -5.255699908729491998e-01
-6.497824858901943834e-01 -1.134442715181402661e-01
-3.584465574665449128e-01 -5.325452273257775815e-01
4.724139653587044463e-01 -1.175516990637735848e+00
-1.375163078238301528e+00 3.320319422837573753e-01
-8.783768124634672159e-02 7.421718172363259702e-01
9.986891479718517095e-01 1.007760799840971666e+00
-7.593450060603167406e-01 -1.338975206425031761e+00
1.956389123617353176e+00 -1.870551022290707910e-01
-6.928705996914595877e-01 -5.654633298269597097e-02
-1.863348568223839541e+00 -4.676829655777248185e-01
-7.227429436102542626e-01 3.509939265630914185e-01
-1.875105903713404354e-01 -1.105573816743419258e+00
2.324389270359128179e-01 2.625996186670389032e-01
-1.537694883280676494e+00 -1.471829321096180587e+00
3.911035329667085780e-01 -4.828756914150393320e-01
1.123860305416846117e+00 -1.172898501209044264e+00
-4.884808809538885854e-01 -9.882237049515883720e-02
-1.706748840803832712e+00 -8.209642958174556693e-02
-5.360050745655078330e-01 -8.303764497033826464e-01
-3.279856762227394973e-01 -8.044460959675006073e-01
3.105014493727885072e-01 1.217848629359036261e+00
