-1.150195696642909715e-01 2.510714701361198564e-01
1.326069567334477117e+00 -1.560648987272902577e+00
-8.416917774907348715e-01 -1.129885009056037948e+00
5.203856348038086166e-01 5.751624855674283832e-02
7.672596331198882069e-01 1.445402270169550585e+00
-1.201148595470993286e+00 -6.766842571573544740e-01
-1.489784213247249411e+00 3.146569236370936884e-01
1.984693237756671724e-01 4.454383863840520874e-01
8.402659884249751299e-01 2.399886453968013977e-01
-8.816140248227001264e-01 -1.401216872943001235e+00
1.439531854559513935e+00 -8.089701326074074661e-01
-1.184085777296193021e+00 -1.248793629454381104e-01
-6.068408159069783592e-01 6.743820169046862989e-02
2.940182031590726219e-01 3.590072428222215173e-01
6.293299784809486264e-01 -4.516112633265386700e-01
-3.780806854587193122e-02 7.346984815334937080e-01
1.137372494320810778e+00 1.633725155274017959e+00
-1.660965895871959475e-01 -6.915781827920505220e-01
-9.908981552837973217e-01 4.727046608939073913e-01
7.097078478053235606e-02 5.259713994729572351e-01
7.581033661750224972e-01 -1.110031106267833856e+00
8.970268732299293557e-01 7.785454319390046063e-01
1.410903087535203271e-01 -6.361379489198534243e-01
4.629338091722719484e-01 2.636639036607826836e-01
1.988905736219838682e-01 -1.406070802977925416e+00
-1.021421729071559259e+00 9.723545287838361029e-01
-5.526764314597127914e-01 3.488761073566916115e-01
6.991142296651543520e-01 1.042750937823240243e+00
4.432029028654065339e-01 1.334539044197740720e+00
5.041896708347651801e-01 1.374494878961390221e+00
5.502959540574421382e-01 -2.391090695907712171e-01
1.629084859812161001e-01 1.194620683870692535e+00
1.301501293415897820e+00 1.140085755945390744e+00
-6.464503643345410611e-01 6.564680257413747499e-01
4.149016330959222065e-01 2.051069243221272653e-01
8.193504822783704844e-01 3.640712002773800471e-01
3.955224866319665411e-01 7.173020630286145449e-01
5.242061730415490395e-01 -5.791505023866977409e-01
1.166171914981863011e+00 -7.337096417948207883e-01
2.566751957066221834e+00 9.773529345991583961e-01
5.815846802218544997e-01 -3.179545931706212816e-03
-1.175996707442065192e+00 -2.947312913846831695e+00
1.774247579795605045e-01 2.845565719723722881e-02
5.705291949966226905e-01 -9.636517461414069174e-01
5.272681309315113696e-01 2.234904702591017089e-01
-1.123293352062048195e-01 7.196809519447350256e-01
1.832970062126939581e-01 1.442310396934778582e+00
-1.614380625274806080e+00 3.140766770438652711e-01
1.120890976416754614e-01 -2.866775490155268336e-01
-7.024781253472295317e-01 -5.645401148867547070e-01
1.119362805367731140e+00 -2.602837601415926017e-01
-3.990227392207941204e-01 -7.342424057749336042e-01
-1.190052532667489338e+00 3.386920041966334227e-01
1.163374950710710731e+00 9.656103766469498195e-01
4.499317732042681373e-01 -1.162037472147243955e+00
-9.259974054123132348e-01 1.693046904007033504e+00
