7.729453429962338529e-01 8.547350283577392904e-01
-5.964553610535647810e-01 1.593475757515828484e+00
5.496912685566295725e-02 7.597743844054467566e-01
-1.547453479107203100e-01 -8.461427066717752687e-01
1.879674820357510212e+00 -3.247805264691251415e-01
-9.398450936837676739e-01 2.444848301897590837e+00
-6.149772062640554426e-02 -3.865248935150340515e-01
-2.356460843423735241e-01 1.522470385255712877e+00
5.649183822125241061e-01 -3.541067897388940344e-01
-1.887994932229731821e-03 1.330117210731539323e+00
-1.212271788910201264e+00 1.498406628789139994e+00
1.411010280508788184e-01 -1.072645714218049884e+00
-9.469833770530134975e-01 -1.644469691685833401e-01
6.216616943596461331e-01 -1.541505597597781163e+00
-7.140986978365264637e-01 1.113818530560621634e+00
-9.269646425407771506e-01 5.160618115507142889e-01
-5.226210650346462261e-01 1.197357214452484386e-01
9.507837642499954445e-01 2.917407822735905154e-01
9.992293880097863693e-03 1.278393954757260365e-01
-1.359529215926459145e+00 7.874422591513567937e-01
-2.324340070417136583e-01 -7.034226706991009159e-01
-1.089562124433256063e+00 1.366837317766685378e-01
-7.773552041266149626e-01 8.802012698363084198e-01
-3.329705496639185913e-01 -1.041398477670656630e+00
4.621499654979942528e-01 1.639487311460362529e+00
8.642945711970072553e-01 5.234738374663687743e-01
-4.552968274023138084e-01 -1.656029644245561316e-01
1.514961086540211443e+00 -2.127329559598500452e+00
-2.853988560563898158e-01 -2.582385752039767848e-02
-4.897791993632507057e-01 1.635048591313155442e-01
4.320367206277055810e-02 3.967045176963117092e-01
2.183049891993129321e-01 1.334438852639368844e-01
1.753759098527827742e+00 8.955876240317037773e-01
-9.084367680340279527e-01 1.248213888957492523e+00
-8.828729522142726438e-01 6.467852618654695851e-01
3.091354368588025148e-01 -2.248618653214676799e-01
1.662593686368318002e-01 1.984268234209764392e+00
-3.539244455161175695e-01 4.483874120122269824e-01
-3.371969677066911641e-01 3.375188237218935128e-01
4.201900363824364049e-01 -3.360061140340560581e-01
2.931031521978167964e-01 6.281461292711389977e-01
1.093170452547786553e+00 5.965086034294151372e-03
-2.072861234744286740e+00 2.109520101167487560e+00
5.060151583668526243e-01 1.374522422923248444e+00
-1.178338952640189730e+00 -6.389436624246931373e-01
-5.697850774240458271e-01 -1.299855132005191427e+00
-9.785878935146495872e-01 -8.759749015834530361e-01
2.586044210812049382e+00 -2.012595030941984220e+00
6.386604578288929135e-01 -4.781074447841581754e-01
1.477041957372185743e-01 -9.767446399267198931e-01
-1.103831544922748265e+00 -1.721053485325882426e-01
-4.245965297795017968e-01 -4.399589923297211880e-01
-8.586683626210928066e-01 -9.872239224754069120e-01
-1.305919144093491191e+00 -2.404988041477973404e+00
9.874531807526847338e-01 1.488246256824181879e+00
-3.822952651090444354e-01 1.239924121624541131e+00
