4.396015127583245974e-01 -2.056605063847536871e-02
4.516818627210310577e-01 1.660779261788545735e+00
1.414859270092406474e-01 -3.873394401742292770e-01
4.306715520897073657e-01 -1.702493262785863992e+00
1.534810511722161541e+00 7.779867986782458278e-01
-1.764888666282134810e+00 1.868195953271339693e+00
3.357685936322160614e-01 6.679682866352323334e-01
6.786245431437331055e-01 -2.599214651137894960e-01
-2.248690141021470468e-01 -1.263908408023706631e+00
-2.553835873805767598e-01 -1.384966385886835516e-01
-1.471275937414609492e-01 -4.865237915737413155e-01
1.684695983972586797e+00 -8.750286847507338095e-01
-5.713546431741636233e-01 2.733919925971586840e-01
-1.378191347742176109e+00 4.165043900581373304e-01
-7.278641775512950662e-01 2.919340541643082876e-01
-1.005916732667487684e-01 8.004990453075604417e-01
-8.091850762690866450e-01 -1.553761827615557367e-01
-7.551428346715759465e-01 9.349820769700242229e-01
-1.310501101860839901e+00 -1.063284218352060218e-01
-1.391861571935377739e+00 -1.189553133756371839e+00
-3.778313997270894564e-01 -5.460698379547510584e-01
1.262625950152330423e-01 -8.904600449416666397e-02
-5.844676162597529645e-01 -3.836352342193162790e-01
1.406986794371224425e+00 5.526338983706945152e-02
-5.757618909016520847e-01 -4.015112863748532823e-01
6.029363820867565948e-01 2.997953769031574955e-01
-1.109070429055050599e+00 -9.219823441714196655e-01
-4.822337353295010343e-01 3.298796305104976789e-01
-5.615133496049894424e-01 -5.791557923663414043e-01
7.407337951858815606e-01 1.412081851909544605e+00
3.246910220122068425e-01 2.455839583192808151e-01
1.575366195644848144e+00 -7.250748470204262386e-01
1.238265270586323685e-01 -1.717432096680985010e-01
1.087080136135317870e-01 9.939488671063460012e-01
-7.523194667512523859e-01 7.142498652437965223e-01
1.812130656149627095e+00 -1.029412411877370426e+00
1.521550616880639861e+00 8.636925355822678840e-01
-1.982948342896341032e+00 3.032665440703105064e-01
-9.064059018645072296e-02 -9.509570741579770337e-01
5.697292963591945592e-01 -1.414400530811737777e+00
-8.087196158081914887e-02 4.128768089824532694e-01
-6.550376656837808564e-01 2.202467104064378400e-01
-1.291663552404143323e+00 2.818053945556424633e+00
-8.444355044340448035e-01 -4.386115040117396363e-02
-1.347736590835248105e+00 -1.069889692480497256e+00
-1.404710413503772237e+00 5.877892615751496574e-01
-2.614604096976110015e-02 3.654201338384455711e-01
-7.029115470634493823e-01 -5.878872282721757381e-02
6.717949286017336208e-01 3.141641880397994663e-02
-9.245822887559200787e-01 -7.845289422416936720e-01
3.362091166599094905e-01 -8.562036065000927509e-01
-1.244840612681935799e+00 -3.179516044616405024e-01
9.516322234633186605e-01 1.323145456892895089e+00
2.293633599883480922e+00 -1.628396194711887013e+00
-2.819906899156016666e-01 -9.888786358456899128e-01
5.018109672001457300e-01 -1.516076514594048019e+00
