2.403129286351411431e-01 3.744231710662213053e-01
4.640514819547263969e-01 -2.154610617162488140e+00
-5.846990197835643110e-01 2.407078854117824296e+00
1.178140734355745289e+00 -5.759134647510310012e-01
2.080997639733410398e-01 7.228997317858787408e-01
-8.035778338408116062e-01 3.455399716550804912e-01
-6.092498693383784358e-01 -4.375841930180320860e-01
-8.318302207600483111e-01 -1.234615274857225664e+00
2.588005243732608984e-01 1.617104209287685723e+00
-7.836080405489367351e-01 -5.461117983732278747e-01
-6.611166315567882368e-01 7.758460388079843617e-02
7.016719169652153587e-01 -1.444012101615613552e+00
-1.406257322971881329e+00 -2.915280070311083160e-01
1.102688863909733419e+00 1.111495149118764569e+00
6.607022177874773972e-01 6.283024271058166299e-01
-5.797972617275025664e-01 1.040314217764429339e+00
4.165507429533497064e-01 -8.873419438398933989e-01
4.778555647420635877e-01 -3.502755011380306871e-01
2.753037979665814428e-01 5.748528170141874866e-02
2.385438813446078665e+00 2.623806163223952881e-01
2.385563239629954757e-01 -1.405103236580395931e+00
-2.571417196538951178e+00 1.025178048637157280e-01
-1.443743544584310978e+00 6.232703712167445564e-01
-2.616158648805992915e-01 1.152513799455246318e-01
3.566151613002207510e-01 -1.990901676236633000e-01
-7.237599117385534742e-01 -1.459143132335035009e+00
1.773341980423288333e-01 3.447343283579617501e-01
1.020326484968226310e+00 6.169979918035544131e-01
4.477037727919925270e-01 2.336640278087703804e-01
1.009870141546068911e+00 2.174808471826367162e-01
-3.746805040860163860e-01 -4.914800648258200316e-02
-2.016869746775761030e+00 -6.473023964190223190e-01
3.567753167168669082e-01 -1.148191416212469118e+00
1.048527694478689876e+00 -3.795222152971689661e-02
2.336913918429588843e+00 -5.321643782977236899e-03
-1.448059210047753620e+00 -1.109752913963258258e+00
-3.688146243401881352e-01 -1.220144941285657286e-01
1.046884738635180501e+00 1.500820472290204932e-01
1.470416418162591832e+00 5.416208223884312334e-01
1.275335705631077454e+00 1.840387136801496792e-01
2.008943617279816962e+00 6.676444818303849393e-01
-1.676418237273845646e-01 8.585273049235209175e-01
2.581847378475687349e-01 -1.052439944367046243e+00
-4.174028837952268312e-01 -1.296678062105037776e+00
9.197627121809410777e-01 -1.056804225422378618e+00
1.234793114475581488e+00 3.321845706409776722e-01
6.178760097860690470e-01 -8.508191507270306264e-01
5.334462373533256363e-01 -9.858259357814577184e-01
2.438806830897624900e-01 7.711332752277877400e-01
-9.082205434797128163e-01 5.864643425770508234e-01
-5.998246963960587319e-01 -4.221494925955041611e-01
-7.965177386612745103e-01 4.985438168124648461e-01
7.389347970179963587e-01 5.402519258230296106e-01
-4.216683231894688411e-01 1.628439070583369341e+00
-9.133057116161614752e-01 -9.816913284222865688e-01
-1.388410084974846415e+00 9.307366495522538807e-01
