7.903012575842447429e-01 1.408060424860189674e-01
-1.595764083806346378e-01 1.399772513636395654e+00
6.375324280792621368e-01 -1.127625509114646096e+00
-1.264757141493927595e+00 4.331913724870120053e-01
2.319772529285862583e-01 1.604285571214025541e-01
3.332679334859291621e-03 1.155529932172385754e+00
-6.838238293470559892e-01 4.957200219040124728e-02
-3.907388709429268081e-01 2.958744654866906298e+00
-3.406254744234007981e-01 4.875799954440278583e-01
7.728794722402518858e-01 2.140323165285862861e-01
1.233393235363803075e+00 -8.040470944933195696e-01
-3.940163125446272119e-01 6.983695963309193289e-01
2.052624552729816476e-01 -1.305804544224658525e-01
-1.984389450432562985e+00 -8.033808412247539499e-02
1.016938678332816481e+00 -4.612794290856191137e-02
1.839478245632230058e-01 -1.645669638617496267e-01
1.879990450567297494e-02 2.566370381961262659e-01
9.861627853733408999e-01 -2.118725757160321022e-01
3.023022416135996357e-02 7.482267860728936126e-01
-1.815911132455828358e+00 4.488059139298269939e-01
-3.516350827517870647e-01 9.308033716410870628e-01
-1.295409650471410490e-01 -4.856931530332155855e-01
-9.209039486951512421e-01 8.524066182034252259e-01
3.324268457400454402e-01 -4.683930102036880649e-01
-7.554455723448656457e-01 1.014259749689083279e+00
1.993651909602525141e+00 -1.044055662064084372e-01
8.793985858077820739e-01 -1.378024829750399902e-02
4.416347201762056418e-01 1.610054817114156656e+00
-1.218740461970900801e+00 -3.237590837599939042e-01
-1.064042018492950825e-01 -9.033255123621689586e-01
-1.502982260172038620e+00 -1.487007092190096635e+00
-9.475727545864136570e-01 -1.532642918285375799e+00
-1.183788729928259009e+00 -1.324620128664184771e+00
4.742561139486838329e-01 -1.430389154375047545e+00
-3.906677144476454200e-01 5.504024144871264707e-02
-1.281598225571236149e+00 5.919295229930603419e-01
2.647922168449678981e+00 -7.126184353300899499e-01
3.849879315115810052e-01 8.853343437720011533e-01
-6.006383266803138055e-01 1.016104218693209882e+00
3.570709819583820499e-01 1.267446628194549563e+00
-6.612635344466272214e-01 3.810959524223648254e-01
7.075980520744283853e-01 -5.697171665370044380e-01
-1.111863030763831528e+00 5.189694568138455422e-01
1.785792417920394615e-01 1.000665289951000458e+00
4.938369861692618046e-01 -1.845471480895085059e-01
-5.535773537849755233e-01 7.743017201071679123e-01
-3.114343919762329049e-01 9.259848945008914978e-01
2.477260880486057193e+00 5.391668994997272923e-01
-1.378783163884615970e+00 -1.852689688408030444e-01
1.674487973463185675e-01 -1.968168220368640003e-02
1.142563425407551181e+00 5.004610534208896455e-01
5.522014160297988861e-01 4.777862794363652577e-01
4.643478488583677732e-01 4.140741073584419674e-01
-3.541990011484913992e-01 2.313226267622398580e-01
-1.100981450211955259e+00 1.047406048321920746e+00
-1.068305942980127821e+00 2.714255287395162419e+00
