7.955353213001226109e-01 -1.218908219127337267e+00
1.331274912868486204e+00 -9.975472656421023876e-01
-1.057889989650361962e+00 -3.276309508005160742e-01
1.008481331022076599e+00 -1.025721552023146854e+00
-1.114544062706860211e-01 -3.691930834671369732e-01
9.838170878640850603e-01 -1.371614893149267767e+00
6.349556127852985510e-01 -3.105623024124660181e-01
6.664437853591150818e-01 -4.798158190380070187e-01
-9.704076568369897071e-01 -1.398030923242390866e+00
-8.692722806427913840e-01 -9.182767489579689302e-02
-3.659765755353375227e-01 -2.617217826791271365e-02
-2.297850780076275135e-01 1.528805623069314557e+00
1.444542939108673929e-01 7.439830070850636523e-02
9.380659566113832559e-01 1.896180620581394416e-01
2.875394228147976960e+00 -1.860530831199956214e+00
-1.004472332026245668e-01 1.393138044817302079e+00
-1.810174065581923619e+00 2.980340911309358187e-01
-4.389678154598148363e-01 7.848969379717359862e-01
-1.057915141423532851e-01 -1.433555966290604111e+00
-5.773442780253837947e-01 -4.532752271790208565e-01
-1.038290365884271926e+00 4.276765159758699197e-01
2.376779125727464248e-02 -6.229788343991785049e-02
2.945186738761619294e-01 -1.889152507119987057e+00
-4.460080620035666299e-01 -1.240459015232843187e+00
1.404419787863855351e+00 -2.787671364139912566e-01
9.542965925524209414e-01 -6.598170945505321683e-01
-5.824040637556008315e-01 -1.166471504483417299e+00
-1.135622100636089593e+00 -1.422194332076788914e+00
1.792721545775149972e-02 -1.646381241054246880e+00
-1.630614469307068770e+00 -2.351478995937323901e+00
-1.042848418143306866e+00 -4.394159647184753270e-01
-1.085517224915199641e+00 7.148357192720958819e-01
-7.733463445686399318e-01 -5.033915382180481624e-01
-1.110493257249489885e+00 -4.869549412706941638e-01
5.611136845176938059e-03 7.561766144060143580e-01
1.047566394431760639e-02 -1.339481181058326253e+00
4.209092821139913121e-01 1.900739774795159598e-01
1.059414458195924391e+00 -6.179953610342975301e-01
-2.098877206363895187e+00 -1.799207285055943517e+00
3.145010126558708263e-01 -1.753720075440193260e-01
-2.120771268415470256e+00 -9.864219661127359151e-01
3.757145497447814675e-01 7.208612312802990807e-02
-1.471942181363885549e+00 3.575477494900233255e-01
-9.329895206454273948e-01 -1.075543259971967869e+00
-2.153552338120892973e+00 6.271777704353965754e-01
1.189689984391060662e+00 -5.545752221631501389e-01
8.286488531130401514e-01 -1.101377303901677651e+00
4.709582971852164790e-01 3.289536275833015999e-01
-1.215960792807120550e+00 1.660078953392074341e+00
5.256778103384112111e-01 -5.943749242824412082e-01
4.392210780720234853e-01 4.042174108886212869e-01
2.412561686214786949e-01 9.867868045165719693e-01
1.635429609495072434e+00 4.132104084316061687e-01
-7.365888221914023148e-01 5.277694353912925074e-01
3.353876901111420283e-02 2.489863785666466267e-01
1.766056904155295371e+00 1.003755254673779351e-01
