-5.664804075015323903e-01 9.871508844574594654e-01
-5.509287751411918732e-01 5.551543249213824333e-02
-1.246938150662517453e+00 -1.699661180681916739e-01
-2.017918112051750867e-01 1.765122030834005873e+00
1.113942198463004685e+00 2.078623439811872753e-01
5.149612232226532527e-01 2.758356500259273036e-01
4.792308974894125828e-03 -1.741093115842316852e+00
-2.927137409268976143e-01 1.217919322148161454e+00
-8.777173041100331252e-01 1.552918204241221289e+00
1.022838235199026391e+00 -8.142395770406060107e-01
-3.969982782082047690e-01 -4.771248936283599695e-01
2.210064746396753765e-01 -3.105586842194066333e-01
6.335932484840489654e-01 9.985689699123642127e-01
-1.153043947698930483e+00 6.572775621716393513e-01
-5.433091685996697118e-01 -2.494789874321352130e+00
-1.799573365000890268e+00 5.792731900291434033e-02
-2.834800042045585444e-01 1.512643839590521733e+00
2.820283311804129833e-01 -2.871157459303150805e-01
1.187864363621248254e+00 -2.758489091234903601e+00
-7.693769181514232836e-01 9.055870312770805119e-01
7.440619424218757327e-01 3.998287564736929256e-01
-1.561143948734772025e+00 1.116799827332743078e+00
6.662780920627451309e-01 -1.261609077246211186e+00
9.667331446708833376e-01 -2.296508922300490418e+00
-7.954397546268665575e-01 -6.492430231128775153e-01
-1.791167696747293370e+00 -1.298619651733702973e+00
-8.057896606884143997e-01 8.073405666348053566e-01
2.039690685035145723e+00 -1.802876536558307707e-01
2.453421336881204950e-01 -8.407299734028045313e-01
-8.165229633062088821e-01 -1.489061945689282851e+00
3.435095731489887227e-02 -7.248447941229846370e-01
1.239505908924912525e+00 1.506396458116834092e+00
-7.532660883979559463e-01 7.138318516299233529e-01
-2.394990916789308255e-01 -7.295403267143849013e-02
3.760419415719443159e-01 -2.031803718669918934e-01
1.217520559809311675e-01 8.868227790528763199e-01
6.428556653774504248e-01 -8.675482075738603083e-01
1.581373942918810616e-01 -1.554682824400719365e+00
-9.425136702830938518e-01 1.818059883680153976e-01
3.249595076505213398e-01 -1.653390092658229005e+00
-6.764372130198544886e-01 1.384087500397630732e+00
1.027929412604318582e+00 -3.835559007728331360e-01
5.462925374151274965e-02 4.362928208511014927e-01
-6.966099030576857754e-01 -2.388642718070460580e-02
-1.278561311953369417e+00 -4.389381813899315143e-01
-1.412446090467630810e+00 7.589965542338895643e-01
5.557631519871339965e-01 -1.157264548049982356e+00
-7.716876807903439994e-01 -1.144408066114438238e+00
-1.352350659991025772e+00 -1.802488812778473559e-01
-7.192933720175610501e-01 -5.217644157510824554e-01
7.764217338948459224e-01 -7.705747499780876142e-01
-3.582449261610478053e-01 2.029219665260992844e+00
-2.026052313935136517e+00 -8.388788360182504178e-01
1.288172270981022161e+00 -1.943184522388390567e+00
-1.198449660463176913e+00 -9.512057341060922711e-02
2.707806739636092752e-01 4.364317967085830641e-01
