2.487991088995561650e+00 -5.309090670576818716e-02
-4.038762196471700761e-01 9.850391116756203325e-02
-9.658034774771651065e-01 1.042811443449658260e+00
-1.214946178831916024e+00 -6.549423101560755134e-01
5.302016186007293963e-02 -5.372556910315007261e-01
-4.078582452818984433e-02 2.737877585460488650e-01
1.518516247397919461e+00 -1.644787273673130601e-01
3.827477984038701320e-01 8.117923471708395899e-01
2.041298352202211841e-01 -1.439148050252484490e-01
1.065436800113085392e+00 1.039567632831708943e+00
1.215212183405117274e+00 -5.531406618429203503e-02
-1.652772902308639269e+00 4.437645468268044402e-01
-1.812887164235609250e-01 -6.918281167520842212e-01
-4.230766193989049517e-01 -5.655361980761255403e-01
-1.060466183807959650e+00 4.486514221524515733e-01
6.148895444711707237e-01 9.112356297833288377e-01
-5.907740358224563559e-01 -1.174056231090692570e+00
-1.163737224743352838e+00 -1.124346778425016069e+00
8.495849052684411040e-01 -9.237753219090488743e-02
2.734996915569915532e-01 -1.482311220290934317e+00
7.463146495111797618e-01 -3.637118007063032121e-01
8.795967108094656650e-01 -1.430093898280160758e+00
8.434232169788219435e-01 -1.279132341340283974e+00
1.099224717373134208e+00 -1.868582672238505993e-01
-1.390822794514956495e+00 -6.833414917051714443e-01
-9.765912549878366100e-01 1.775954722808825048e+00
-7.075273876461840583e-01 1.525926990009178974e+00
-1.675243434816948040e+00 4.194756264038179694e-02
6.103693655277143276e-02 2.896283148623093884e-01
-3.727021664496496522e-01 -2.473152721578498969e+00
-1.767965406212276269e+00 -2.308502795534556895e-01
9.103755810068783205e-01 -2.456322654104661662e+00
1.148658595257554982e+00 -3.172812937881470674e-01
-9.923808106250283645e-01 -5.270629951916580014e-01
-7.321255741447421084e-01 -6.017050625457928854e-04
2.708535417869979423e-01 1.488976924012872516e+00
6.121745843262547115e-01 1.160453366929099950e+00
3.786121924624605839e-01 8.001199635801103938e-01
-2.415185888028497541e+00 -1.543438871123573863e-01
5.378918839756126058e-01 -1.053092427846576307e+00
-5.191943542356316499e-01 -6.587642754593108219e-01
-1.186105145130765814e+00 1.386782244739769965e+00
-3.547572117461669783e-01 1.545819948300331814e-01
-8.764774203896357196e-01 4.483134751980166199e-01
-4.606565998800598444e-02 -1.142898510496699105e+00
-1.736213335211387321e+00 4.023549040772779750e-01
4.976767796290035850e-01 7.766591297120875037e-01
-3.565523143259714534e-01 -4.273806884898085356e-01
-1.139121349466375888e+00 1.787823829948981924e+00
-6.978185252449430331e-01 1.848505272785767595e-01
3.343499290292666348e-01 -1.689172947302942207e+00
-2.095876408451320838e+00 -7.866460701889049778e-01
7.869080521767100045e-01 4.170843051734903772e-01
1.389081609756372647e-02 9.564218231885059929e-01
-4.446764302093851873e-01 3.672310883086423172e-01
1.761426249687886969e+00 7.850217918878115153e-01
