-7.752771570622830621e-01 6.115473526582450026e-01
1.403679985496677274e+00 4.949162051321112088e-01
-9.654085904957602216e-01 1.867119780074842472e+00
-4.218002707485352110e-01 -5.649292309078283170e-01
-9.089812026356113295e-01 1.371932217950720512e+00
-1.055301693502415983e+00 5.850773743180283093e-01
1.561572932272444758e+00 1.501613880817929125e+00
-1.039724020023163220e+00 6.679887840468892168e-01
8.456986083775093199e-01 1.557845023162263809e+00
7.898302006360921057e-01 -4.699626024317747341e-01
-1.769353488156093224e-01 -2.852245876737467545e-01
-8.775608640284812134e-01 -6.955719065662412381e-01
-5.452393242594771872e-01 7.518060376165198733e-01
-2.235447054362484032e+00 -3.005057180427296304e-01
-9.840802156084041963e-01 9.225110464154917533e-03
-8.782156772543243672e-01 6.271225057165019656e-01
6.466728914642645432e-01 -1.236553684305865125e-01
4.405538018400424055e-02 -4.062532314997783778e-01
-1.178134318569629579e+00 -5.932789891985703126e-03
-2.862790635220858970e+00 5.552780445904133000e-01
-1.032779832113311702e+00 -1.066200123779449532e-01
-1.245171166863749124e-01 -1.250497225079393537e+00
-2.069945309504057640e+00 -1.476273127748349845e+00
-2.693783049615403602e-01 -1.991801909344669275e+00
2.216343292080232008e-01 4.361930956655934999e-02
-1.722005130322990241e-01 -2.585566062078540117e+00
1.438620104665888189e+00 -2.027082643265878392e+00
2.007111231938564500e-01 5.508370978786782945e-01
-2.406350263287116320e+00 8.046265042070537277e-01
-1.325776934602479251e+00 -6.694154195103783067e-01
-1.792982130738561553e-01 -7.008661906990447388e-02
2.379138381730598328e-01 5.502336510491339511e-02
-6.360604876280352427e-01 -1.800865701348141501e+00
9.578215187691520027e-01 -1.018298137422748578e-01
-7.221116051075086029e-01 2.456876760825728867e-01
1.489961983693186331e+00 -6.083451417455369992e-01
-1.199456952239716934e+00 -5.472058612723400273e-02
-1.952280306209912830e-01 6.230119787143554300e-01
1.335121849701792207e-01 4.524844210148181167e-01
-1.237757327933518975e-02 4.812671245291649247e-01
1.807003319378253647e-01 -6.910226946580722007e-03
-1.102316957933287211e+00 7.438263114964963618e-01
-3.409888435075551089e-02 -8.899853980460042946e-01
4.095842598047589322e-01 2.580281358908523837e-01
4.118340202149978202e-01 2.743253129418515499e-02
-1.341321843599174501e+00 -1.162918739989316386e+00
-8.896282565972774004e-02 1.435913566050913692e-01
-5.971721176104201334e-02 8.598996320371959934e-01
4.391676060771322887e-01 -1.051974964329873474e+00
-8.152186696080952755e-02 6.223825973552942203e-01
1.602668915173099728e+00 -4.145656319595470429e-01
2.641261730375848438e-01 2.147737771856729483e-01
1.415404851425871913e+00 -4.062870777797541466e-01
4.787992821737424021e-01 -6.999693013903567351e-01
-5.190964023855239029e-01 2.875034137873052065e-01
8.527842600507319348e-01 -2.810480023256963639e-02
