1.605080036938009158e+00 -5.923560842302911800e-01
7.943311176915568428e-01 -1.785409797493044071e+00
7.344029369128409757e-01 -2.526766728470326573e-01
5.573390703778103861e-01 1.399261920708960938e+00
3.652781111587758978e-01 -1.666402666983087144e+00
-3.180045859075059100e-01 -2.333354249376584366e-01
8.890401514730720267e-01 -1.123891831658911045e+00
4.395415388161137416e-01 -1.256916113050418282e+00
-1.519076752571766331e+00 -1.509975386245184792e+00
-6.615443783616450357e-01 -1.730127032304130008e+00
7.799819585447242964e-01 8.306593110231920152e-01
-2.409542786605544870e-02 -2.037126318697875943e-02
-6.111232861130924121e-01 9.203683358112866308e-01
1.178180153191823898e+00 -9.040158374745793646e-01
-2.266333250761525253e-01 1.661341322302748225e+00
-1.661545212008064265e+00 9.444543525325748146e-01
1.208717219788315811e+00 -2.436732470556811636e-01
8.438270926973433506e-01 -8.365209627302965245e-01
6.803683784610499163e-01 1.333178277983022797e+00
9.084671899100303927e-01 -1.073743691440716269e-01
-1.033492103688370189e+00 1.020481397599999784e+00
4.018278377444262639e-01 9.273833855086407452e-01
1.834966815517322936e-01 -2.457521104566796843e+00
5.017104746962882666e-01 3.780299254410641185e-01
-2.155253725877296078e-01 6.189817144960936268e-01
5.774978825782765002e-01 1.230606508540583288e+00
2.569305191883402006e-01 6.144399845448791364e-01
-9.866419260712583350e-01 5.367635419635944372e-01
-4.698601040313561961e-01 2.039365298926629766e+00
-1.973391740584457876e+00 -8.139927125999394386e-01
1.243441642189019536e+00 1.142737055752578168e-01
-6.453871193115531257e-01 -2.806019437442828224e-01
-5.440748866845053211e-01 -1.269826705188393801e+00
-3.617924480879414206e-01 -5.615009622484459090e-02
-5.423988481281302176e-01 5.337323796341280069e-01
-6.102209684519710464e-01 4.583057222785053564e-01
1.036725308252595790e+00 -1.968200902239029826e-01
-3.193198826861895490e-01 1.378999918149854897e+00
-8.665706643419520683e-01 1.009373184660155021e+00
-1.644918764438027536e-02 3.632900069515329622e-01
-4.507084635514225779e-01 5.209974229482170621e-02
3.741924459109826628e-01 -5.927264796449260853e-01
2.922159810052871620e+00 1.201264974167462890e-01
7.406553458789196798e-01 7.080947022223156306e-01
2.500053480298323638e+00 1.905891805617662693e-02
-1.403082364303756213e+00 2.157424713288066398e-01
-1.061446523290772159e+00 3.980629250411546471e-01
6.336833015390735957e-01 1.220182470934293439e+00
-5.195917237324431115e-01 7.471466401655013634e-01
-9.923435475561709351e-01 9.727798381523790061e-01
2.618923306178927435e-01 1.343985520598031336e+00
8.382973035997849376e-01 -2.292823505050789468e+00
-4.074750243717166209e-01 2.928554964538819805e-01
3.169572682904143734e-01 2.169686890852093597e-01
-8.850896709135805396e-02 -4.898876444369322236e-01
-5.856951963538619133e-01 -2.221736888194807413e-01
