7.411379710385205266e-01 2.251508254640915307e+00
1.873811823496722151e-01 -1.381760239483001973e+00
6.809360099452499426e-01 -1.025563078413445517e+00
1.352241989490649887e+00 8.471850240519483988e-01
5.363334265435748538e-01 -4.009641186345220265e-01
-1.327791750373764623e+00 1.060277645317519335e+00
-3.710871192856581846e-01 -1.524304397904630293e-01
4.636099122146459806e-01 -7.314913847129286273e-01
-4.453591598866621371e-01 1.903396119958857158e+00
1.202884710746241481e-01 -1.266595540995536506e+00
1.257157883293024692e-01 -1.013784428199667742e+00
-1.681759441542548750e+00 1.364988931237593794e+00
-8.535489827716192801e-01 5.622707789256434774e-01
-6.115502097899050415e-02 1.167045592689440303e+00
-1.056475503891353557e-01 -4.946980437820377441e-01
8.611589715244871712e-01 7.532804606353785681e-01
1.020433924952240723e+00 -1.892590804494603263e-01
1.451467726263813152e+00 3.462326347381918662e-02
6.443840743770129498e-02 -6.026493632861730232e-01
8.110381263726349488e-01 -4.250455917803347972e-01
-1.341924369897610658e+00 -2.755725980276032550e-01
1.847298846490563473e-01 -3.231786305804261183e-01
-1.243878604684655498e+00 -4.093806371406144562e-01
-2.737290898671921324e-01 8.742917857395845482e-01
-1.150201465301985859e+00 -7.144473552159597007e-01
-3.843279881465023196e-01 -1.435914112114909047e+00
1.088696958070664245e+00 -9.539014430532511968e-01
1.764898732369928780e+00 7.811344084994230330e-02
-5.153923865518893477e-01 -3.808571815129480065e-01
1.034062232307811358e-01 1.323638419980013858e-01
-4.620986589834467639e-01 2.083633633507666172e+00
5.008301739783358464e-01 -4.823421967670686317e-01
-6.712826718276204696e-02 -5.765936614577668040e-01
-1.238219960400878117e+00 5.796166607950934413e-01
-7.413458513150741336e-01 7.915352147786930415e-01
-5.874577751079618215e-01 7.388370643522498282e-01
-9.506344847553377386e-01 2.660316055446704797e-01
2.254145196329968570e+00 8.531167355126112462e-01
-2.615750822571935030e-01 -4.353637007909721968e-01
-1.645261602463189421e+00 -2.468141772000012946e+00
1.414246763275588126e-01 1.442021832280615090e+00
-1.633080142052484862e-01 1.960967799655870814e-01
2.094612244707825810e-01 -1.739276515521931132e-01
2.711319759546590991e-01 1.705762226695722639e+00
5.952738828787378367e-01 1.258565015356806649e+00
2.696369681397104423e-01 1.034481435712403918e+00
-3.230583973848391577e-01 -1.339616583686606688e-01
9.400141169017512954e-01 1.414585687142273729e+00
-8.813938680742090526e-01 1.141785558769864650e+00
8.901617979954933313e-01 -6.625427467134540338e-01
2.467000012256839625e+00 2.608188292256480301e-01
2.389155167713831407e+00 -1.438714719210479220e+00
-2.168655161647253804e-01 -1.473909810042500490e-01
6.651100783227713586e-01 -6.838770740059285647e-01
-8.123712367976684834e-02 -1.916302922840204870e+00
3.211816930969616513e-01 3.716383926202617566e-02
