2.216925445751301293e-01 -3.846594042285371717e-01
-7.894875509977997696e-01 -1.076744363867775611e+00
1.013493976279316255e+00 -3.711640750536534528e-01
4.740387566660292928e-01 -1.113762753039322817e+00
2.466167242726485798e-01 5.375869120603870011e-01
-7.707530040290215823e-01 -6.759183160778921007e-01
1.949083867480820187e+00 3.057425406733564888e-01
-1.052750266598966089e+00 1.453823759730508369e+00
5.414576824501440289e-01 -3.187461699986735009e-01
6.152278121907892583e-01 1.390973252380979519e-01
-1.219171748292563473e+00 1.594167417256898478e+00
2.645866896771252239e-02 -4.091151884848372444e-01
-1.113931615304937672e+00 1.101891672850906501e+00
-3.959511531976450116e-01 -6.232402023672710678e-01
3.765991145913352711e-01 -3.733549630300816990e-01
6.802421371323539301e-01 -8.168118647807488530e-01
-1.992309099584468543e-03 4.135183707564110134e-01
-6.114650495096017879e-01 5.926765010765131514e-01
-2.531055381126756654e+00 1.785238543089877172e+00
1.205419497958229114e+00 7.194561845282619883e-01
1.413229135458345942e-01 -3.195371340350305206e-02
5.631232056727564217e-01 8.341942706252337691e-01
1.374039490014498544e+00 7.252195286027446341e-01
8.412330255027620218e-01 -1.107086444464765673e+00
1.672649594465743572e+00 9.582438189140058959e-01
-9.236446680033277845e-01 1.081348200641010227e+00
-1.374749084875870053e-01 -4.317765600505285017e-01
2.430911360664697596e-01 7.877031939368186464e-01
3.078150241649391661e-01 1.659742565818385973e+00
-2.274060521063634877e+00 6.863201141441103159e-01
-1.580801728608819401e+00 7.935574679419415967e-01
-9.417674802333340089e-01 2.761062469980574141e-01
-8.506368620844280137e-01 -4.187245266243553310e-01
-1.890747239066903562e+00 -1.531045494939143214e+00
4.074867857150637485e-01 -1.161532699541731439e+00
1.004178640795856253e-01 6.921672023102186655e-01
1.925285052588955603e-02 -1.243760425146451354e+00
1.656757698554700120e+00 1.507194176883631442e+00
1.679835638303625256e+00 1.160814837303215885e+00
-1.385325000748557800e+00 -5.994149142381176576e-01
7.255274407420267968e-01 -8.660343205576258585e-01
-3.472953200064404777e-02 2.384213042979234365e-01
1.450631868435416250e+00 -1.579751427759906734e+00
-5.093248306400527392e-01 7.244795404178673293e-01
1.167979545360419369e+00 1.376422852539507524e-01
1.242695210709993114e+00 2.353656392048284196e-01
-2.238270497252352054e-01 -1.416179001650039071e+00
9.351897910719371154e-01 1.941443028591986752e-01
1.893333309311947321e+00 3.064279322266010297e+00
-7.292836290518142084e-01 1.749618633926559585e-01
-6.723233669437435056e-01 1.952537478857912179e+00
1.959881061371653965e+00 -9.506581403481006998e-02
5.463264618052797728e-01 7.693283256800519387e-01
-3.157599931180561370e-01 7.960624657246267999e-01
1.187801792215222196e+00 -7.257052697796226304e-02
9.790340285778441620e-01 -2.796762129727948243e-01
