3.198267392808217813e-01 -6.871960592609490659e-01
-2.465590551652021845e-01 2.180024187800396196e-01
-1.281707422115239359e+00 3.413724410281364086e-01
-5.452025990304938396e-01 -1.480461132428999127e+00
1.565372855125031493e-01 -1.493317933479532678e-01
6.158814810526222483e-02 -1.440153189452792193e-01
-7.489535007902492492e-01 -1.156935144533168591e+00
6.462972669060077502e-01 6.186147316584195144e-01
1.796232953904302043e+00 5.914655301616191796e-01
1.457180439446703835e+00 -5.876290166478936178e-02
1.462580428285306933e-01 6.595967431403707004e-02
6.376542845069741450e-01 2.863107469108009395e-01
6.246840353329407014e-01 1.562573424161251889e+00
8.701638079814516535e-01 1.821828518564998500e-01
1.811339238410307195e-01 -7.332028059957749200e-01
1.406776512227098319e+00 5.558129651859777288e-03
9.405224857385867665e-01 -7.741399920329389284e-02
-9.834835161577580864e-01 1.064961575484664053e-01
-7.823488972834575783e-01 7.693949290324524348e-01
4.411721687262342151e-01 -8.076468850732466953e-02
5.820154265705874685e-01 2.404448014244995047e-01
1.319014701853847837e+00 2.217066076417734788e+00
-2.320278917881773151e-01 -6.027906624728196494e-02
1.057542411906321700e+00 -1.047004333954377087e+00
-8.234693656907425829e-01 -1.212985930390352296e+00
1.638695192258899258e+00 1.959166277080842233e+00
1.453310696453568474e+00 7.444673701049011605e-01
1.394615199104319414e+00 7.531268266287284296e-01
1.590380943259619873e+00 -4.669042811814650973e-01
1.210882277750235936e+00 -9.037961102670616365e-01
-1.632803773294630112e+00 -1.118605401163753621e+00
1.352701928788245578e+00 -2.153736112220095311e+00
2.069887598831517961e-01 1.384694764682482981e+00
1.038714649091378173e-01 -6.738658497124969671e-01
-3.621561058697022606e-01 9.353930973420793160e-01
-1.477675927403590217e+00 -8.046362573270886553e-01
-3.780681769696871419e-01 -1.646687020885391650e+00
1.304340604434601092e+00 -1.770950117172706895e+00
7.597732548605358183e-01 -4.902117297186576739e-01
7.798872056288104204e-01 9.107933382456858684e-01
5.519260023296340689e-01 -4.855642415995775063e-01
8.279894177674060884e-01 4.273516742894832854e-01
-1.997620103344144582e-01 9.067759938199964065e-01
6.739442701260817126e-01 6.981497457017141750e-01
-2.499919811769025502e-01 -9.026238484603373857e-01
1.838628591292438552e-01 6.550721809128452477e-01
1.231951946183570401e-01 -5.894246203953090735e-01
-1.256103275329841562e+00 -5.690298010713350230e-02
-1.313298251357853497e+00 -1.316893993007296759e-01
-1.423157581589072906e+00 3.320538813286356139e-01
9.466621864143447418e-01 -8.255067733543470787e-01
-1.109631742352918060e+00 -7.816138324841007123e-02
-6.716262900616296605e-01 -1.413093125003401229e-01
7.952590744878391960e-02 -6.420381344034659099e-01
-1.002522447724383398e-01 1.317395424180341612e+00
1.341913527537379913e+00 1.499084091480592296e+00
