-7.311480320546490663e-01 1.025482796963583132e+00
-1.793763272511611717e+00 5.057675272617850881e-01
-3.941995811160940999e-01 -2.368748314004932576e-01
-3.881378234881793232e-01 4.316946949682542133e-03
8.178693082176009821e-02 1.585317315537247085e+00
7.258355919890937535e-01 1.350991448557859465e-01
-8.344496576250034492e-01 -1.718080230693213473e+00
5.079925758225671828e-01 -1.454266802645304835e-01
4.986364398421343491e-01 -1.188857074668606018e+00
-1.695594414728440968e+00 5.851051585235339525e-01
1.160826966084112843e+00 -1.626733387400094433e+00
-1.860823644550522848e+00 1.939131183613241813e-02
-1.052101313687011652e+00 -9.120167080560638295e-01
6.065115998943964026e-01 -1.727000826968972502e+00
-7.016932778814795046e-01 7.185046934732137736e-01
6.198719024631106356e-01 -9.219788739437957681e-02
-6.377103662614677093e-01 -5.387434420427008597e-01
1.295677032838054243e+00 1.231721813139005084e+00
-4.723195420444001313e-01 7.785747004466536669e-01
4.295188007270107078e-01 -1.293971725839902776e-01
-1.309370740440657099e-01 6.159394310985282228e-01
9.038350254060819600e-01 -1.102350671062912957e+00
-1.048821974432601944e+00 4.829072840183938897e-01
5.196911217214000844e-01 2.369430131587022814e-01
1.728253606632316863e+00 5.887236035285111635e-01
2.063669862024865242e+00 -1.955885366832609940e+00
-8.068939879317587049e-01 -1.319360203325843639e-01
8.164639225510881282e-01 -7.444822761939413613e-01
-1.753456669275093249e+00 -8.521935673772955688e-01
-8.499688858285738835e-01 -7.895589115510800449e-01
8.016940365588723916e-01 4.727357225519684958e-01
7.994304619381599197e-01 -4.948743529726334911e-01
-2.959110936381697532e-01 -6.095403135082656521e-01
8.600693878721098473e-01 -6.191051360542152437e-01
1.813343162900908356e-01 3.382925654727955700e-01
-7.182126311627228255e-01 4.189723901202507816e-01
-6.359783161991928724e-01 1.378450758353342076e+00
-1.570182955579952910e+00 2.642329535164391827e-02
1.662197177280869409e-01 -2.888281202370108214e-01
-8.112781398948391842e-02 -1.263457137000526753e+00
3.756844868049618036e-01 7.980104135171778301e-01
-4.235032015041940712e-01 -6.664935034094244815e-01
-5.037808778029083667e-01 -1.689131773086675059e+00
-2.410058689848309024e-02 1.305057757160934750e+00
1.616987922932613175e+00 1.531272511770011002e+00
-1.069595113925857525e-04 -3.049868962914488724e-01
1.042529624882609474e+00 5.134649972441447385e-01
-1.887891825624115727e+00 -2.018848035145059949e-01
-4.389270460909235894e-01 3.799563619208710663e-01
9.719610126943510897e-01 -3.508234863471761944e-01
1.935469983420037954e+00 1.001089858571573954e+00
9.220918729764507882e-01 3.902326319357725670e-01
8.234439637607759988e-02 -2.840185632704391172e-01
8.001501203437560994e-01 -5.961686619710019341e-01
3.962392610111313829e-01 -2.349783402631709095e-01
-1.420036257006523694e+00 5.833163672494870999e-01
