-4.097279719705026468e-01 -4.073519183215071338e-02
3.990532500015883666e-01 -2.314544465915350457e+00
-8.283909882758236920e-01 1.081405425865443526e+00
2.438172504788230555e+00 -4.305467683728955164e-01
-1.381128101100620009e+00 -1.277104499278753025e+00
1.037974947671476134e+00 -4.597530089580280643e-01
-1.520155125593561030e+00 2.704605012860269303e-02
-5.380925187216195615e-01 -4.162473396781037338e-01
-5.893278189364844349e-02 1.664670684678129176e+00
1.216624706405606604e+00 2.517375764013586092e+00
-1.386358780150925840e+00 -9.034270270471482789e-01
7.114553109897298055e-01 -4.778415234235741660e-01
-1.089183385815794235e-02 -4.257146835914898397e-01
6.463362116074742314e-01 -8.209286443206041672e-02
-6.996773493604245830e-01 -1.028096595969520521e+00
7.763363234088259401e-02 -1.828519190897368141e+00
2.119990047199781902e+00 -1.349715655759739230e-01
5.617172445170297568e-01 1.482577456457925269e-01
-1.140423601135371667e+00 -1.729504086558706133e+00
6.612545148680161189e-01 1.056546607923004588e+00
-1.082022742086608154e-02 5.039507772896669735e-01
7.377965877142557138e-01 -1.512679530297221353e+00
1.815901903007601792e+00 -5.787941216800055466e-01
1.382233329034044944e+00 2.076295505981733847e+00
1.517239203528356062e-01 1.640671558881947600e+00
1.438517963626495533e-01 -1.766193950603391682e+00
4.268229749802202599e-01 -6.084765454018532110e-02
-7.397336091379413947e-01 -1.930922226120854290e+00
6.485236786440405909e-01 1.333513260795487820e+00
4.332400608358554228e-01 -1.002287378403208473e+00
-1.586495894804969220e+00 5.168263462035586064e-01
-5.347843554418775236e-01 8.674591607642436752e-01
2.237251711397139520e+00 -3.159038778116899926e-01
1.116600591920816177e+00 -1.050334699139142458e+00
1.306015709341077136e+00 -7.948221783991726852e-01
1.577692871086882276e+00 -2.794292003921151624e-01
-3.596561006995999121e-01 3.274906463304998461e-01
-1.140529524470333289e+00 1.960433093418557926e-01
1.007316387335318808e+00 -1.195749413240010210e-02
-1.088402050049010139e+00 4.314338333579879614e-01
-1.502786203613886373e+00 3.134622287479212899e-01
-7.505200232035132979e-01 7.690705480720811948e-01
-3.996481585713770324e-01 1.184427136399662794e+00
1.081222793298679763e+00 8.468242397085787299e-02
-2.563694029302112209e+00 -5.631131920577936434e-01
1.065109903043456097e+00 3.345471403646193553e-01
1.459568966511577415e+00 1.715615746421985111e-01
6.113894781832237557e-01 -2.543690433934175377e-01
2.038126447121328677e-01 -4.030565544753357821e-01
-4.871710265883589380e-02 -1.588752506893948424e-01
-5.949841405518340176e-01 -4.521621931748221468e-01
-7.613762485249262468e-01 2.114654524322380436e+00
1.161934599929712819e+00 -1.592650827370387878e+00
-1.149748174213842011e+00 -5.126046150293928072e-01
-1.161900646106952761e+00 -7.714758576294273862e-01
5.924746700069688510e-01 2.318933167370161863e-01
