-3.261614904379945834e-01 6.427926573482911632e-01
7.600648398618036206e-01 7.873885118076567879e-01
2.151499290648427598e-01 8.256815309730589081e-02
1.231704321362222965e+00 -1.008589157175594275e+00
-4.171665786316543917e-02 7.913949965841107215e-01
1.164378856261127693e+00 6.621940228488438773e-01
-1.012796508008467988e+00 -1.775942174623144632e-01
8.282254043541057431e-01 -8.845671789473461555e-01
1.539909160793854648e+00 1.491922429656592719e+00
8.129158154746373155e-01 3.476072389664672802e-01
-5.522897133666633263e-01 -3.076069834997159913e-01
-5.547156570873588294e-02 -6.866427759960500588e-01
3.832713998030903846e-01 1.905018921317424452e+00
1.169539678738463762e+00 -4.014734653758933458e-01
1.189817923235495289e+00 -1.545104945658874351e+00
9.378554490042012581e-01 -1.685801855073715716e+00
-1.497756052429622509e+00 -4.881204635574000195e-01
1.278050818949190339e-03 -1.079594030832454532e+00
1.683418600245427887e+00 2.745095112788910607e-01
-8.799704150283328419e-01 -5.977039188196899833e-01
4.568713824417240943e-01 -1.370857341597741641e+00
3.098221283860893016e-01 7.726446846468217888e-01
-1.518025131415281281e+00 -3.904627125674843269e-01
-7.077194588859367919e-01 -1.142259838564138485e+00
8.037622133194961549e-01 1.299048142716730414e+00
1.262332520801420443e+00 4.940504301155389938e-02
-5.024969263279571718e-01 4.150998696712503155e-02
3.496508877842791629e-01 1.369565891200477670e-01
8.563319408118537091e-01 1.636974637090032880e+00
1.518342349280623060e-01 4.357202912373299708e-01
-3.735134807265952372e-01 1.399585457838329466e-02
-1.491083988316156628e+00 -1.049579205083335465e+00
7.866683665044780227e-01 -1.107116318509499653e+00
-3.257384061345096060e-01 1.217930813377974403e-01
2.409913737395952271e+00 -1.568093634411796167e+00
-2.014227162301918395e-01 1.116540400448468473e+00
8.209668992346513816e-02 1.946403833500949698e+00
4.625797596877921913e-01 -4.567002422373550030e-01
6.298055098067719682e-01 9.493710437404294655e-01
6.925421347100320368e-02 1.822587389700560390e-01
-1.208126816108466395e+00 1.356437614574921069e+00
2.192146073438547837e+00 -8.705058559905697046e-02
-1.423018285244197934e+00 1.185648914891797245e+00
-1.850165585710082716e+00 1.350676700766094140e-01
3.846398995910738638e-01 5.552623277669801460e-01
-8.378756159032690887e-01 5.757281362548269388e-02
-3.020242597770992354e-01 8.367486655622830005e-01
6.555766508807366888e-01 2.051203398023263291e-01
3.779059127247154370e-02 1.561635375213257237e+00
2.804307605405043535e+00 -1.214165875993346244e+00
9.989755933108441788e-01 2.930706747175169102e+00
-1.172533460216625079e+00 8.425940258334287947e-01
1.035710412872698827e+00 -1.246659747287956338e-01
6.957521507414442530e-01 -1.201982476225867069e+00
2.752399824834822484e-01 -2.187353726043088364e-01
-2.924221719588118718e-01 -8.551559299047081231e-01
