1.765218783836070449e+00 -2.507416408337048153e-01
6.381883177721829892e-01 -5.579468498744928617e-02
-4.514473625691682868e-01 9.962524835859056793e-01
1.827128624627559983e+00 -9.167559558958967569e-01
3.118084586968696836e-01 -1.350580273629260919e+00
1.884066341040922798e-01 3.731951598866005693e-01
-1.448267261887923762e+00 7.763166607294681443e-01
7.065403985937181996e-01 -8.721915999064809855e-01
-8.113852898331226360e-01 4.307476526077869683e-01
-7.380148130184023270e-01 2.786722102561944414e+00
1.600946252812446569e-01 -1.315057751892006577e+00
1.451311394464794846e+00 1.875927165595682400e+00
7.320872967272585852e-01 -3.146745642023099920e-01
1.111977990732437860e+00 1.799323620104523069e+00
-1.439486126605843630e+00 -8.591546600611847939e-01
1.875002810682564691e+00 1.911813759715041694e-01
-1.324143237368065495e+00 3.206510453171600994e-01
1.285453482392187263e+00 1.611587892554266821e+00
-1.800462504650063300e-01 9.171366531996395510e-01
-2.389316358800742945e-01 1.367800207428805592e+00
6.891586273027218157e-01 -1.705244755619918617e+00
-6.074980241208007836e-01 -1.747419533167252181e+00
4.558123062538763648e-01 7.650498044287600274e-01
-8.984908944937747277e-01 -1.998615916222103994e+00
5.342851496353090424e-01 7.326249360353961348e-01
7.062829582473453272e-01 -6.507727665895042535e-02
-9.870596512916168797e-02 7.123561323010431101e-01
5.097906949536701315e-01 1.378304972847580689e+00
-9.106117715647628064e-01 -6.164253259027143717e-01
7.781813539297348647e-01 -1.118431063779114609e+00
-5.908709068072879461e-02 3.021524770086338463e-01
-1.237412251777529754e-01 7.720365175918988965e-02
-1.014210306943209350e+00 -5.749045536753234487e-01
-7.427674058653974676e-01 -9.765128078550239232e-01
-4.846163459749563973e-01 -2.056510384124870416e+00
2.247110018131546649e+00 -8.873443089680954632e-01
3.034495636052023659e-01 -1.224704231130801096e-01
1.008964763716681257e-01 5.717935202665073158e-01
-1.164957598405915284e+00 -3.758530259901676773e-02
2.734677994892601993e-01 2.150693976302198995e-01
-7.065270656689524031e-01 1.501044028178883716e+00
9.231496102440899243e-01 7.455606934716696443e-01
-1.194212080140739651e+00 -4.876618464948030973e-01
-5.641779308358392253e-01 -2.360405717664388336e-01
-9.379403274521724843e-01 -6.347933366416304013e-01
-2.315088993157261021e-01 1.389689672230012052e+00
1.230261076461608705e-01 -2.573574828747730581e-01
5.396860084457028028e-01 -1.260870456195581468e+00
-5.481450834351228041e-01 -1.779188258373982423e+00
8.408297825269861470e-01 -1.125247481357644297e+00
-3.001951604229096571e+00 -2.606316918929910020e+00
-9.519012052237793009e-01 -2.195767875513355005e-01
5.694553578476380107e-01 -1.215279837536915819e+00
-7.204527613684366116e-01 5.766936627082478450e-01
1.166464112084298232e+00 2.130095397229566923e-01
-1.262728168173856469e+00 -1.475117525662010154e+00
