-3.753715965338945137e-01 3.915184128242599759e-01
-3.135164477968378494e-01 -1.505123170775374053e+00
1.644451378544085740e+00 1.863761057248014774e+00
1.846209165684618903e+00 -9.160127109690205938e-01
-1.149695951645095970e+00 -4.554688357305201607e-01
-9.335620325171487544e-01 1.168558364691825613e+00
1.035769498450808540e-01 9.459977753967321323e-01
3.599370809123597859e+00 -1.103916621679555288e+00
-8.819028152018103528e-01 6.842877329545021814e-01
2.949647329054650768e+00 8.848645509838438672e-01
-8.367169580777110705e-01 2.778082643121534967e-01
7.790704651010055271e-01 1.395737769851126853e+00
-1.528479745555766378e+00 9.114839852689949479e-03
6.396471135722321677e-02 -4.394848203402794140e-01
6.256020056901161475e-01 7.948203194244075620e-01
4.940867095348625004e-01 5.236863582083131075e-01
1.249686622866661746e-02 -1.136718559767645242e+00
1.860209690648980396e-01 -1.194785159271243569e-01
-7.631019330704065240e-01 -7.947919443283765761e-02
-9.998075127041954058e-02 -7.672774845222191109e-01
-7.609428224127180729e-02 7.041739848224419784e-01
-7.468016401187116404e-01 -7.812547969306392615e-01
-2.225700342146678945e-01 1.367683786536545987e-01
1.406977810403762241e+00 -1.025123002876763723e+00
-8.464953028297306226e-01 7.277384978013040628e-01
-7.833425644661711207e-01 -3.541821325296193312e-02
-1.343907809529818254e+00 -4.797887555925767766e-01
-8.832910192366965063e-01 -3.883789489001994166e-01
4.585036034981811448e-01 1.436061353215207115e+00
-2.542694905807991179e-01 3.120238008960923293e-01
7.304454078079007928e-01 2.424749754119800982e-01
-1.536867866375796199e+00 -2.104777239687694312e-01
-7.003983043066700498e-01 9.428758730022773760e-02
-3.011060531097501936e-01 3.553360764228189472e-01
9.553822629118058352e-01 -5.915354146841587113e-01
-3.207743326718999199e-01 -1.363697143784535992e+00
1.143670343518387034e+00 9.133941694832468094e-01
-5.771427295751421216e-01 1.607935098537651430e-01
1.505313966754342259e+00 1.212576509502658828e+00
8.646850765954339213e-01 -1.162553331797757661e+00
1.911355754870644463e-01 9.386781359838288763e-01
-2.907639761356541411e-02 3.262981788051197984e-01
3.579016706511181090e-01 -1.452683570997077123e+00
2.271018820827301055e-01 -7.050629736589560936e-01
-5.372742273954842496e-01 1.149140771070360223e-01
-7.480136140417670276e-02 -9.030621378260550447e-01
-6.506785096556376713e-01 2.588227758962873826e-01
-9.660968652959042169e-01 7.428408924751617182e-01
-5.116954036754795682e-02 1.998851259963354998e+00
-3.028741389150284014e-01 -2.031483762694095141e+00
-1.119100027903777494e+00 4.602253140702994294e-01
1.535743331952820201e+00 2.996808949277475764e-01
4.134742844584634591e-01 -6.027579273513977709e-01
5.414494692870804871e-01 -5.736509942122199890e-01
3.356790914669809944e-01 5.391870924084762873e-01
-1.953732502554240247e+00 -5.134434699907208799e-01
