1.655939050093581333e+00 8.068175478017733937e-01
5.006714858910434884e-01 -6.481054448452661099e-01
1.988691492207397271e+00 8.450584780528016537e-01
-2.379694553390037659e-01 -1.485873922071372144e+00
3.067160616726732347e-01 -6.266108257689566585e-01
-3.428026393400783189e-01 1.401508169194734421e+00
6.608958217599364415e-01 -1.195504625915574382e+00
9.324830152414596007e-01 -1.908314421198881450e-01
1.185653611055599077e+00 -3.417255825511538725e-01
2.158963874539875150e+00 -4.070454570976551056e-01
-1.376686588699812752e+00 1.416788295304894363e-01
3.647775001022657837e-01 4.347377417102235575e-01
-4.288101666511569543e-01 -3.481538198276449836e-01
-1.309956831877628014e+00 1.476602602864067082e+00
-5.843976971963121131e-02 1.874702474899623827e-01
2.410255797081555795e-01 7.610802222853895183e-01
-3.755029360285127571e-01 -7.290700780074849119e-01
3.401223443883913400e-01 3.679727222248653229e-01
1.000206229197426522e+00 -3.162301286338224937e-01
-1.226428868805060191e+00 1.109273737759850942e+00
8.859310711808741079e-01 -1.173907239237869327e+00
-1.489759307638588437e+00 -1.138414714864590227e+00
-9.992917124005545881e-01 1.512126856251597498e-02
1.537480127074886793e+00 3.499885745700914014e-02
7.992927224193635549e-01 2.368039611608716566e-01
2.455758785813309419e+00 2.624615521929608564e-01
4.463033075588662135e-01 7.783733316413254943e-01
-9.855674447786837433e-01 -1.839777454700978421e+00
9.660815287130785078e-01 -8.053199638960625547e-04
-1.886290791302691894e-01 -8.469357038582806529e-01
-1.684150888787512512e+00 -4.635369407151245791e-01
3.405035522686148952e-01 1.049417544781360068e+00
7.519641380124262309e-01 1.369971444786985515e+00
-1.194813116560088373e+00 -5.609977870123799004e-01
8.643303517330438446e-01 9.394954015348339071e-01
-8.433146987657109683e-01 -1.391474838366069111e-01
6.766960009950063748e-01 1.719144822389218064e+00
-5.537840601308678945e-01 -8.591616031766876604e-01
7.913693620320189082e-01 9.262618644899365261e-01
1.549771089990987116e+00 1.042153872141453386e+00
6.729356419957857049e-01 -9.381508862331525700e-01
2.555269391348161445e+00 -1.433724096562801753e+00
-3.236773037430164535e-01 -5.577796271596682232e-01
4.793740685032296112e-01 8.678019494359163755e-01
1.361256761404020299e+00 1.058374353481546848e+00
1.705386836734733125e+00 1.267104067035354609e+00
4.956426218521860216e-02 2.328165832811031510e+00
6.590302788980348936e-01 -2.888787333138976288e-01
-5.615324314088576685e-01 2.039064797401229701e+00
2.219093533449792988e-01 4.206034075235610264e-02
-7.637414983242571953e-01 -2.068257418695948480e-01
-1.750146335107173101e+00 2.420963654498592965e-01
2.493922708010910261e-01 2.028309686876219153e+00
-1.340613339912725410e-01 7.674204415036663951e-01
6.391369385083321975e-01 -6.578404318816937213e-01
1.252450972331111245e+00 1.639072097793193572e-01
