-6.207758236235021432e-01 8.183093465171580316e-01
-9.513232438122984913e-01 -2.699752080992392500e+00
-1.605525608171711527e+00 -1.504763573286851175e+00
2.926968638482875806e-01 1.638133583744838875e-02
-1.491035787652378986e+00 7.109332221689141917e-01
9.420117889774990427e-01 -5.961234821652421356e-01
-1.023414053781769084e+00 -2.789444592500043285e-01
1.336453606200700639e+00 8.945687912588935475e-01
-7.973441080267525960e-01 -1.327631212230820479e+00
6.904125325354862897e-01 9.466425436676541016e-01
-1.371958533308270944e-01 5.085188571949531555e-01
-3.519462085193402201e-01 7.408489566650007241e-01
6.334100838275408263e-01 -2.013734625662509659e-01
-3.251157167821012162e-01 -3.305949809777645187e-01
-4.918241050236625833e-01 -1.154362694765781017e+00
-2.845925661061373124e-01 -6.482955638345081484e-01
1.289182093491261893e+00 -5.964167148626358106e-01
1.891880359409114573e-02 -2.144225130376809396e+00
7.652712209327231507e-01 9.167560469320664707e-01
-6.205172466244740503e-01 -6.882068962832621484e-02
-4.801168325291267358e-01 -4.576291222082187193e-01
-1.042409956053782283e+00 -5.408437799600050999e-01
1.076545243178611111e+00 2.575461062563360604e-01
-3.730161796790134043e-01 -5.475495493473792052e-01
-4.346566845250827704e-01 1.277481404047592362e+00
1.585694029645815295e+00 3.188776087372577339e-01
-4.252177176639438533e-02 -3.655158224888578888e-01
-7.579698591876111724e-01 1.521601502760810298e+00
8.217795665686221385e-02 -5.652062339119316992e-01
4.743249961801574432e-01 1.079702427446101565e+00
-1.141133456186988804e+00 1.067932795676294955e+00
-1.605561414941179210e+00 -9.353349460729454279e-01
-7.606900368813711566e-01 1.886301545003335189e-01
-9.717958568394842178e-01 -4.921543800365654406e-03
-2.139841539391972580e-01 -7.851490967012498823e-01
1.169335814135424201e+00 -5.365346764831011583e-01
-2.773289098672754860e-01 1.113031172464645113e+00
-3.748470158439602962e-01 8.927786670121503620e-01
-1.010065484210671105e+00 3.437927373908768458e-01
-6.910428126307791574e-01 -2.348669876634357667e+00
-2.108679541659780887e-01 -5.920442851981853050e-01
-7.257974329557819182e-01 3.986613399364703492e-01
-7.403790633116928976e-01 3.429495520595426394e-01
1.010848433597280049e+00 -8.435641962968257745e-01
-2.822047775202802256e-01 -6.644614397390240512e-01
-4.350285076769983550e-01 3.358115202684890943e-01
2.046469178732645555e-01 -6.195415408809058500e-01
8.413334739909399396e-01 -8.841573338605452914e-01
1.586886504549116506e+00 -3.758817292101149926e-02
-9.811701248342493686e-01 -1.745948306636243841e-01
-1.260092352664503146e+00 -1.175132043530994208e-01
2.066099130652896854e+00 1.821272920382182470e+00
-1.193909883540124950e+00 -9.108391239395792205e-01
8.820870066202877169e-01 -7.732114334644257791e-01
4.218602586468548354e-01 -4.672666570910422590e-01
-7.434013666316361402e-01 -7.552682728732858231e-02
