-6.973783421069235100e-01 -9.655353851928657472e-01
2.121895486441633949e-01 1.034401986328450818e+00
2.865446847455636603e-01 -3.364741017717520211e-01
1.543603242361723860e+00 -8.307451507180634298e-01
-1.323008888733623545e+00 -5.685696843946914658e-01
1.604147343654782842e+00 -1.173259179655028017e+00
-7.268636301814548339e-01 1.391746831714521515e-01
-2.452375571873724180e-01 6.916543775383732218e-01
1.112503212830592725e+00 -5.298730366819979221e-01
7.179167539187996105e-01 2.141872821766704238e+00
3.824550831453757405e-01 -4.727605889944867107e-03
1.651720240746467505e+00 6.929855637945647219e-03
1.634254681273905163e+00 2.618470481645507886e-01
-1.385552780683979579e+00 -1.889493327505994635e+00
-8.246922040402469012e-01 1.578222210211223997e+00
-1.258369834038613133e+00 1.274482811003246202e-02
-1.609384743040877419e+00 -2.711691850892447020e-01
2.395281691432219251e+00 1.277851142849437904e+00
1.063334768652660411e+00 1.214364938596895760e+00
-1.143088506898827683e+00 3.661683598259965478e-01
2.084750002096135368e+00 8.563694784000849825e-02
2.354464389827463089e-01 -1.530001812610718881e+00
2.600661926912833932e-01 -1.185366912893540126e-01
3.319427517031052211e-01 7.250065622104350238e-01
1.057543010305340481e+00 -7.714358649956821745e-01
-3.170941945025837483e-01 3.867438850041122755e-01
-6.913095766113633855e-01 1.493294661667917689e-01
-2.682344735078964204e-01 5.268596246876829925e-01
1.403574922095858657e+00 -2.395713029572198227e+00
1.857788574344929167e+00 -2.959676851968264244e-01
-5.448972784869243746e-01 1.265937737513202488e-01
3.851520560923071823e-01 6.482017703511780971e-01
-1.004395698708223206e+00 -1.492920538916527207e+00
1.066356246035050859e+00 -6.759971518522592815e-01
2.444317706073476926e-01 4.646378500370806353e-01
-1.623152872211212627e-01 -7.413736280082702246e-01
-1.936951242165722842e-01 -4.733041242284250494e-01
-5.168553016388496291e-01 -1.066035358285088552e+00
-1.393919879005056650e+00 -1.434019084856940962e+00
6.280097707609390012e-01 1.230006712349102360e-01
4.066863571953835965e-01 7.058042703018722053e-01
1.382102387777646157e+00 1.520807636593035861e+00
-9.840308783383860947e-01 7.087696185147583927e-01
-3.755426164557926216e-01 5.291655997937527722e-01
4.738067588568413702e-01 -9.477901638434357845e-02
-4.412370895688695338e-01 -1.065666230323591090e+00
1.011379183322423048e+00 3.846219126708246283e-01
6.608821902983992580e-02 1.812292058772776659e+00
-4.481634425748758366e-01 6.680004085633337585e-01
2.612609175039016240e-01 1.497776746023653072e+00
9.016140607758343917e-01 2.063838010949391677e+00
1.779910172001144320e+00 2.047202088715160961e+00
1.194612811466702951e+00 1.565729670045910571e-01
8.894552339601388136e-01 -2.514226979854811486e-02
-5.948888416878467256e-01 3.177517471512600333e-01
-7.000179946393487729e-01 -3.056086829977181507e-01
