3.051440942218213159e-01 -1.044728339088143887e+00
-4.722464852676553915e-01 6.292955865166649509e-01
6.715365482639630290e-01 5.447221547907408201e-01
-8.719932700904537981e-01 -2.578206879229441029e-01
1.461717564325477614e+00 8.669068194780937819e-01
5.341280960169969561e-01 -1.190521174632042767e+00
-8.516314022733267874e-01 9.460579361487964078e-01
1.777164777779974836e+00 3.369889216456293385e-02
-6.506999204545704796e-01 1.301046788002212740e+00
1.425717680672250243e+00 -7.501700108129364386e-01
-4.560334770624746570e-01 1.120868864653636443e+00
9.713924515440038043e-02 3.381776402119442970e-01
1.680436982919642774e-01 6.358652674381545244e-01
9.874681179729078995e-01 -1.695616646341033151e+00
-8.940350627072531919e-01 -1.352077662081099474e+00
7.435726935919091396e-01 2.350618614490067038e-01
4.064026883411727131e-01 1.869832360576151764e+00
-6.585358527196325529e-01 -1.760386557469502344e+00
3.863963326451774066e-02 -1.352463378899389168e+00
4.154663732095354445e-01 -2.381047724888707695e-01
-6.923316566001876948e-01 5.865657657371030620e-01
1.241977656196998486e-01 -5.787375796429776731e-01
6.099968937449793405e-01 1.238575998071697742e-01
2.939708590735758409e-01 1.948058255156296381e+00
7.268169313562419243e-01 6.961734465633027114e-01
-3.416376785324539145e-01 1.372612555259224987e+00
7.319752301808816197e-01 1.718279349723615956e+00
-2.584687887606583745e-01 -3.216152913823063786e-01
1.244610185912951916e+00 -7.879711419290585939e-02
-1.862168976663177045e+00 2.808129679797466971e-01
1.338783547025274023e+00 -3.887208917523599788e-02
6.058938557005494330e-01 1.787295185267932185e+00
-1.064752849446849892e+00 -1.182734092296184203e+00
-5.155130324943016928e-01 2.275783047665936309e-01
-2.050460658742075115e-01 -1.441872677025408944e-01
3.511866558575079122e-01 -7.878996443238950320e-01
1.732757709600557749e+00 -2.300706985933795024e-01
8.648377686849398893e-01 1.137901233985038063e+00
-1.553982891936515731e+00 -4.061914872940916577e-01
1.845116026287220379e+00 1.095378566676235677e+00
-8.837745676448459653e-01 2.452630937000012779e+00
1.069768569530729962e+00 -8.405457560165269237e-02
1.005127979648287928e+00 -8.927595340990236439e-01
-7.769761887526666078e-01 -7.787513403605254014e-01
7.373447240978296957e-01 -1.329584854120822390e+00
2.928266081779056229e+00 1.060316569537963077e-01
3.933169562305399714e-01 1.287108893168089352e-01
-1.786894809776509607e+00 -1.003966338306170325e+00
-3.302718563354614667e-01 -6.643518153865087816e-01
1.601580633048088176e+00 -1.883442772689034372e+00
3.010966067724187289e-01 2.280538662345127587e+00
-2.741086279622898747e+00 1.867169508549354762e-01
-2.625129464636511423e-01 -5.714508782768989992e-01
6.535928722850432582e-01 -1.813395132314361557e-01
9.474342868081562230e-01 -6.648950646158109656e-02
-5.378502504626353486e-01 8.078660031685228615e-01
