6.219383559315497800e-01 5.192508166012693022e-02
-1.032084518635573378e+00 9.248964448107575009e-01
-3.199137331002348539e-01 -1.977951835144215464e-01
1.436404531293871578e+00 3.198482878659532069e-01
-1.373537400734528235e+00 -9.084388641359830707e-01
-1.008238886762771180e+00 8.595869519372949519e-01
4.371541120632579935e-02 -5.972064523023451477e-01
-2.004512021861794557e-01 1.061387711951068402e+00
1.466810644617546622e+00 -9.958393318801691541e-01
1.809698712998799308e-01 1.360191551608451177e-01
5.572324768037225651e-01 4.185625738020513076e-01
1.965362408761844037e-01 1.954072907955448413e+00
6.460328662574336134e-01 -3.297703972575152798e-02
-1.367831795183477972e+00 9.399917789590567230e-01
-9.647987112702705037e-01 5.041223437682679220e-01
1.596642615421082656e+00 9.655099407137827106e-01
5.528838033923019202e-01 1.275655506502987535e+00
-4.543921743453037121e-01 9.254951232341443457e-02
-7.186649724917710813e-01 -1.245336404855707180e+00
6.247267558240537921e-01 -2.018353948168319922e-01
1.347554872521134206e-01 -1.790342954839735101e-01
-1.062746701040539365e+00 -2.925764180371130951e-01
-4.574944014761405525e-02 -3.077838984626996566e-01
3.672196115182255888e-02 8.493723838640796497e-01
1.294717598859590479e+00 3.147955155731353982e-01
-4.148630705967010779e-01 -6.781471084564364427e-01
-1.599755025805946529e+00 8.786292694710122753e-01
1.475499029325905431e-01 -1.309036960932153271e+00
-1.517300989760997032e+00 -4.758657881309292792e-01
8.249096447816504085e-01 1.606663587459246978e+00
-1.005191585068200277e+00 -1.068970900810260583e+00
-1.241501845850397245e+00 -8.246040291957315027e-01
-6.982675822614893280e-01 -8.359590638394067685e-01
-4.202087592186727893e-01 -2.171338429462173369e+00
7.092706480451052009e-01 -1.687845935280715581e+00
8.415454023143050799e-01 -8.066853058815988131e-01
9.723770368616566073e-02 -2.010912673203339995e+00
-1.234949345319073410e+00 -9.366225187817591724e-01
-6.246209396529633917e-01 -1.756245929522612492e+00
2.965904587218255450e-01 -8.323627460271006973e-01
4.981507527133416935e-01 1.428394156421202377e+00
-7.770107000692428878e-01 -1.712484859210411936e-01
2.019213706754963700e-01 3.246904725105100031e-02
-6.246756747562698386e-01 5.573851808347720649e-01
-4.804634978920210853e-01 -8.533433987726321002e-01
7.095499156633200410e-01 2.618068670759606809e-01
-6.751415882149224279e-01 1.441759317551768893e+00
-1.053696949562657886e-01 -6.359816732921368121e-02
-6.157775042839171986e-01 -4.161691120820190659e-01
-1.508450856367677118e-01 1.767461094013116130e+00
1.102948687537204764e+00 -1.093717552238253177e+00
-5.567235536484736735e-02 5.547907969116688820e-02
-2.637719390770498773e-01 6.980485562117260123e-01
-3.021384104123898268e-02 9.736383271244521131e-02
-2.783396516256873010e-01 3.694833092750673398e-01
-3.302340439827192720e-01 1.965051258605505710e-02
