-6.474069387818728316e-01 -9.742091635499664504e-01
-1.336810895247201092e+00 -1.722073887012142909e-02
1.505906698510544872e-01 6.330185182225546159e-01
-4.191552588206820529e-01 1.448354421108599965e-01
1.129959481439695157e+00 -1.911070831685980631e-01
1.806755115911109488e+00 -7.869966756342465786e-01
-6.744037198252551546e-01 7.566479143499714732e-01
-1.139936612558402507e+00 6.319814041941487215e-01
1.048903166359345551e+00 9.014842224529273640e-02
3.352596271942362982e-01 -6.331815940073974858e-01
-9.591584973849331952e-01 2.364334782240947730e-01
-3.139804012141163003e-01 1.923462561071545007e-01
-3.405506165509985476e-03 3.085300879082799631e-03
-1.129009255879174889e+00 4.400451632353454823e-01
-1.185224676036551905e+00 -5.227436332622117376e-01
-3.800033837407278958e-01 1.741633928791939567e+00
-1.416031120678646824e-02 2.824507364147819666e-01
-9.977962758621303774e-01 -9.992327527862512326e-01
1.225078979532192358e+00 -1.399264528410764763e+00
2.833517993943602820e-01 1.676476585679764542e+00
6.351483523158365507e-01 -1.025707729562318204e-01
2.184468268889707687e+00 5.305446496524157673e-02
-7.066253529777327680e-01 1.269130538744354775e+00
-2.991239285902994594e-01 -1.134937802197531820e+00
-1.333427675923654299e+00 -6.099836353661254318e-01
-6.131463136725473495e-02 -1.259898979965341503e+00
-1.646693653230306142e-01 4.283059710243302676e-01
-3.227081805116524364e-03 -3.531912271157980898e-01
8.872483765450873694e-01 -1.338426575281821962e-01
8.105150572106230647e-03 -2.311155775056427664e-01
-1.703452127835512142e+00 -1.161728331315746043e+00
-1.556978816867553794e+00 -3.636794369075794370e-02
-7.645160230726898432e-01 -2.309149564356544337e-01
-5.957517377653039903e-01 -1.494471952223760614e+00
-1.388979268024192359e+00 1.220254702609719022e+00
-3.495502328101287026e-01 -5.547150998521778176e-01
-6.211991393250725357e-01 1.448539497617185035e+00
-2.801468859028914959e+00 -1.741159946589046603e+00
2.550049610099731079e-01 -4.992674289587526459e-01
-1.378905771642344069e+00 1.330792743694691138e+00
-1.594626780274899902e+00 9.692837505671270115e-01
-7.570126745876852581e-02 2.063800641360922783e-01
-4.307307274205942477e-02 5.619462241003132519e-01
1.449217844786223619e+00 1.838153202757843996e+00
1.727569249491926140e+00 1.773987092460344028e+00
1.174630578311645218e-01 1.374956741950546846e+00
-1.910936755754936600e+00 -4.323522026579331573e-02
-3.090373711513688670e-01 2.238271631458248478e-01
-8.272938200114936524e-01 5.715648585014593275e-01
6.192151630818897301e-01 5.999969405988330590e-02
-2.908621457650349962e-01 -3.336759533071190775e-01
2.141532118127398576e-01 8.197185909761582900e-01
-4.969607442617165471e-01 8.758376789771110671e-01
2.884340358398981286e-01 -8.617394698273888043e-01
-9.509614522875202702e-01 -7.163671557125080025e-02
1.322769393512240432e+00 1.192787113481266426e+00
