-1.899688804437008049e-01 -1.708532811018929731e+00
-5.201063695875312032e-01 2.360054497773873550e+00
-4.879309524621845973e-01 6.882049417377480438e-01
5.390592903158638628e-03 -2.018866066406286852e-01
-4.086723927798650013e-01 -7.521991487992736314e-01
-7.094621769587006188e-01 7.684044089758477192e-01
-2.418894366039228971e-01 -6.667298426347731954e-01
1.226019949930057917e+00 4.357235641602689169e-01
-6.662435276470942691e-01 1.187501686965153125e+00
9.693786328057580892e-01 1.234545024239697364e+00
-1.248265550627964404e-01 5.310584545886894992e-01
-5.314748661441434097e-01 3.303612618671205037e-01
2.720420128099536594e-01 2.083765467793360138e+00
-1.219408130956516345e+00 -1.728101689581966124e-02
1.399112948595017336e+00 7.953703952101933705e-01
-1.812039879512096219e-01 1.377277342063822019e+00
1.328480875637893410e+00 3.778700193655210593e-01
-9.491982601924340290e-01 -2.136389141559847174e-02
6.960054533603462490e-01 -1.272185897909789420e-01
-4.176965400384175520e-01 8.162980574115669130e-01
-1.087615344444289756e+00 -7.126013089111121745e-01
1.053719569476035289e+00 -6.655664556890185102e-01
-5.046935029612368284e-01 7.059865428570942791e-01
2.011856483885486879e-01 -1.148323719015361011e+00
-8.387758959548388127e-01 -7.731475681831758706e-01
1.086575986235787661e-01 -4.100019670686023687e-01
4.190832937157015770e-01 -6.736607453459406702e-01
-3.541931941335441786e-02 -1.571928709858714468e+00
-1.166315181446475391e+00 3.275243657394555363e-02
-3.824838172256395108e-01 7.731683898047814196e-01
-1.258648347809033341e+00 -8.483458416585476503e-01
1.558346716642835250e-01 7.778471149533375817e-01
-9.950689553051051961e-01 -1.533183677019866131e+00
-1.143442194509849186e+00 8.006542086047554463e-01
-1.041552407815927950e+00 -8.934127116965159821e-02
4.515143829167708733e-01 1.307408402104016210e+00
-7.026253917830158624e-01 8.833536139054543046e-01
2.483357282172177494e-01 -1.331377839756499704e+00
1.861532005402468437e+00 -2.774233439872806906e-01
2.691420552639829933e-01 -1.601168767348283561e-02
6.342162206110345535e-01 4.935333971921579410e-01
3.436194854146052968e-01 -2.760518075972566154e-01
2.134684820403740968e+00 -6.247767494747505923e-01
-5.530010034213225789e-02 -1.539975278241322743e+00
-4.990512554568968806e-01 1.656397247032460537e-02
-1.708022877792681804e+00 1.254564405707929264e+00
9.521177635451881782e-01 1.848244345714323278e-01
1.047089350795212370e+00 -2.705846494894686760e+00
5.862454481471429668e-01 1.232950967320681990e+00
1.887473848925579067e-01 7.162332626383666190e-01
7.380697075121029904e-01 5.187693023578730800e-02
-1.721729281736820383e+00 -9.905511678840699386e-01
1.430804189139173843e+00 -1.183096412998255048e-01
6.019879907401000096e-01 -1.696431614412652056e-01
1.684886531385566100e+00 6.680238154403385087e-01
-1.762588621324354232e+00 3.134564086622922130e-02
