3.608142153020796328e-01 -3.217857867275289441e-01
1.371590998805051420e+00 -8.006227275636581542e-01
1.210483902901100750e+00 7.713964232796857168e-01
8.392408969039297784e-01 1.523646924079239684e-01
-2.286830704091791233e-01 9.956655896082414747e-01
1.048596313401364499e+00 2.318142809158958872e+00
-1.376125167089107926e+00 -1.170641467628038834e-01
9.846486474480485862e-01 -5.378749588826665651e-01
-6.702422893299359030e-01 -3.818987957511456588e-01
6.973623786210002562e-01 -3.153606077195479362e-01
-2.610765637785267268e-02 2.273283749078659488e-01
-2.824134365187548346e-01 -3.193454263263194037e-01
1.526369242141206284e+00 2.969877056660342185e-01
4.929517553143195063e-02 5.482320116606627103e-01
-1.394484943622429363e+00 -2.693282499466039259e-01
7.570578312090282536e-01 1.109801968838738162e+00
-3.247926682560552392e-01 -1.144806300721950443e+00
1.883271103626841469e+00 1.037256299209307731e+00
9.815551744348087748e-01 2.088592108561506677e+00
-8.915613398053065519e-03 -3.077911639658156284e-01
-1.453286063505112136e+00 -1.663184934520956837e+00
1.164490182940201013e+00 7.264538014738445293e-01
-1.245606012596556456e+00 -1.209438554601962146e+00
8.556329440489800486e-01 -5.967663903745056286e-01
1.290610825590890576e+00 -3.917987667910761973e-02
7.623744715330654786e-02 -6.385775626588383602e-01
7.145172408971489642e-01 6.200142261622357820e-01
-8.775326179639589830e-01 1.293322109090484728e+00
-8.560170504303053762e-02 -9.109056441778135005e-01
2.312233699758610594e+00 1.753481651198636193e-01
-8.147846299749121890e-01 -3.585427124727889880e-02
8.512632867548803883e-01 1.000466233176164677e+00
1.173898519330317081e+00 1.774518142711120516e+00
9.899382376153037510e-01 -1.357801424693007908e+00
1.467185214472937371e+00 2.515866017397604959e-01
-9.815816496505338495e-01 3.161315011906337680e-01
3.864367363982134651e-01 -9.305465376720658544e-01
4.405757760433868797e-01 2.199530100372343588e-01
-2.316910220648815688e-01 1.231886133600100353e+00
1.493785809521355867e+00 8.579003204517972325e-02
6.626565564143948039e-01 -1.883083531359383833e-01
-1.058612287958939024e+00 1.323463359237449399e+00
-2.364306879795678995e+00 -4.174153498682848795e-01
-1.796169134405513956e+00 2.566167291425026642e-01
-7.487697268323553201e-01 -2.687505543413783449e-01
1.868695738773990422e+00 2.518189643889997553e-01
3.044930407015350449e-01 -7.785552903565057248e-01
-9.527289433551104914e-01 6.169081588135029159e-01
4.981939450258449642e-01 1.078145594284259712e+00
-1.688286742781012206e+00 1.615037932982596458e-01
8.598146952019316558e-01 5.384885049475791365e-03
-6.668208328560246700e-01 -4.971113596065873663e-01
3.799975214662845713e-01 -5.149555293944996226e-01
2.298067299639535932e+00 5.950563038582565856e-01
-2.299726344900725195e-01 1.449361104626255559e+00
2.671963220053610311e-01 7.653180341638142758e-01
