1.213403316005323251e+00 4.206968425056426542e-01
2.828430990082930752e-01 -9.066843708178740080e-01
-8.108844045461016670e-02 -6.173158268208583932e-01
-5.510753313435980960e-01 4.158360801288679687e-01
-1.340411535156880163e+00 3.049455903622437236e-01
-2.622634349172054957e-01 -5.789517990374201117e-01
3.152240280218801538e-01 -1.648577459852303306e+00
2.109860995632767189e+00 -9.522685257708307649e-02
-7.752388828258678366e-01 -7.057750006718996882e-01
-6.319811924767921862e-01 -2.296124268193547202e+00
-8.296273839432907193e-01 1.590297436087661831e+00
-2.267498674077071286e+00 -9.930415778703806373e-02
-1.258964070066006746e+00 6.823643968886365929e-01
-6.119160766808984242e-01 5.868813609043933566e-01
-4.420727485720220007e-01 -1.503502159604264306e-04
8.589582981407187789e-01 2.070674976335353801e+00
9.351703534610695812e-01 -5.318320287177704664e-01
-6.311643193659675077e-01 2.602588703541696691e-01
-1.409122621647492801e-01 5.876494571908726927e-01
1.076109201920570024e+00 2.772326530446196369e-01
6.935784469526765639e-01 7.562201626487530248e-01
8.533692281362166288e-01 -2.136409966177417810e-02
-6.991175351413581041e-01 -1.675978443002198226e+00
-1.531903125628151674e+00 4.265522639701204710e-01
-1.451915231797488437e-01 3.305759449494732882e-01
-4.310926743458822763e-01 -3.637281702680735251e-01
-1.204692289770349589e+00 1.244025791482181592e-01
-2.842152894142223052e-01 6.530255954114123629e-01
-1.434361689785094374e+00 -2.344069853068933007e+00
2.138967077693839869e+00 1.902341329660014735e-01
-4.006626561201167003e-01 -4.720461388724287444e-01
1.164279807757683693e+00 -2.216895170214268629e-01
-1.706792906184224412e+00 -7.146626999406466840e-01
1.220056893724727198e-01 1.378008726424503561e+00
-1.500225032241762346e-01 -3.035112706841086583e-01
-6.745600548682550990e-01 -2.508133203038801717e+00
6.158460205434704848e-01 9.552389242245384882e-01
9.294123667036785497e-01 -7.598741310171296393e-01
-8.664209381972508561e-01 -4.122168139065356396e-01
-1.115953926650137928e+00 1.294229650883593985e+00
-3.509584866926942492e-01 1.818756477441974662e+00
-4.989637489110555491e-01 3.457833299461756521e-02
8.626157457358737402e-01 5.178613200080247475e-02
-1.792755531811454084e-01 1.008140630508825408e+00
-1.250086424876848179e+00 -1.056564975418152308e+00
-5.085749453756674976e-01 1.216870870601846510e+00
-6.837970112307038828e-02 1.377336206818169928e-01
4.092145258886976666e-01 3.859165467171621344e-01
3.753611440390416387e-01 -1.306679601538328850e+00
1.064236937077801759e+00 -2.569674568269046055e+00
-4.800920893786556620e-01 1.663403552666867583e-02
1.220160179805245271e+00 -7.078464638734540681e-01
3.236892952854229399e+00 2.464004675261025845e+00
1.485274408622013972e-02 5.230875082806308862e-01
1.869398755788861388e+00 -4.540006346529784076e-01
2.290834196885880025e-01 1.031484477181288328e+00
