1.646903729759811308e-01 1.824104906533008164e+00
1.148709416357244217e-01 -1.646682798179310625e+00
4.888878033505189014e-01 3.802342045180490127e-01
2.312969244990448647e+00 1.265257526602537874e+00
-1.069700205795906855e+00 7.011510169136705439e-01
-6.402436662389625610e-01 1.816222153511859672e+00
6.154346629535074192e-02 -4.293465284717328800e-01
1.918230635242115234e+00 4.924586459829991547e-01
-7.257350276130731803e-01 6.184530501871113861e-01
-2.027313109728416940e-01 5.037925547635391244e-01
6.999407261717899287e-01 -1.097356674908234186e-01
2.341185618559404602e-01 -5.772072220986436131e-01
1.553315556658124708e+00 -3.767692148032788374e-02
1.271832774190989834e+00 9.131000158605560857e-02
1.177043587347361475e+00 -9.430208181122433642e-01
-6.468453385931043353e-01 -2.430678293982819482e-01
-1.036008348057684714e+00 1.336321590421742700e+00
8.530029097553454287e-01 1.260072832674608900e+00
-1.528950327650105079e+00 3.001545144576287516e+00
8.354260755993778154e-02 -1.370916080255435432e+00
-1.583663307318501634e-01 -1.479288242919088781e+00
1.655378858194413993e+00 1.169853378448550529e+00
7.054581570019299863e-03 1.511998655577719008e-02
1.890449775177873493e+00 -6.122946876123291915e-01
-4.813861646677363715e-01 -1.293285155771327632e+00
1.688743567236958620e+00 2.643921692762810083e-01
-2.562732237360749177e-01 -4.412928270247757911e-01
-2.214916303888541549e+00 3.830997843803424230e-01
-3.471459463836961690e-01 -2.081639492988970053e-01
-5.147034588374405084e-01 -6.292987869802878498e-01
-1.351141600986356828e+00 4.971491119528048674e-01
4.568412243676621687e-01 5.927268171190126500e-01
5.424638938009643807e-01 6.986476964672575507e-01
-5.349964569043869078e-01 -7.105005591758987160e-01
-1.188434452628359672e+00 9.530292555540118005e-02
1.427224501255722089e+00 7.760025777563057670e-01
-4.403196695378541053e-02 -2.654978106709666164e-01
6.810690179019851520e-01 -6.072758572205712024e-01
5.898011874966202495e-01 -2.622058486063437166e-01
-1.408885598466957045e+00 -9.998124016847638462e-02
-3.022117800190106118e-01 8.246709179287512459e-01
-1.000256261192363327e+00 8.260482477224906361e-01
4.151161819998225866e-01 -1.056179056985300013e+00
4.238710233347637857e-01 -9.129216249497059676e-01
-1.348680000539704826e+00 -1.351648610544532170e-01
-2.029131381194184680e+00 6.534402791814193368e-01
7.357951511443500126e-01 -1.377350090321552090e+00
2.966128942766058096e-01 -4.623089198680503387e-01
-2.170102940348032750e+00 6.328162639996821603e-01
5.435564344168791751e-01 1.054326404287763141e+00
-5.008517079035464947e-01 -9.542282157538505283e-01
1.550024729754262420e-01 -1.500305492612291625e-01
4.801089798851703727e-01 -1.078021924399705567e+00
-1.755125444795012091e-01 -5.249960124757041546e-01
-1.351901893034060498e+00 5.933097076932959402e-01
-9.747382453157307225e-01 -7.265780224567690571e-01
