-1.736047461049751384e+00 8.742410133993508969e-01
-2.115004537091913495e+00 3.982053203556888965e-01
-3.643477712013525327e-01 -6.010071072934548564e-01
3.252931059754491927e-01 8.782472185963815514e-01
-2.944996546623981359e-01 -1.488549196117032070e+00
-1.841416118182571893e+00 -2.134583981246487294e+00
-1.442523986821874438e+00 5.906919024738730428e-01
-7.533638963262485611e-01 -8.101111512236811585e-01
-2.458973206036551673e+00 -8.076342196505252868e-01
1.915190499117343403e+00 1.153623003696398475e-01
-2.086803920186287353e+00 5.373350914543392198e-01
-1.341227020189311947e+00 -5.034708849870641600e-01
-2.483536381075725219e-01 1.678863598486904918e+00
1.355481417031142222e+00 -2.460114095717232663e-01
9.920605043234702602e-01 -4.652528723391397697e-02
-2.414432425458555576e-01 2.348217860986230310e-01
-1.418883911649365448e+00 3.282254002712410301e-01
-8.064450739522635025e-01 2.108772267915722143e+00
-7.479880888380061044e-02 -6.964511138494317022e-01
-1.201671056035992446e+00 -8.852291008911060688e-01
-1.649618324416659287e-01 1.232774209318161923e-01
2.023412551891354272e-01 4.378731616433585438e-01
1.341358538130819067e+00 -1.023397951085128987e+00
6.308591901986151385e-01 -1.811529268943883553e+00
-9.509260869671534167e-01 -9.182120002703741957e-01
-6.297016667795505285e-01 4.804365799557370198e-01
-3.509005405253009524e-01 -1.040661087977874377e+00
6.168518342027795587e-01 -4.079185547353045282e-01
-5.996438323412518479e-01 -4.835240302986700267e-01
-6.525269576848490294e-01 -1.596307646614239406e+00
3.658532814492144736e-01 -7.663984839573917407e-01
-9.597336468915920737e-02 4.339219223261621683e-01
3.759289262863181602e-02 2.001474815953313002e-01
-6.602915570737365354e-03 -1.305726884146378164e-01
2.085928661188093614e+00 9.544120688475161707e-01
-3.482786822919048397e-01 4.637004057313685590e-01
4.750485998971508139e-01 9.671894559667526536e-01
8.624784725053886714e-01 -9.988815586583639217e-01
-3.930303988572367291e-01 2.334391566196717172e+00
-1.970249864521649963e+00 1.353491470138569630e+00
5.140185922302640265e-01 5.701518411639219241e-01
2.261148706175409584e-01 1.101547758831789903e+00
-1.148049904915064312e+00 -1.435310219433355350e+00
1.814006112816877736e-01 2.210005125523929193e-01
1.813410288560861394e+00 -3.191647710357710666e-01
-3.194865311414750719e-01 1.117187862693708622e+00
1.386909016642755010e-01 8.507255651825169629e-01
7.516307855597772480e-01 6.507239994674645089e-01
7.001500656788741672e-01 3.306117184527224695e-01
1.962049241708236913e+00 6.809009436181119312e-01
1.401981551313048024e+00 -2.150133039428689941e+00
-3.148231227825035172e-01 2.135064784965264306e-01
6.862429321820947559e-01 8.028799840390208331e-01
-1.193817639424104238e+00 8.926203347298604651e-01
-2.450078840918468726e-01 -4.249585831410314651e-01
-9.863537358139914946e-02 1.119963417483283985e+00
