-7.020707374736187001e-01 -3.304053951956893026e-02
-1.983441013816400755e-01 8.029777738592830394e-01
2.901763640878206041e-01 7.350953463592022619e-01
-1.769283080788011553e+00 5.903295156896355422e-01
-1.151309260376167876e+00 -7.064705829463664710e-02
1.597865965194743776e+00 -7.437118276840481990e-01
3.190399326840143712e-01 1.759724684217151891e+00
1.502689364042287812e+00 -6.387691131777518683e-01
1.890941610134595052e+00 -3.955842551373790483e-01
3.795645022971426696e-01 -1.491245507391463221e+00
1.032504255486247802e+00 2.829611028414752982e-01
1.077398880435806117e+00 1.512604353103484678e-01
-5.522178976854384969e-01 1.337172626824756350e-01
-7.737454642293355445e-01 -6.154322012581688872e-01
2.637627019774454462e-01 1.198738330542313130e-01
-7.634626380065543394e-01 1.351181540837224082e+00
-3.568094180244161806e-01 2.150618459878410604e+00
4.691339703234623237e-01 6.856527315199886230e-01
-1.021522527114542056e+00 2.765014310211921789e-01
-1.381972427181404006e+00 1.979511082436471225e+00
-1.363237459572777643e+00 -4.049288103439497855e-01
-1.082341946798390575e+00 4.346010991075463514e-01
2.017303333449957048e+00 -7.193734456559547352e-01
-5.257733507866918510e-01 4.335547574109684110e-02
3.978232310699165164e-01 1.139156805419757168e+00
-5.671483620677397752e-01 -9.051129252834065886e-01
-2.312211859958948901e-01 -1.233972319211589896e+00
-5.306454740975405926e-01 -3.475617134701375344e-01
5.957475459024362818e-01 -4.521900797199892019e-01
-4.919475044376848683e-01 -1.811292561026317971e+00
-1.512312213258604654e+00 1.605665981900642025e+00
6.100786214362240445e-01 1.234024266869076625e+00
8.566152663822892421e-01 1.346073980453608154e+00
-9.254254634691424508e-01 -1.152651406929677824e+00
3.736939069659815649e-02 -2.603051674126044102e+00
3.526990014346846336e-01 2.903336664369230991e-01
1.378899003720468253e+00 -5.401602826939704352e-03
1.176640993690391879e+00 -7.829911103987056142e-01
-3.644463197524496767e-01 1.192258325219675008e+00
1.398559212424174580e+00 1.017311540759466171e+00
-7.659960295768798444e-01 2.370130943299141868e-01
-2.563491299268721990e-01 -6.579445856849587271e-01
-1.418599891023430981e+00 -1.765731344210827169e-01
-3.470789006317440140e-01 -2.366064119515947362e-01
5.942960476763885502e-01 1.743813901647801812e+00
2.023777359484631166e-01 2.252233832954877168e-01
-4.150426241630923996e-01 8.533741597485268449e-02
8.180717470786809109e-01 -9.856874251462169889e-01
7.750577536334211926e-02 -1.027508459651269135e+00
8.276527628540116810e-01 1.248818171422193313e+00
-2.460739038562303360e+00 1.249854667492172888e+00
4.915103469574867989e-01 5.641077665334198743e-01
6.106971404456525976e-01 -7.184248413253293553e-01
4.063163198808188437e-01 2.012889314360845283e+00
1.933383039801279013e+00 -5.514185183984054994e-01
2.213173565972833323e+00 -1.499294273894999252e+00
