1.045048273124404625e+00 1.340909540577258086e-01
1.405145672617817532e+00 -8.845726544150075421e-01
1.201462182084852559e+00 -3.625615870081533298e-03
-2.666138250147796485e-01 -1.560947604662727528e+00
-6.229929464274689410e-01 -1.125707459874830396e-01
-1.542005862292781915e+00 6.426179735826693662e-01
-8.852401444045460144e-01 1.217587681099031816e+00
-4.233630963931797053e-01 -1.450985288930103145e+00
-1.031757755712102431e-02 3.929521082172534041e-01
-1.064437174268442643e+00 -2.958769381358624440e+00
-1.489450887464341733e+00 2.348151767774280807e-01
8.567054892717380632e-01 4.614304794030278378e-01
-6.410233270880737466e-01 -1.565509041312273197e+00
5.551225418981107218e-01 -9.291995544553173225e-01
2.167046696877471756e+00 -7.359135980301407809e-01
-8.754978641439639664e-02 1.374304177406733718e+00
-2.397311322577007353e-01 -1.447804289123330257e+00
1.934919371955576284e-01 9.379250570813691956e-01
-8.234016819294439626e-01 -9.745434359125516866e-02
-4.923480845373054415e-01 -1.196964575710193657e+00
3.825506953695656520e-01 1.979881566004038751e+00
-1.716492692990228441e+00 -1.827606608105694086e+00
-6.114893945034581835e-01 2.176505912218144184e-02
1.185238063686046006e+00 -6.476978762288462255e-01
-5.789478167266042252e-01 4.014481086723160064e-01
-1.416410824234258570e+00 8.989146328670276631e-01
3.757317095999881951e-01 2.822123284948003727e-02
8.611449446525564211e-01 7.348726348322924540e-02
1.938802488955479741e-01 -6.569316635354865985e-02
-7.305016905255461435e-01 1.736802081421865429e+00
-1.332490220095698064e+00 -3.943962709167505576e-01
-6.190491898048804398e-01 1.346196942896204618e+00
-4.972157360085917022e-01 -4.082333189102940046e-02
3.499475206441746145e-01 -2.257083099973403728e-01
-1.005112406008399795e+00 -4.894020784033972227e-01
-1.126160145723755335e+00 -1.146061552072971779e+00
-1.229239643020093808e+00 -9.796336624580141983e-01
4.837594324591562023e-01 1.215462390078648536e+00
2.897030337077248774e-01 1.328361804792839163e+00
3.612912131792773707e-01 -6.815991599526514122e-01
-3.140744772514580951e-01 7.897475200981912691e-01
-4.462516259283328401e-01 1.021224174915926985e+00
-1.196918711056553564e+00 2.571953633231730540e-01
1.076635238882998058e+00 1.180346192252827581e-01
3.064666792303643583e-01 -8.750094768700446002e-01
4.282989309656877741e-01 -7.136442056019836055e-01
6.750765296727585518e-01 1.087711253462934291e+00
1.710591975739516879e-01 2.392419638734791243e-01
1.518876283209205980e+00 5.346200860770456975e-01
-7.055214567987747598e-01 1.097646872149616648e+00
1.328423088057912038e-01 -3.211958701446544495e-01
-8.241578441429326940e-01 1.227099706011134606e+00
3.968228865707783548e-01 1.257900789524488472e+00
7.962779154421231187e-01 -2.063780175191975985e+00
-5.724437114091113915e-02 8.070868814291902726e-01
-1.402180475092275280e+00 6.661342167203099240e-01
