2.296362570768419875e+00 9.320896372804710062e-01
-6.172622977508844810e-01 1.776388284738186218e+00
-4.444000252114299054e-01 -3.384335926463977184e-01
-1.532912257406083167e+00 -6.145707407713566495e-01
-1.855072587857547806e+00 8.312959813980963508e-01
-6.481495564442372181e-01 -6.571678193458858619e-01
1.481045724989538959e-01 -1.398796096213613394e-01
-1.930180713473704124e+00 1.004912064824642209e-01
-9.132502136990892083e-01 -1.549830882927315523e-01
-2.614712932617144769e-01 4.994940091177726971e-01
5.149182013851947293e-01 1.403465488311216536e+00
3.241883293769183827e-01 -2.655549090971496828e-01
7.593477632839299440e-01 1.620012132113151093e-01
1.079378965481766040e+00 1.487126705001075022e-01
7.298551362789603703e-01 6.075805882424459986e-03
5.606164891827201124e-01 -1.174979231509672317e+00
-1.981250877926822529e+00 -1.110782128149557929e-01
-1.886563858647393455e-01 -1.586840176205776554e-01
2.977724792115215013e-01 1.182603317059470305e+00
4.507977201603226569e-01 -1.828723957955653567e-01
4.941136558530890288e-01 1.372451965337256663e+00
-2.211329848727536795e+00 1.159408343825121923e+00
7.970921195232936185e-01 7.759848420121598922e-01
9.082848564465321184e-01 -4.113624506358123933e-01
3.637084400343491147e-02 -1.052682392994507721e+00
5.711918018728437962e-01 3.562351169361321901e-01
1.038267619245372586e+00 9.811359367932084297e-01
-9.358784546370033652e-01 -6.864692045193041547e-01
5.180224960106764032e-01 4.677718274004679100e-01
5.889105735335059544e-01 -1.980419222568634563e+00
3.595510986765095840e-01 3.382883589196992169e+00
-3.521545663354427314e-01 -2.629617307553413497e-01
-9.356865325808283451e-02 -3.504161039222329355e-01
-8.027387584564512624e-01 9.464698434357643464e-01
8.273180583060996129e-01 -1.498793918434684624e-01
-1.030264302862614612e+00 1.820460408229215732e+00
1.131322329593141829e+00 2.771117360168728339e-01
-5.956741311798976479e-01 -4.766886564915948088e-01
-2.417419366098820799e-01 -3.757562561110217025e-02
-1.423087726654649998e+00 1.059617783858450180e+00
-3.879717453951797013e-01 2.834920464245788141e-01
-5.734559444476772239e-01 -2.152584532404879236e-01
-3.652442425439098583e-01 1.396180568681780976e+00
3.376570254019771178e-01 9.480195639379257466e-01
1.247253195468328801e+00 -2.773888613202787345e-01
7.944320447478847580e-01 5.242901275985445420e-01
1.042838850970002840e+00 -2.975180836100762005e-01
1.513447418471604244e+00 7.742171665419848858e-02
-1.518757576955178878e+00 3.070151077514720050e-01
-1.325861892607377301e+00 7.074526906677748583e-02
-3.998092333185666591e-01 -6.924001015696450156e-02
-2.223452606579827406e-02 1.376159545827498221e+00
-5.483775600099892733e-01 1.175616129053681069e+00
-2.402023104680215959e-01 1.249392887653284268e+00
9.074487307606267095e-01 -1.087974468185362725e-01
-1.127518907438384677e+00 -1.266010156467378911e+00
