-1.938919332984496258e+00 -1.080961433696583596e+00
6.909645211725222724e-01 7.553645942585404116e-01
6.445422324078435850e-01 -3.014909576693136639e-01
1.410723116070465633e+00 8.200267788183913664e-01
1.319699484797474780e-02 -3.973231346285031607e-01
9.056488534438338067e-02 6.015235064726272588e-04
-3.041428564747709062e-01 3.516982397466507093e-01
-3.219737288417134358e-01 2.751150274995520228e-01
6.456993833523936299e-01 1.382306771857794825e+00
6.570686553359100790e-01 1.114966462931160196e+00
-3.759825537681714680e-01 -1.059161773674261120e+00
-1.130505733048189798e+00 1.809351014219705789e+00
1.061156280731231916e-01 -1.586817261913284538e+00
1.300317671530472285e+00 -9.657991315757954442e-01
-8.737103536797835579e-02 1.737244101989059986e-01
-2.414438885426024028e-01 -6.485066145228867152e-01
-1.433849294531944485e-01 1.227526967782371498e-01
8.597556163128783346e-02 -3.437991379845688478e-01
2.993430226329353960e+00 -8.182502635476722741e-01
6.384852358522342675e-01 2.206748466697151245e-01
2.148951796350818122e-01 1.849647964734165040e+00
-1.574573591237954151e+00 1.827441765183198397e-01
-1.303590782945920623e-01 1.460195394469297581e+00
-1.454918651781063943e+00 7.534284794631552762e-01
-1.256164778017633044e+00 4.037827412543639749e-01
8.993134672692847387e-01 1.569593405792684138e-01
-1.604917438651044304e+00 5.009332584953442025e-01
4.133599868443493253e-01 -9.631012881647138535e-01
-7.011577832821904721e-01 -7.088215868671545739e-01
4.733319875075829297e-01 -1.005565151254770528e+00
4.544056631277970104e-01 -1.144579712012284256e+00
-2.021643924620761368e+00 1.173044017377651071e+00
-3.754404482611744531e-01 4.146776693250229795e-01
-9.558164614775649381e-02 8.129242733951134170e-01
-2.735622465652710056e-01 -1.523154921150215335e+00
-7.614420056105504209e-01 -2.539418929598011854e-01
-5.297610706008136772e-01 7.369771079862415947e-03
-6.394975364820632002e-02 -6.696081510519137359e-01
3.671786651837403714e-01 -1.566379860722821427e+00
-3.930536072313995932e-01 1.626866132962659250e+00
1.103889944511438292e+00 -1.530093323625510426e-01
5.575797669253432787e-01 2.864526452119994793e-01
-7.138753242173438984e-01 -4.974036356708720352e-01
9.835297868525348930e-01 -5.692263062326813339e-01
3.427400381512300115e-02 -3.998269881487689359e-01
3.157962799650853181e-03 -2.373940468144033478e+00
6.243058491439770208e-01 4.216426301161504270e-02
-4.277251280924656562e-01 -4.831837178852630907e-03
-1.789751275144687792e+00 6.430073090562028471e-01
-2.784354470813038773e+00 1.514258300096683385e+00
3.907108189042790558e-02 -9.032740930015866754e-01
-8.974536354344804234e-01 1.344169903337432137e+00
-2.393134366580904893e-01 -1.985098735749312726e-01
5.605912213028965141e-01 -1.071987595138584215e+00
5.263152540523022838e-01 -8.257356122335577364e-01
1.955065412404856096e-01 2.481906423350681290e-01
