-1.351830035680740671e+00 -2.044394549191133059e+00
-3.733242457191675023e-01 1.251157841178335284e+00
2.096965129624872304e-01 6.724761834360869495e-01
1.087285198130756303e+00 -1.381896505124365460e+00
1.036281199091881211e+00 -1.895719124504354092e+00
-6.465064747896591690e-01 2.496070311501814853e-02
4.410781669469016619e-01 9.147703523911704035e-03
1.209932977482407468e+00 -6.145614013826054128e-02
-2.231882443497992530e-01 1.759298592348440771e+00
-1.145148530201434145e+00 -5.341005461170118540e-01
-1.103148571348665063e+00 -7.564385570743850096e-01
-7.920168086743486491e-01 3.800646101932603216e-01
7.628547158485347035e-01 -4.818285052850213579e-01
-2.465931036830845691e-01 1.114150945512302870e+00
-1.587041066246715204e-01 -7.636484461950007185e-01
1.558797329498813999e+00 -5.588296732312055815e-01
1.797555359902589078e+00 -1.079625463885531406e-01
-4.440538256645732429e-01 1.129793550712957950e+00
7.336503345998500736e-01 -4.484284816718897559e-01
-1.333352451288374318e+00 -2.759089393728622497e+00
-1.108207239338876715e-01 -6.830620047103310721e-01
4.649325555350768135e-02 -1.789418090800478423e+00
9.895188557773208771e-02 2.851186698123213681e-01
-6.985852273206624163e-01 1.106059318879965669e+00
1.637972364371681921e+00 7.947746420082443253e-01
1.035544011065534065e+00 1.400386698389391338e+00
-1.115974989240129389e+00 -3.023467601324329387e-02
8.393338490154080844e-01 4.379250201445868407e-01
-1.426796666976966499e+00 -1.125353887251419938e+00
-2.135308645006472439e+00 -5.394513138654791762e-01
-1.128234339097905492e+00 7.700197450563252000e-01
-2.198422777628639579e+00 8.593837113509892323e-01
1.176728336826736443e-01 1.388018047460747861e-01
1.635963356189884754e+00 3.229688180086876526e-01
-6.475357836877011497e-01 3.128337163855446912e-01
-8.610966305115415054e-01 6.849660042437717422e-01
-1.073896309679944983e+00 2.433549674658060269e+00
5.225155439658427659e-01 -7.064468411059697528e-02
-8.390383372335109835e-02 1.060238699989527605e-01
6.878502787046121558e-02 -1.862652732771634678e+00
-7.636311337450740755e-02 -9.964949094422126397e-01
2.069346826358272384e+00 -2.208897525984762633e-01
2.001599674065005718e+00 -9.500578242331895185e-01
-8.897411910308572480e-01 -1.001819893806022321e+00
4.013934322753646283e-02 6.561137260071181476e-01
-4.286061498101209621e-01 -2.610697449644864276e-01
9.057412303202335702e-01 7.524390719150975126e-01
4.925339665021644664e-01 3.178408955173772088e-01
-1.032157048857816228e+00 1.178611722030251524e-01
4.407705046902802293e-01 -6.869353660802387518e-01
-2.234219892653652728e+00 -1.500652826407375295e+00
1.647396740007239124e+00 -2.156216240261278616e-02
-1.159286190289553042e+00 -1.865635654403204613e-01
-1.026521398492467707e+00 5.717117665389616077e-01
2.042127124420381190e-01 -4.116090309729748542e-01
-4.672876667644861315e-01 1.423583436870948349e+00
