-5.211611301964066412e-01 -8.717945050429793952e-01
8.326616501913116641e-01 1.302243903474161746e-01
-1.873235659622904947e+00 -3.095127165150364235e-01
-2.108156552972515196e-01 1.127482522300788492e+00
-1.522487667024155777e-01 -8.914462842895677364e-01
1.509687524248264356e+00 -1.613082336604654943e+00
-6.182790297176018468e-01 -3.771068959923107866e-01
-1.892803263414897463e+00 1.157663656337911018e+00
1.113286367718330228e+00 -1.804826335021135320e+00
-1.118351458063358228e+00 3.089158797564868220e-01
-1.322066844761845106e+00 -5.453290552167248117e-01
-3.582182859172399758e-01 -1.657878426050848064e-01
2.789072567838207228e-01 1.497049058428846280e+00
-1.471283809123006714e+00 3.706536128444738454e-01
-2.929597823456200345e-01 -1.374736649654946241e+00
-1.110765024400255596e+00 6.342247879716250702e-01
-1.531624828221763934e+00 -1.471150915779673718e-01
6.811989150271523519e-01 -2.982520609437069609e-03
1.554388016989879384e+00 2.271046696578767232e+00
-1.136292819607160665e+00 -3.070504656771274377e+00
-8.493689425150109384e-01 -1.623554340649009831e+00
-4.525283665917727988e-02 1.154945353919717865e+00
-5.736214809096706890e-01 -4.193061005686212206e-01
1.769982267644576168e-01 3.190942305238487209e-01
-9.927878261239060365e-01 2.752829825915473205e-01
-1.058242809696097408e+00 1.183069336117315906e+00
-1.545215194702124428e+00 1.650518695206539599e+00
3.685840763254372848e-02 3.712717512091724958e-01
2.246130332073519552e-03 -3.868618706410073549e-02
-3.596902702638867660e-02 8.565981928194595918e-01
-1.636084425829084990e-02 -2.460835241044433686e-01
-1.659019201448157066e+00 2.451962019702974782e+00
-6.022957322374488109e-01 2.932980676978786394e-01
3.982615269799602009e-01 6.683195292623925754e-01
-4.312208861219473666e-01 1.007327667320146114e+00
-5.847840393299396089e-01 -2.759719708063199661e-01
1.952994733088248280e-01 -6.497952333309851003e-01
-1.226032137723145343e+00 1.953081086706037750e-01
1.485718743405293418e+00 -1.614806676054274748e+00
-4.937416405366757965e-01 -1.038713455847915856e+00
-1.095439065094704623e-01 6.169687277947948773e-02
1.776976560280625062e-01 -6.592368865982319859e-01
2.497102686760522161e+00 -9.958072108571910941e-02
-4.800094036979723477e-01 1.158614115596152905e+00
3.113329332074976641e-01 5.981273323553097931e-01
2.204402637208386917e+00 3.730831589172642904e-01
-2.753055587349234612e-01 2.161438200575525936e+00
-1.367533776573565785e+00 -1.197113476495540452e+00
9.513201100948717737e-02 9.313818760405441211e-01
4.744112140371670172e-01 -3.841804183948127616e-02
2.072803061208906783e+00 -3.184213205047384809e-01
2.682053079128596806e-01 4.043257315472276181e-01
3.103893582478033930e-01 -6.124009824003344704e-01
-3.251141629459143156e-03 1.373316459783400889e+00
-8.408964376595309265e-01 3.642046085038441183e-01
4.883756436162941528e-01 1.014023670085136608e+00
