1.762219677773613213e-01 1.065340377516673209e+00
1.896886386712400563e-01 1.933028055391041722e+00
-7.566647207418653043e-01 4.501990755116432319e-01
3.675270244160432909e-01 1.403117536820397415e+00
8.495939344824248174e-01 -2.024391046854248977e+00
6.535240425927011376e-01 -1.223524877337152095e+00
1.809735730687289657e+00 -6.372147041253222177e-01
3.492295360900551926e-01 -8.312474125976316852e-01
7.783558280158450193e-01 7.405799765888092523e-01
2.944478491149515875e-01 1.961708673947510084e-01
7.758339274885062142e-02 -1.579911064146994892e+00
3.253989209200287558e-01 -1.471458705159969460e+00
6.152595211711904266e-01 7.357347201971994322e-01
4.611488313223433000e-01 -1.207796524398366822e+00
2.220707781319776419e+00 -1.333135836235467900e-02
4.831924291490195533e-01 1.272828092882540563e-01
1.722580687218268625e-01 1.482042117771387391e+00
-1.048098959927349805e+00 1.102177943358070983e-01
4.965272227311039177e-02 5.641458502113958495e-01
-5.332601675897253868e-01 8.705311458467585028e-01
7.518835943419546197e-01 9.730378574970341421e-02
8.199001995777919216e-01 -2.447023759965408107e+00
9.681746308837512194e-01 -2.251614672850495436e-01
1.989731142303543532e+00 2.034222432350609289e+00
1.472661701815586976e+00 4.414282054605878081e-01
1.303655128094937110e-01 1.041071588253632774e+00
-2.036970156486230810e+00 1.460258541488985706e+00
8.811532212446115953e-01 1.698434609654457805e+00
-8.669640231577544487e-01 -7.373385521589377323e-01
-7.983809320662228481e-01 -1.064410140721136822e+00
-2.950861037258950548e-01 1.729968906982830124e+00
-8.451963662561663426e-01 2.993438988034161086e-02
1.423642678938362938e+00 -2.921199344118272090e-01
1.225147309448253868e-01 1.551295442094284383e+00
1.566577081131001470e-01 6.009127099010097561e-01
-8.075154378284332690e-01 1.434922244725587825e+00
9.993167611246990545e-02 1.678586477693109202e+00
-7.263770692769601078e-01 -1.912260424579630191e+00
-1.266525933930588765e+00 3.459011590464465269e-01
-1.972182132972751800e+00 -2.535991296408345377e-02
8.296711133369824576e-02 -8.783745642018363498e-01
2.274085343331244402e-01 2.363129702794209142e-01
9.865870631952324832e-01 -5.960540518754750550e-02
-5.675939803815657214e-01 1.264802141271916591e+00
1.035366419194504228e+00 -1.911015530157574374e-02
-8.338589049299778289e-01 -8.839882296418007934e-01
2.086957402241634840e-01 1.217418182820751538e+00
1.058752382739098774e+00 -5.016840179330206428e-01
9.292395101979638028e-01 -3.432634924740275983e-01
7.878216072377890455e-01 1.340201441278603856e+00
-3.795695262095518663e-01 -4.016267644418638344e-02
1.426031947996393989e-01 -1.429861859652997502e+00
-8.580369149532992568e-01 2.711504300088080299e+00
-1.338797295918888186e-01 -8.853497611745813067e-01
2.100584437535817084e-01 8.356457087460622546e-01
9.310250166053815057e-01 -1.594636840211187456e+00
