6.745701106469718100e-01 -6.005233360700885648e-01
9.356653199635861506e-01 1.488074412113242539e+00
3.032101063627460125e+00 1.918803770037586398e+00
-2.303882378198392811e+00 6.167110549059343638e-01
2.889271541869702364e-01 4.318635826168179537e-01
-6.457035131599135891e-01 4.139467238552465012e-01
2.561245336847378096e-01 -9.231301283504268484e-01
1.502952889267819558e-01 -2.848750937792041249e+00
2.621767602163213931e-02 -4.343745403662568894e-01
3.422616378292404615e-01 -1.954644798319728483e-01
-1.933793807886960314e+00 -2.878753926927886050e-02
1.150526251455094018e+00 -3.850558863954132993e-02
6.398744229348674040e-02 1.265781864256535272e+00
-6.691601510549739507e-01 -2.068551855978941756e-01
-1.578433283459542147e-01 -1.033489654282456982e+00
-4.136792771596529139e-01 9.710131584298999918e-01
6.978246419766626074e-01 1.346628563217173724e+00
-5.240662311641152149e-01 -4.191457792796232096e-01
1.286742103049046473e-02 -1.251316884359738035e-01
-1.644773143970080787e+00 2.185787755731459503e-01
-2.403164170053268656e+00 -1.081869210369775569e+00
-1.164722754138939553e+00 7.100907601479401476e-01
2.606031388005257687e-01 1.620572760092122699e+00
-4.591007408143379376e-01 -5.043541080114582326e-02
9.206853976694077124e-01 -5.297655330720546507e-01
-9.778228214577906752e-02 6.556724303571055679e-02
-4.847651960818702421e-02 4.235043175751823652e-01
-3.286353654983688033e-01 -3.411492551754365388e-01
-1.840625662778586080e-02 7.962582476664410436e-01
5.544896318721833639e-01 9.508309576532706364e-01
-1.166687069920669728e+00 6.739277632996394374e-01
6.605401354352050669e-01 3.301211603663112282e-01
9.581496898254744377e-01 -5.135047828791244884e-01
-9.025538348672167421e-01 2.507043340248162888e-01
-1.299962331233170287e+00 -1.465817224428640708e+00
5.963026052931114096e-01 -1.174501987733346242e+00
1.271378844537796482e+00 -5.376655803980930903e-01
-2.111579873315682643e-01 -3.937971116268684790e-01
1.044602512743652456e+00 -1.011628522409691033e+00
-7.091951160546132726e-01 -3.789963274614547850e-01
-7.171703834065162875e-01 -3.936649046434095855e-01
-8.363155598714872019e-01 -2.275777555696267829e-02
-1.121000716406185704e+00 1.895056112091885403e+00
1.490090680757191643e+00 8.843255143688523168e-01
5.538944982084775814e-01 4.083012204218392505e-01
8.840843360208342494e-01 1.450259226144840596e+00
-5.151922102999370590e-02 -1.300002074243068462e-01
-4.498092408714043228e-02 8.913254818437958971e-01
-5.101978302359631012e-01 -1.175608612742494952e+00
-1.307712754591684456e+00 -1.529158199023629816e+00
2.140742027874877440e+00 4.165197404421194793e-01
-4.109481193077149652e-01 -5.911606135254288130e-01
1.008722370538904095e-01 8.253286657362556289e-01
1.193082959346024374e+00 -2.673471980851303553e-01
1.236697420860101593e+00 1.588382225707674511e+00
8.982500572437499553e-01 -1.241769927501565451e+00
