-7.120310809692870224e-01 1.194034827022264711e+00
1.203949448464819882e+00 -4.088685490039328241e-01
-6.743375029012590449e-01 -7.004628765541851543e-01
8.373514638401171606e-01 -2.322363383771138601e+00
-5.304311792161242600e-01 -1.701747604916327594e+00
-1.629013958844991894e+00 9.772906892156151271e-01
4.826570099864292973e-01 -1.512278111042081985e+00
-1.330258393127998484e-01 -1.210203581371064319e+00
-6.334825126547822816e-01 -7.812219604746043844e-04
-5.897273804641198214e-02 8.961897083384341434e-01
1.161051506964466906e+00 -9.623035506545856155e-01
2.692635821073413593e-01 -1.265330887843805485e-01
3.997025075195841382e-01 -6.336797204167274877e-01
1.377564003432703577e-01 -4.172777775659533006e-01
-2.020284715441582613e+00 1.347219291769665039e+00
-8.727584217557935453e-01 -6.478246448761159071e-01
3.545864596746466785e-02 -1.588207975698118668e+00
8.447440792537178056e-02 -3.131088058159981619e-02
-6.436518799360589904e-01 -8.748909618265818811e-01
-3.856093054654212704e-01 6.039845162976612558e-01
-4.583413075579148011e-01 -2.992232199058511011e-01
2.665752601089786400e-01 -8.924472376098130377e-01
-1.394989186644306045e+00 4.199578175570641836e-01
6.049245912132488190e-01 -1.599791906066486691e+00
-5.056968495600748792e-01 -6.067710295976406210e-01
1.151519044609438103e+00 2.456657477421929081e-01
-1.146543939325645134e+00 -4.475504972350222849e-02
-4.809529492359706504e-01 -9.045108628629142666e-01
1.075527566105659139e+00 6.074941040337884512e-01
6.123600271757232427e-01 7.192926169271270931e-01
2.864502463015800582e-01 8.841050580024153449e-01
-9.874632882525224975e-01 1.522600779003778770e+00
-1.464249847661772908e+00 -7.489564710419970295e-01
-1.394085708915215660e+00 2.389726634781179637e-01
-2.026908844403508603e+00 9.241867654446104252e-01
1.336038160351780357e+00 1.931638213775443313e+00
-1.410692844241837163e+00 2.878844171738960123e-01
-3.598750293952584500e-01 5.229879086394131349e-01
1.234600504753764066e-01 9.078763050349205610e-01
-1.452643033022443242e-01 -3.550006770516366816e-01
7.423221722165479486e-01 -9.361055862576102005e-01
-1.038498332792592294e+00 1.445603388345409357e+00
-1.036496670516263707e+00 3.030791910824460755e-01
-2.233098099142038162e+00 8.515800416831720288e-01
-4.943247040572745776e-01 6.560367450375850229e-01
-1.697132092578780282e-01 -6.534809906981084993e-01
1.324243065265813923e+00 -2.154404971194887920e-03
4.997278998921722559e-01 1.421125135253841210e-01
-4.171415110401496262e-01 7.783227858418363398e-01
7.509999930819839520e-01 9.121599746721341662e-01
8.395523925316068503e-01 -1.573526066606023122e+00
-1.386671176742038103e+00 -2.262495571957606977e+00
1.106256770869361722e-01 6.059822632544005216e-01
1.186308771320463196e+00 8.460572707051282615e-01
-1.358722356938946829e+00 9.269213033087574383e-01
-1.354656256018391958e-01 -3.749478107758409950e-01
