-3.960511558851025904e-01 1.253365664625576859e+00
-2.522180997635071975e+00 -1.355038780402239906e+00
4.592056877768815881e-01 -3.019869006990946847e+00
7.351894898977405779e-01 1.762640838817236544e-01
9.380005433153363326e-01 1.155004530206654056e+00
-3.037482390144973649e-02 -1.202255741471401684e+00
-6.148874155120327423e-01 -1.112523935525194352e+00
8.645984335060497017e-02 -2.183377218935945496e+00
2.352781138089543034e-01 7.576007280040435443e-01
-6.485985124643615096e-01 1.923568722517058127e+00
-9.955514421139660675e-01 1.319064427971980757e+00
7.526353346678154033e-01 1.406001091075577414e-01
-1.759261524478303862e+00 -5.824485015898961393e-01
-5.084182497806941647e-01 -2.170255117406840462e-01
4.509597961463573390e-01 8.173806047126227492e-01
-8.058167562676612494e-01 -1.087777947264094491e+00
-4.428553518141393197e-01 -1.308006937581680518e+00
-5.339785396216396585e-01 -9.608096776367522907e-01
1.107398225588368090e+00 3.796685862164624337e-01
-1.934683960018577231e-01 -1.310384769510015701e+00
1.778336729138710048e-01 -1.082088309194721099e+00
-1.585430812825301183e+00 -1.304963952756689860e+00
-6.103898756370162992e-01 7.710860721153692809e-01
3.580509943728225064e-01 2.269120840520386206e+00
1.458131390615706291e+00 7.812836293002806132e-01
1.555923787099451894e-01 -4.025400589031719600e-01
-4.663539953738559674e-01 3.799065378504529744e-01
-5.770843955312127127e-01 -3.129230322615884075e-01
-2.651778285298172388e+00 -4.171844524442146901e-02
6.762769569732705044e-01 1.097480400340944184e+00
-1.564400197243040802e+00 -1.812309896340317472e+00
-7.940554405423005946e-01 -7.209026582618480727e-01
-1.823001287204994159e-01 1.327147988324029609e-02
-1.520231688975852258e+00 4.379547479433763546e-01
-1.155317783877190391e-01 -8.196572332171284669e-01
1.297731266383373105e+00 -6.042856647177266005e-01
1.491787421643219425e+00 1.189428597983676728e+00
-2.473140128953514316e-01 -1.044292417447977295e+00
1.008039480040960001e+00 3.017325458341129085e-01
-1.416816137147156374e+00 7.143274954399811971e-01
-3.978660596497479718e-01 -4.309570710027249008e-01
-5.252551141446502037e-01 2.017698797973115910e-01
-1.513483582925406301e+00 -1.310802183238094498e-01
-3.743163716348092418e-01 1.476547440762529639e+00
4.440527010030642097e-01 6.927665268200563498e-01
2.903657078682408410e-01 -9.342226276255969353e-01
-9.378172613956481385e-01 -1.816725794876097533e+00
1.262463883612654714e+00 -6.701894879690375451e-01
1.906485201048008504e-01 -1.008194998890533434e+00
1.788850201254617467e+00 -8.678722373293505932e-01
1.151333114407213198e+00 -9.110878853910532316e-01
5.339979585634224701e-01 2.327197171593522462e-01
3.862353440341522171e-01 7.199909625521483392e-01
-3.089677116137294899e-01 -1.299996979933393915e+00
6.929705236611121144e-01 3.152142431106929044e-01
1.480008012384261828e+00 2.535833166169139119e+00
