1.607994038666788583e+00 -7.893525790949853516e-01
2.571334875529027286e+00 3.552520397365082072e-01
-6.933267447800863792e-01 -4.635328364346259777e-02
7.874830213255287759e-03 -1.295179884423346972e-01
-1.647450682359656582e-01 -9.674995213398763783e-01
1.585881059105424651e+00 -2.883478979285916677e-01
1.077083512790963232e-01 -8.673845713959393855e-01
1.752464068762557670e+00 -4.453824284355558105e-01
7.148102936013867037e-01 5.658083588305863332e-01
-2.675229818995915609e-01 -1.497114024564561108e+00
-2.653393889344762280e-01 6.679615356758811240e-01
1.494339343913516083e-01 1.492574670531293668e-01
5.282624440857129899e-01 -1.441306762223347748e+00
5.512010473245463338e-01 -7.914918414289039417e-01
-1.845352683594068122e-01 -8.888327565840978828e-01
1.461504082773744884e+00 -8.055893436042003142e-01
-1.321079714984773723e+00 -6.281158166245285335e-01
1.870036441048745753e-03 -1.469324247640615422e+00
-1.670809731442004231e-01 -5.287804388379884202e-01
2.737503418708376657e+00 -1.199462363058347858e+00
7.014965209818645464e-01 2.909954781376406174e+00
6.038256547885625380e-01 -5.332356193478346995e-01
1.694170296113907348e+00 -6.662213745165160850e-01
-1.607038725285503400e+00 -4.330711962945034688e-01
-1.153096159043073943e+00 -1.945538282879015091e+00
5.991153917969314069e-01 -9.453495586864691935e-01
-1.206647607710905762e-01 -1.496877716165519734e-01
1.214526797859864365e-01 1.662428744789842261e+00
4.917082574640261466e-02 -7.218122126181164555e-02
-3.997193055444046017e-01 -1.397260682882713601e-01
3.731429796859041526e-01 2.126226636604221509e-01
-3.663063258961778146e-02 -1.949861053208112205e+00
3.581984959415588365e-01 3.777995167211414262e-01
-9.925334944043833207e-01 4.133531931377366075e-01
6.516693426646293918e-01 1.420285685389581554e+00
5.492490644785177345e-01 4.878852093928137679e-01
-3.424314376023641221e-02 7.803069425328630349e-01
-1.145472079866209025e+00 1.363722292743644315e-01
-3.940586887529733129e-02 2.317753594100917969e+00
-1.147830916992897965e+00 -1.976627531892292344e+00
-3.488521637477522974e-01 5.598655920294668409e-01
-1.493982694240957754e+00 1.771689596028386049e+00
-1.448127760037292600e+00 -8.011427471000116540e-01
-1.781739806947240101e-01 1.280821424194331870e+00
-1.191212433142156746e+00 -3.628657261145111224e-01
-1.199686274442042164e-02 -1.428910804547905755e+00
1.622619241041178828e+00 1.593234728006808626e-02
-4.301922040111245682e-01 -2.595476853172317688e-01
7.965940766190524602e-01 2.742925419322909675e-01
-4.920947552222182941e-01 5.077388886359740505e-01
-9.395090237781930087e-01 1.353399891625034046e+00
5.204549384900576392e-01 3.152143200171368675e-02
-8.616760641910181651e-01 4.707060511563045391e-01
-1.157358768624689782e+00 -3.661818678083595957e-01
-2.435004920664637640e-01 -6.222242054824789204e-01
-3.422043924390084091e-01 1.706644044432374940e+00
