-6.209959610271211794e-01 1.578307460598105783e+00
-7.218179734919306645e-01 -3.629730034948074335e-01
9.887916440324338863e-02 6.004228616264747354e-01
-3.947460114654108287e-02 7.786280793850141047e-01
1.479738959532951592e-01 1.373772355485085028e-01
-2.936468796354226862e-01 -4.823741960532893502e-01
-1.961671771797054986e-01 -7.533733343172950292e-01
8.681703483011742051e-02 3.989951484739039378e-01
2.853442219160265414e-02 -1.539193668301138684e+00
7.056531229028218943e-01 -6.876004322153727033e-01
5.944247642099834694e-01 -5.451857890971684162e-01
-2.167640072162362319e-01 4.861909314013880268e-01
-2.067623871561748761e+00 -7.844186201298195549e-01
6.444583349313799392e-01 3.519785681472196726e-01
3.681010321203402325e-01 -1.272144697708505356e+00
2.704522053887491451e-01 -1.253598385217114197e+00
2.441374024012119559e-01 -7.734091074052278358e-01
1.294391133713355346e+00 9.769655815822283484e-01
-6.688311246040536950e-01 -8.845791126915448777e-01
8.544031768240127889e-01 -1.018479485030069354e+00
1.548899811299871088e+00 -7.128019615082711313e-01
1.445491971336054782e+00 -1.340463244008554433e+00
1.236698209490288525e+00 2.973558657817225725e-01
1.173528315951849754e-01 -1.437325373162642528e+00
-3.588401591468872165e-01 1.292957881616193516e+00
-3.270104660682902065e-01 -6.379092166278391707e-01
5.253290585869158091e-01 -7.967862792610500566e-01
-1.156846464893947379e+00 -4.214046032040237866e-01
1.480216841645471293e+00 -1.106842020440027108e+00
6.778968094152217905e-01 -3.917141526968963117e+00
1.858012152590058363e+00 2.048988031982293734e+00
-5.765206147724702967e-01 6.525086917619895566e-01
-4.201620941039975188e-01 -1.348150410751859152e+00
-2.812369237843436176e-01 3.422069075838836683e-01
-7.509587599774736333e-01 1.829824198701884175e+00
-1.796984868409340630e-01 1.410607724517879635e+00
2.359317275987255491e-01 9.462450982899052454e-02
1.993977638769512728e+00 -1.649365331861550654e+00
-3.720319187983152087e-01 -4.553594010220402000e-01
-1.180044261121734994e+00 1.192498283114957314e+00
-2.131748004060113333e-01 -2.041261325376425795e+00
-2.651877625759850310e-01 5.025503468174170596e-01
-1.123979729151476148e+00 2.038645232247479289e+00
7.978004053937571838e-01 -1.903896423114322056e+00
-5.650717078902631751e-01 1.854863460027711408e-01
1.375595272090667232e+00 6.155248821456779096e-01
-2.945270187838678125e-02 9.861140191410279199e-01
-5.923538916883448746e-02 -1.234178740113847317e+00
1.240377967387125357e+00 -1.290684694956337308e+00
1.432917382430514697e-01 2.614886148581897496e-01
-1.978759662842091704e-01 -5.001542220244686865e-01
1.064600380539088897e+00 -5.140493466879917372e-01
1.587815167845564313e+00 1.391430733546717910e-02
-1.130271265725423468e+00 -3.260199681928860338e-01
4.545335408524244641e-02 7.331101897648693022e-01
-2.821325989260509703e-01 8.026083579914784494e-01
