4.537344580232122726e-01 6.266659045037378251e-01
5.343453072816379823e-01 -8.221263318636720663e-02
1.593549944522678619e+00 -3.401197200738649840e-01
-1.806157580584691058e-01 6.300017122567119765e-01
-1.143800130447071017e-01 1.275553652042586972e+00
1.917268062017302155e-01 -2.465580442519821891e-01
-1.527969073667628130e+00 -7.700698011743400961e-01
3.488375859105988797e-01 -6.334694868695608383e-01
-1.071922111792646293e+00 -1.568268745990233137e+00
6.344016929905130775e-01 -7.692212510407233639e-01
5.638951390055203516e-01 1.714520130288299082e+00
2.656891867050490408e-01 1.175769016286082547e+00
-1.685451018234123133e-01 -1.786162742905450074e+00
1.169703473328084886e+00 -3.299519306548203135e-01
-1.373637257948982615e+00 2.469721964064993669e-01
1.391966994903994115e+00 -1.822736072638863281e+00
-9.756868533106309860e-01 -2.193860716173366754e+00
8.067529530357102630e-01 8.871381197089850748e-03
-2.558823013993590245e-01 -5.800103974347948776e-01
-1.415458199847910548e+00 -6.256269960564025956e-01
-1.559640036028936416e+00 -1.214854184907365964e+00
-4.324166018448193788e-02 6.334327832363333410e-01
-6.587008156701716910e-01 -1.716705364803870482e-01
-1.179999841801461224e+00 -8.074319502597635534e-01
-4.156000182044710667e-01 -1.233398049900205962e+00
-7.104572336957227785e-01 1.879327596042453807e+00
4.697025317856602933e-01 -3.948859890502594977e-02
-2.039587998015397474e+00 1.128025910564788292e+00
5.177921031641644634e-01 -2.244541136459783814e+00
5.852799774798221888e-01 -7.798465768731069891e-01
-8.958556580249331658e-01 -1.232307722727851607e+00
-2.398181661325611280e+00 -1.122953724391399621e+00
1.572893567519793034e+00 4.752796380717594360e-01
-5.612170951315345047e-01 -2.143518303272448744e+00
1.188997354375695287e-01 2.096808749126020555e+00
2.499945853570947063e-01 1.117735443464829448e+00
1.146197782283758571e+00 -1.381425770611907300e+00
3.640799365592833348e-01 -1.788718197201524251e-01
-1.287217749370796360e+00 -1.292363840934435348e+00
-4.622202648182091034e-01 9.782469373104263344e-01
-9.825775378226619949e-01 8.219983708103817052e-03
-1.597081328516031684e+00 -1.168665001653642399e+00
6.501708975037886473e-01 -8.054862569111381765e-01
8.982681783416455179e-01 -1.894797046473458035e+00
-8.128870521868116761e-01 1.439631152343208154e+00
3.577510789855878337e-01 -4.911773644259422728e-02
1.318851471573280129e-02 3.805332317317485225e-01
-1.008758928142373001e+00 1.232581530379774082e-01
1.113262324070755982e+00 1.141928157159774360e+00
-7.759633730896031700e-01 -2.271881758621082659e-01
-1.005036474488481213e+00 -5.664993125317929756e-01
5.098339612689053446e-01 -3.532180372409478575e-01
-1.210583231215185629e+00 -1.509631211471374468e-01
2.174962892968313799e+00 8.199007750305802311e-01
-5.921674286479258059e-02 -1.261813668093258789e+00
4.986362761148107614e-01 -1.766639666721795676e-01
