8.903892030227914534e-01 -6.939157837157666764e-01
1.051561230887149007e-01 1.045935072686275502e+00
4.525701177050163171e-01 -2.046085448731400913e-01
-5.740343339876543549e-01 -8.462072174141346270e-01
9.323809730626304582e-01 -1.448019212196943961e+00
8.429081579514394740e-01 -2.054464704969818367e+00
8.494460903898626292e-01 3.467191059467302217e-01
-9.617109765170979152e-01 6.489959321739530163e-01
-4.292794865989246755e-01 8.946059287922031311e-01
-1.621656506915318818e-01 -9.672765513779497670e-01
8.625392463385075370e-01 -3.121598381289255042e-01
-5.540402225162199823e-01 -5.329595092380996491e-01
3.325833635832607937e-01 -6.293527742206884990e-02
-7.207146686583291162e-01 -2.325590048684204603e-01
-2.779160456076255059e-01 1.534164382668645077e+00
9.083417403315124927e-01 5.531531393696276222e-01
1.534299273066215205e-02 1.007682746880212310e+00
-4.173773392220904155e-01 9.441428749503448792e-01
-4.896637877427027497e-01 -3.712150974866396669e-01
6.186703286520069817e-02 -1.113306779495731202e+00
8.241800888725172580e-01 7.553029155527795080e-01
-3.226184971821953185e-01 7.195615533964231370e-01
-1.481169583731266171e+00 4.591390619655684735e-01
-1.237499129558740085e+00 1.925308156959388839e+00
-3.576960334529007302e+00 -7.532453649653954031e-01
2.560952247148072791e-01 9.211341645231690620e-03
1.046429201869126580e+00 -3.569912485313468387e-01
1.471827317005979241e-01 -1.742927675560030920e+00
6.211247323303867862e-01 7.210760265180714557e-01
1.537534062418318914e+00 5.666031016477025561e-01
-1.225872808327223423e-01 1.082183670608659609e-01
-5.877055780938290619e-01 -6.684114596616372861e-01
9.602624259461024492e-01 1.603066366353568917e+00
5.066487331027588192e-01 8.200895996322487003e-01
3.754797459173173646e-01 5.122028422204203402e-01
7.521254401279995339e-01 1.405570915745485427e+00
1.377814555746755543e-01 -1.164227956780433448e+00
2.323263923879593573e+00 -2.361977116018496581e-01
-2.942864410650726792e-01 1.116515734602370413e+00
2.450713137877748027e-01 5.989264875558641954e-01
-2.529351607933999491e-01 -1.195378232272904295e+00
-1.181362373217512696e+00 -5.507606929973055676e-01
-1.002358076977130752e+00 4.277554952223104334e-01
-4.977734673585883507e-01 -1.066023649028620124e+00
8.920324367330152437e-01 -6.054093665426230064e-01
1.181389584452408048e+00 2.943252084821959547e-01
-4.432414840189685679e-01 1.560893425950012237e+00
-8.752825005818425097e-02 6.858592448682752918e-02
1.765182687801066130e+00 1.008259286840117008e+00
-4.547666804367900828e-01 2.254704138553673243e+00
2.462558866923344747e-01 7.349620137075051074e-02
-2.941144126219960020e-01 -1.294970049365302023e+00
-2.808640482152890971e-01 -1.042167687906075724e+00
9.744885762476586111e-01 8.205830233330849710e-01
1.200195757821359566e+00 2.746481088699683215e-01
-3.689201830856879694e-01 7.957238933472814135e-02
