-8.225214918052391466e-01 -1.803437280399712739e+00
4.058571167053177109e-01 -1.005151660566602434e+00
-2.469000548540973561e-01 3.458892725674229673e-01
2.433132454436861269e-01 -2.665478826313133487e-01
-5.379333348646574142e-02 2.050807074510758721e+00
-1.220865634803164790e+00 1.158449300002074134e+00
6.829213511771184963e-01 -1.580218972633818719e+00
-8.896261148596661394e-01 6.671831605690087263e-01
-3.792695073629461233e-01 1.219436479369955029e+00
-2.293896646575152298e-01 1.352793449952189309e-01
-1.875071345417515523e-01 5.024875425861955458e-01
3.889610122637705558e-01 7.313310376607948804e-01
-2.406007601811720742e-01 -6.832746415217677560e-01
5.632396424275104563e-01 -7.782372066556353385e-01
2.135305027079162365e-01 -9.569749640700492277e-01
-1.263140922114359688e+00 3.584558818352356901e-02
-1.052929787508481846e-01 1.448900506645529329e-01
1.757918912429331737e+00 1.415989340416250908e+00
-1.263418430189530595e+00 -7.395714606660167556e-01
1.602086367292529623e+00 2.768961088151539185e-01
1.333755429222020505e-01 8.154308583205082117e-01
-1.928843646171790827e+00 -1.027938740701765941e+00
-1.358394112778492202e+00 8.222771128983261124e-02
-1.232253721147360537e+00 -3.556394141955995791e-02
4.538421126080008361e-01 5.869117409851831724e-01
-1.596597556086893688e+00 -7.252743852717571382e-01
-8.801462558581141238e-02 -1.354218870986904300e+00
5.747263202232236745e-01 2.086346542131126913e+00
-1.451672865906425525e+00 1.453826671601178733e+00
1.542198132553471490e+00 8.466852082842091232e-01
4.620817750405926960e-02 3.238971660787280382e-01
-1.168420595275038609e+00 9.022187397145551291e-01
1.937660147811945399e-01 -2.636300475199861437e-01
-7.029135978029643628e-01 2.378162480096766285e-01
8.220853550435121004e-01 -1.031426974252453110e+00
-1.489007117507579414e+00 -6.491628773108751860e-01
-7.895091155188163068e-01 -9.357800629804989834e-01
-1.403929708933547404e+00 -1.386882981847083141e+00
-1.833010526993590350e+00 9.729601161449948910e-01
7.794912101075454625e-02 1.681497005354995744e-01
2.695302081666978822e+00 -2.175976136531674876e-01
1.417558252240679328e+00 6.485751258473323455e-01
-1.889426414455189551e+00 2.705068233575894446e-02
-1.240227758361349908e+00 -2.050587075650476265e+00
1.271176582915107156e+00 2.940768024781682533e-01
-1.379834707829797891e+00 6.187399186750021096e-01
3.308952370875201110e-01 9.589270985875840703e-01
1.242127571111927842e-01 -1.951919919616314836e+00
-2.122069722008041726e-01 6.297071523626098788e-01
2.390157521659903028e-01 -1.056092167795028708e-01
-3.515218288007528752e-02 3.541922983264050862e-01
-1.644310766158075254e-01 -1.189857799682166872e+00
-1.025623027136199905e+00 -3.048119214797743726e-01
-3.613299054317247599e-02 -1.246187644891683544e+00
-7.705416688089692379e-01 -8.058094355262993558e-01
-1.109662491865107903e+00 -4.475048416122863193e-01
