-3.865471706164469445e-02 4.062794092300328619e-01
-4.973287789768676692e-01 1.504215291387619224e+00
-1.321240056613139702e+00 -9.034099309518318632e-01
-3.404284239568717285e-01 3.694432696253656112e-01
-1.821594468639379460e+00 -4.899703599754946515e-01
-1.891599940454747220e+00 -5.641932207645929953e-01
-1.714781777162199816e+00 -1.998514947309426304e-01
-1.028783179843250739e+00 6.360990982722561915e-01
1.227683388346856974e+00 -5.376477940916969400e-01
-3.751298751176079804e-01 6.082490876982116212e-01
1.147777201960569343e-01 -2.937063086368729703e-01
3.638084333143988269e-01 -8.444590730859799499e-02
1.061176447561072766e+00 -7.241967677320111374e-01
-1.482972590283022640e-01 -1.587950927889540675e-02
-9.169541354331222083e-01 -1.424137687692329290e+00
9.582001217693533746e-02 -3.766763296861950217e-01
-4.170462821193978153e-01 -3.379304257851963311e-01
1.093926224701416761e+00 1.815057811993601833e+00
9.648111924167939168e-01 1.204113999912338334e-01
2.602515443338900836e-01 8.931672324459803969e-01
-3.508009251896276326e-01 8.996368121224668224e-01
-1.043449412144503041e+00 -1.719910808008747183e-01
1.533643596770386308e+00 -3.433511954444675163e-01
4.883891541139808723e-01 -1.183837305678335644e-01
1.804912016250421969e+00 3.391712892575727833e-01
6.045195325203651660e-01 -3.574382844972947559e-01
-5.941623122888358699e-01 -1.128202762729863806e-01
5.035349264229357358e-01 4.335256027825530323e-01
8.150604938164107693e-03 1.583991605729443419e+00
-1.610830489577701918e+00 1.408916122186046671e+00
-1.063436625578306316e+00 3.124036660722250835e-01
-2.540024569119591069e-01 7.596159512665734415e-01
2.492047956424263688e-01 -1.381945206053421416e+00
-1.823680065718086718e+00 -2.339397634766407497e-01
1.440710777630663242e-01 -3.895565612471426631e-01
-5.943395697852121851e-02 6.150515394927167367e-01
6.819734469329454818e-01 -3.433826256613526362e-01
-4.333242919621771438e-01 4.558228244852509659e-01
1.492114716262818268e-02 8.781876169443384450e-01
-1.873102687432545821e+00 -9.669127469599201330e-01
-2.030132549865082847e+00 -5.194107270632003504e-01
-5.049537058887265673e-01 7.064216179458630007e-01
-4.500569076148228098e-01 7.134077012297004861e-02
1.525859576798102579e-01 -3.242734964042880974e-01
-6.114844243237130827e-01 1.289436772077739324e+00
-2.663834744403983379e-01 6.081222962461713122e-02
8.002060543181322982e-01 -1.683989006468475935e-01
-1.324644401975106633e-01 5.532093348593459803e-01
7.425173814470512612e-01 -6.640766474996167013e-01
-1.254060706346886711e-01 -2.100548394313450640e+00
2.174907647661295407e+00 -4.698707731688634426e-01
-2.303647637098721890e-01 4.983507139917338347e-02
5.063199665008583095e-01 1.111997178717155199e+00
-6.870947717560081935e-01 8.806250132277193554e-02
7.838462771547040076e-01 -1.057022279256049080e+00
2.550632232202777683e+00 -1.147045723538455464e+00
