1.069910642556538338e+00 -4.496979937391974436e-01
5.766520228464687703e-01 4.055404359198204189e-01
-1.383822544332503068e-01 -1.228965381941452412e-01
-1.224288476988511398e+00 7.662446781621737868e-01
2.593521115397343646e-01 2.631235337180253264e-01
-8.889307795540224433e-01 -4.430919271894686595e-01
-8.662401604246159348e-01 -6.393092037505286873e-01
1.672618076453110947e-01 7.222718276540677218e-01
-3.409927071953685607e-01 5.457175916157683826e-01
5.903972624945744152e-02 9.398975262994566648e-01
8.121141588439279024e-01 4.454412414661196307e-01
-2.388948475157383733e+00 -1.398848557781681434e-01
-6.445364612382612490e-01 -7.118345579981397719e-01
8.809384193672403773e-01 1.092356139500770151e+00
-1.495215621763894998e+00 2.050877473049612931e-01
1.023026197273690263e+00 -1.470989651565854650e-01
5.802150654949684433e-02 -1.055425743276801054e+00
9.422063294991589455e-01 6.399480466978653137e-01
-6.787370806025433412e-01 -6.016823390314698372e-01
7.437751916631724081e-01 -1.522856150910444906e-01
-1.233537731881881594e-01 -1.193103803502529731e-01
-9.100111548867606884e-03 5.637404456089106786e-01
-8.056548111557547687e-01 -1.520425689388606449e-01
2.342154697010394582e-01 1.469842179283508410e-01
9.178019878514741547e-01 -1.323989551450821311e+00
5.052905047415674478e-01 1.127994476351519504e+00
-3.798389209672716205e-01 -2.001833587385978830e-02
-2.038314319430343691e+00 -8.621566632427098975e-01
1.172398237348219352e+00 -1.248326908883397479e+00
7.698308022760285141e-01 1.582478420606650893e+00
1.054187186524402131e+00 -1.008265857374260221e+00
5.644803323543986506e-01 9.610550876051815461e-01
-1.427654824902444330e+00 1.239808454622403910e-01
-5.591734798337281154e-01 -3.651105203548676154e-02
7.636188615142289748e-01 -3.377041397549139790e-01
7.933951802937098119e-01 1.282619096082041610e+00
1.538838493235955784e+00 -7.021338975297887197e-01
-1.142382848936984441e-01 -1.253489646317020645e+00
5.185051492245985605e-01 -7.701411906328108070e-02
-5.711356970415296663e-01 -2.581215582150476973e+00
8.419184503818110121e-01 9.747814188457134543e-01
-1.247478185168417131e+00 -5.585506576677928825e-01
1.772299428013316691e-01 1.134694356563589190e+00
1.201676467976227958e+00 -1.335216644271910447e+00
-3.371040904759372431e-02 3.778067448472762586e-04
2.229752861830069655e-01 1.045615149697423307e+00
-4.185477022850633833e-01 -4.134379801762389506e-01
8.526602876985585056e-01 -7.613432327846977321e-01
2.854550131935337465e+00 1.406483215614635407e+00
-1.705072172874692704e+00 1.059401689905642874e+00
-1.131018436025291868e-01 4.646514865451649157e-01
-7.207036827536940082e-01 -1.257515713538214508e-01
1.506007442964542253e+00 9.702311746567910955e-01
-7.076659652771435383e-01 1.286701708363793717e+00
-1.858463952910301975e-01 -9.798079125526941713e-01
-1.055160694419042880e-02 8.607033817918438023e-01
