-4.336902985705156088e-01 -1.000723313784610102e+00
1.236486809745116044e+00 1.216026979092645233e+00
1.881862974512532372e+00 6.039423548729179192e-01
-1.817159025528143276e-02 1.473822259235079812e+00
1.070851055859251222e+00 -3.102461514257878195e-01
1.761507576012719400e-01 7.364438361929329657e-01
6.338590345040278073e-01 4.245786026038744776e-01
1.007539902294728451e+00 -4.365674947067154643e-01
-2.211890077305613544e-01 -5.433941677360809575e-01
5.171831300100134809e-01 -5.461019460149365568e-01
8.662811829427891140e-05 1.662428015100794187e-01
-1.968674183596686722e-01 -2.281526765485041075e+00
-5.742761520150651000e-01 7.067744964011773989e-01
8.541417195079573643e-01 -6.751112558919832030e-02
7.938271713527774720e-01 -1.914799411827615427e-01
-1.679634393541478143e+00 7.381594599573424453e-01
1.121527139278151397e+00 1.367147263595313245e+00
-4.281864189624013939e-01 1.243783163393120533e-01
-5.845159858237942985e-02 3.969285401939477431e-01
-1.258544961408887053e+00 -1.623521668063395040e+00
-1.144598236631602317e+00 -7.641255797492049195e-01
-8.744877593411858330e-01 -4.915963521978554684e-01
-1.076271315207276258e+00 -9.083567028480610261e-01
-1.086168438901879973e+00 6.572134466152242949e-01
-2.751878629560489675e-01 1.234781360859389165e+00
2.185047694721342082e-01 -1.330523252364912867e+00
1.138651582228240144e+00 -1.554004521679211714e-01
1.267204725780670005e+00 8.965011811120497942e-01
7.527545024563936371e-01 8.292765375771402603e-01
-1.701893143365115879e+00 -1.151811294436357658e+00
1.216720431582001272e+00 7.368323704657415707e-01
1.954997215472806804e-01 -1.392489966732362472e+00
-1.217053174060959142e+00 5.829565009023398581e-01
-6.836753551967923725e-02 -8.479158722526155545e-01
-4.773421200394432073e-01 6.097542895747999347e-01
6.377604052934729983e-01 4.642664837776982467e-01
8.777460580076373864e-01 -5.959518354527372497e-02
-1.446378393927442385e+00 1.143313663374945666e+00
-1.658945035280902758e+00 -1.474645883021364678e+00
-7.989785004941498681e-01 -1.127877422257241857e+00
-1.130164989337642867e+00 -5.555235260715479795e-01
-1.742245672332828899e-01 5.032893592696107143e-01
-3.336280708893602509e-01 6.258372571135436581e-03
-5.195144009574427235e-01 9.654765327078306258e-01
-9.503123012804763903e-01 1.228382974148501727e+00
-1.829391265162347180e+00 -8.404153336917582484e-01
1.312573516280699293e+00 2.237496158491885989e+00
8.581929018627614258e-01 7.203012247830317127e-01
9.659991082437442422e-01 -4.759629409028727776e-01
-9.186692686542247133e-02 9.481335767993552821e-01
1.512459657623328679e+00 7.063192037635107612e-01
-7.530134864353026369e-01 -4.084271105968933502e-01
-3.119367005288593564e-01 1.281450447115322966e+00
9.041973929182324232e-01 7.701995824274816549e-01
-4.144416610883564500e-01 5.253955620110611902e-01
-2.507634192748688484e+00 -6.519891911016351127e-01
