-1.939725086502244844e+00 1.625752533555687718e+00
-3.454057183298729905e-01 1.095025549874959925e+00
7.496187037521488961e-01 -7.458710814289952751e-01
3.474461829918265021e-01 -6.100420434373541312e-01
-9.508780278405535302e-01 5.418899488504123063e-01
-5.786616040670634203e-02 -4.970829095235573813e-02
-2.175261244481127565e-01 -1.736374274273411733e-01
-2.462639368953283836e-01 1.565981172498847274e+00
9.848051111297737581e-01 -4.127686041289325702e-01
-8.738600896877870561e-01 -1.683747349536899085e+00
1.502912105018091360e+00 7.853052343856248285e-01
1.322535485432266622e+00 -3.389458031148648853e-01
-6.664693709325796300e-01 -2.472805630089854323e-01
6.287822033934891142e-01 1.593637522416337271e+00
1.301496477719794154e+00 -6.787882406238811006e-01
-8.502732806643078511e-01 -1.686408347233217864e+00
-4.246507189387024317e-01 -3.197723809362131298e-01
3.371538985269134092e-01 8.130592014055341155e-01
-1.325001668278918299e+00 4.395577685219297370e-01
5.089590762513277467e-01 -4.430147059967579071e-01
-7.332983163954867045e-01 -2.362692426139660906e+00
3.371795728345596821e-01 2.525555254378303305e-01
2.517115433567094218e-01 3.210723458380013162e-01
-5.696699887872342938e-01 1.081058018813398691e+00
-1.074840724736700670e+00 -2.354015135478664325e-02
8.027308928071742455e-01 4.892947408712312041e-01
8.106684518151092977e-02 8.367933968452833104e-01
4.605501308519085457e-01 2.808926497963708246e-02
-1.003949952622404940e+00 -6.830269907785898598e-01
3.668477296096370743e-01 7.756913615262971129e-02
4.734952139844356700e-01 9.000665025372718286e-01
-1.713008016836166991e+00 1.629940397815318465e-01
3.308492832459583588e-01 1.028456187374778175e+00
-4.937995361196848010e-01 -1.061489651103292520e+00
-6.352056708965379828e-02 2.248091054115316734e+00
-1.205347634311542127e+00 -4.026257914772288782e-01
1.304902712973102341e+00 -1.048070971802002926e+00
-3.277878111433804587e-01 5.788921301642936390e-01
-1.364317859639191166e+00 -7.738730176402960903e-02
-1.268304218607938738e+00 1.098690802976975744e+00
4.557097137603057235e-01 -8.491616542233842990e-01
-4.297598683039096090e-01 -1.391598288617843737e+00
-5.397880159570263015e-01 5.370005513784661400e-01
-2.127850713427074325e+00 -1.236866684061219468e+00
-8.309187016057312247e-01 4.830681324262516285e-01
-1.001285618582133941e+00 5.833337030908995746e-02
-4.645497764585170830e-01 -4.052180233068533588e-01
1.238858541613803987e-01 -6.155550723500120558e-01
3.546472838359125412e-01 -1.723958501411267108e-01
-1.303527555160909790e+00 7.185470648412073391e-01
1.321962841438127700e+00 -1.517421452141815674e+00
-6.781310589053879401e-01 -3.419357821960095634e-01
-1.239473006519361542e+00 8.931675681610135031e-01
-1.177277523493530653e+00 -1.243846770805285135e-01
-4.770602848877404378e-01 1.000508878868237694e+00
6.572132306799935986e-01 -7.964777933891639128e-01
