-2.374628813334710986e-01 2.633321948445957350e+00
-7.416680872033014627e-01 1.888577747865974210e+00
1.102149170898160779e+00 -1.452588322406631161e+00
1.938793736319388561e+00 -5.297306430009863787e-01
-1.472392673667144436e+00 -3.979969543945017368e-02
-1.802020223992306214e+00 1.724888159191494186e+00
1.591979625782438790e+00 -8.527648263181133448e-01
3.205324064125139594e-01 -5.907983601179979116e-01
-5.701954602303707098e-01 -2.224352170406251439e+00
5.921219666785476621e-01 -1.073815424103715221e+00
-1.766367907996092002e-01 -5.160225472250756784e-01
-3.702007594755510889e-01 1.417784246794550507e+00
-7.434036015653403551e-01 -1.845041310976662519e-01
1.330246964188375181e+00 1.759429129442213191e-01
1.056079808473868287e+00 -1.661698249203539257e-01
2.101244132217452293e-02 1.041489340264650787e-01
6.464077511320540648e-01 1.514833015993903409e+00
-8.625632513321704886e-01 -3.800115883332775835e-01
1.302422574884852524e-01 -9.456340523542267062e-01
6.721840198619075668e-01 4.250199348956869572e-01
-1.293114797049829345e+00 5.518751729996389521e-01
-3.058559322877281716e-01 1.954686915499806776e+00
-4.157475758793087728e-01 1.887648355538101563e-01
-3.060443667272931823e-01 -1.026031371987671692e+00
9.194228213427871887e-01 -1.665879516745454758e+00
1.164884052885293980e-01 7.306751807292218848e-01
8.240906114461875598e-01 -1.418911197611628094e-01
1.846641616448324141e+00 -6.499006337993999960e-01
1.715375570052702914e+00 -1.186854818682664819e-01
5.401356432766873938e-03 2.509570323801599390e+00
-1.172263961694256063e+00 1.721379461337341432e+00
5.730798321978790577e-01 1.982914034561495120e-01
1.076768789388081286e-02 2.985874324280253858e-02
8.328249215796055260e-01 1.524082939240341550e-01
-7.251126481040162108e-01 1.150833158847888615e+00
5.855671992399229947e-02 -4.514924470511340326e-02
1.472804786202902338e+00 -9.977807642261832255e-01
-5.711369323058592684e-01 -6.705901242638008242e-01
-3.320057642249972241e-01 -2.716309841609248349e-02
1.111500295291384610e+00 -1.129282017759938028e-01
-8.832920713265293156e-01 -1.258732602191556138e+00
-1.549422195676669889e-01 -3.360655879758645548e-01
2.222311513213138578e+00 -1.024765164632667425e+00
2.142933701253505741e-01 1.099778874532891804e+00
9.286823356298554710e-01 -7.854426342323500565e-02
-2.083207238337670131e-01 -5.251836463982352265e-01
7.885505783971832328e-01 1.348791218873836684e+00
1.587007872169130751e+00 4.325049064876311244e-01
-3.164665085878454187e-01 -3.592634427354748361e-01
-4.163534037987726699e-01 -1.015955305539721909e-01
3.244225512367003295e-01 1.165045243107077688e+00
5.689328865809083480e-01 1.215581909810387273e+00
-1.137455595903502127e-02 1.428406338759325767e+00
6.493208169817498154e-01 1.465988188481244459e+00
8.324370840936188287e-01 -1.371868669925106810e+00
7.687095311223952621e-01 3.961245619810166985e-01
