-2.223566532156933950e-01 -6.742564586726188525e-01
-1.731076634302422534e-01 -8.758444978148867133e-01
7.759591420469110767e-01 2.397204075519566158e-01
-2.911607733375218277e-01 -2.157198314639972581e-01
9.495853323191044693e-01 -8.099549355570333509e-01
-7.166350206504468190e-01 3.896097400965843893e-01
1.677268805735236290e+00 -1.623912336220742159e+00
6.800198284764043255e-02 -5.623830483582266115e-01
1.252987511386063346e+00 -7.367795651064555917e-01
-8.563230232021299404e-01 2.824326573333572066e-01
7.525654340030364375e-01 1.935926255485547198e+00
7.826285986507531822e-01 -9.956305515059920008e-01
-2.857244618181630225e-01 1.242441354126427422e+00
7.115502611716657544e-01 -7.159659057595288978e-01
-6.330178574947500358e-01 5.096123484078377563e-01
-1.192700422043543762e+00 8.488207140400704231e-01
-6.743171675699840550e-01 2.035430180029320912e-01
-1.987655202810030552e-02 -2.853370966552504218e-01
5.307102203596989476e-01 4.050708999923698372e-01
-7.992692895305265888e-02 1.122743026355219387e+00
1.556763132182201081e+00 -5.463391114903131118e-01
5.934339594492562542e-01 -6.509714575225968858e-01
-2.115861142483871138e+00 -1.225488974765315708e+00
1.702894815783349447e+00 -4.790251530626927767e-01
9.626371494171352683e-02 1.776972325111431550e+00
-1.563827435940668087e+00 -9.704583756383737825e-01
5.329754705208057386e-01 9.190331762974837115e-01
-1.654659795470296221e-02 -3.163275137794293035e-01
-1.279479384197666825e+00 2.895402094425159056e-02
-2.698787314975529747e-02 -3.466545170665552567e-01
-1.487667305090720760e+00 1.037611768051484695e+00
-1.078580420980671084e+00 9.464475247775425704e-01
-1.085008115867883927e+00 1.214945278555359665e-01
4.778196163618896319e-01 8.143463968900223060e-01
-8.787360291414384461e-01 1.170638630476290132e+00
-4.665712047375159544e-01 1.021781760039212728e+00
7.006084171724851206e-01 4.983919781718585407e-01
1.557498011371404312e+00 6.397827050496808221e-01
1.625869920024727744e+00 4.427498746030803511e-01
1.644615046346831422e+00 -5.639866933312711605e-01
-1.458759777378325850e+00 2.021049877202742429e-01
-2.908237247373128276e-01 -1.908808918394873988e+00
1.294903287504241440e+00 1.812399918817442779e-01
-1.357190951374287469e+00 -5.620507147694984162e-01
6.256317221909571957e-01 6.794884529185546418e-01
-3.200127143845336031e-01 -1.073550849572377786e+00
7.873129965239676620e-02 1.673806710978238410e+00
1.207102036535915301e+00 1.187596090625890000e+00
4.497824362147932742e-02 -1.318773374845125579e+00
4.753952781914941861e-01 -8.177216835928652339e-01
-4.375825944710133864e-01 9.729888782766444866e-01
-2.150400036766181022e-01 4.936189975106330952e-01
8.078750003286572223e-02 3.740956969364936935e-01
-1.107242361391785446e+00 2.389711296555634412e+00
8.591271134505673590e-01 6.601256278726790327e-01
2.555299082188513538e-01 8.818697394611199059e-01
