-2.871126201783262832e+00 -5.607310785669769038e-01
-9.803757732729548868e-01 8.701015877037604485e-01
-8.451449290639355683e-01 -5.810289001006190279e-01
-1.786838281585344523e+00 -1.873114338218810682e+00
-4.278935331044552703e-01 -1.093205035340870879e+00
-3.686340967717475214e-01 -1.462139020448518512e-01
7.325315696411222044e-01 -6.043310148958347394e-02
9.619418783261073358e-01 -1.519187907634136137e+00
1.228846864188918309e+00 -8.732756729656349082e-01
1.385771969203139387e+00 1.782296989435631085e-01
-5.863733695941146795e-01 -5.056124130443629960e-01
-1.273692489893149871e+00 1.506553677642959777e+00
1.902515509836570029e+00 -7.171027899059718713e-01
1.822357325433928921e+00 7.285534079520349371e-01
1.014611739684329050e+00 1.699071473661812881e+00
3.326254222713894704e-01 -8.879349750942451269e-01
2.164089725301185652e-01 -1.105790637929963127e+00
1.681920955932932671e+00 -1.206084513490183197e+00
1.526664429501638776e-01 3.981189387203132313e-01
-1.592347963029210611e-01 6.546466060072202442e-01
-5.638424205112081422e-01 7.913313422397967312e-01
2.248181906223059912e+00 -4.153250758264282610e-02
1.597929907175503761e-01 8.498835043026455038e-02
-3.309071945340507082e-01 5.967302232876366963e-01
-1.410108204679637600e+00 -2.008345992509365241e-01
5.441907695678872559e-01 -7.235132076742507579e-01
-4.379972785151783343e-01 -2.451149682512682726e-01
5.013517768978439371e-01 4.734738857256993727e-01
-1.076977780063947732e+00 1.449848356443881547e+00
6.493212867374336117e-01 8.384127628568476265e-01
-1.393685852211698606e+00 -8.567105471441969211e-01
-2.177825098706134277e+00 1.163532282353248570e+00
-2.180423757296142906e+00 7.794841896615488375e-02
1.613782269504926425e+00 -8.734350181828271290e-03
6.549909728164179379e-01 4.099921589187305315e-01
-6.039540390002874348e-01 -7.858255126695532500e-01
-6.101679399122806879e-01 -4.557642661810674678e-01
1.182425413883246623e+00 7.678821664564517979e-01
-2.187647392274675862e-01 -5.341823683244661947e-01
-8.889189595930143684e-01 -1.114392329105808876e+00
-1.178361152583399241e+00 4.281809714082880358e-01
4.794565145605583223e-01 3.144507816378632192e-01
-2.882295630604774228e-01 -7.983367785110853099e-01
9.103576700217549944e-02 5.210057697629810747e-01
-5.472537552665414085e-01 1.507110222706623759e+00
1.127138784398324267e+00 -3.897888814955368653e-01
-3.489138723231293704e-01 -6.521689460967828866e-01
-6.517173759420420431e-01 -3.912733092352015107e-02
7.476888981295651271e-02 8.044039689516001568e-01
-1.789925591394794235e+00 -1.328706889962921078e+00
-4.982623084074735975e-01 1.099621933186741840e-01
2.802738797899015366e-02 4.105440509979552677e-01
-3.925873728975299848e-01 -8.374633385549188347e-01
-7.442668528958086283e-01 2.500349164426961313e+00
5.012015407964377500e-01 3.804551956601542329e-01
4.959787160702811559e-01 1.351494445806278533e+00
