-4.735128148781989621e-01 -6.981956761158021330e-01
1.278671022107462862e+00 -1.809505565038820596e-01
8.000673780501794952e-02 1.089351289524587596e+00
9.780104936722587572e-02 -3.904014944839479528e-01
5.409781579518518901e-01 7.097416246122160155e-01
-1.340285654331500487e+00 7.365119101179090633e-02
6.071929744180996069e-01 1.338561763645325753e+00
7.181458665088372717e-01 1.070503736104874010e-01
-9.879716983915599604e-01 6.138752102824329704e-01
-5.495630683770081903e-01 -1.211945881657360946e+00
6.029432557270456572e-01 -1.518879947440470390e+00
1.661554779002011317e+00 -8.697280341901396650e-01
6.924771646462903052e-02 3.199407276065946437e-01
-1.713895981065312712e+00 3.846130191647833541e-01
-9.889019116112277574e-01 -4.584132508980218179e-01
1.374828727450363164e-01 -3.155903648019410257e-01
1.873469077980452147e+00 2.436485137208277765e-02
1.711755671202564333e+00 7.469316653663913286e-01
1.546677020341264086e+00 2.813474520673830970e-01
3.222783179784839691e-02 6.707188135612037749e-01
-5.858719971112434644e-02 -8.311950171150740696e-02
-8.173721394702206933e-01 1.940190474184158465e+00
-2.469163470066170873e+00 -3.936814116303734984e-02
-1.633162665565666694e-01 -2.111383403029674533e+00
7.592940123858268331e-01 2.132344005697094785e-02
1.069051322860742059e-01 2.733133762849289661e-01
-6.794134726217180287e-01 -5.503587587202209142e-02
1.280922659188226120e-01 -2.595182744669441433e-01
8.571546793489562832e-01 5.525740368184994811e-01
-1.296247024506403722e+00 4.460582863016920863e-01
1.232238643862521910e+00 1.784418773379305101e+00
-8.782265366095053372e-01 -1.167772814278311477e+00
4.148953871381517167e-01 -1.427386629041942356e+00
-5.557663069656971766e-01 -4.815851797213239749e-01
-8.249111074430686141e-01 2.700615930044681368e-01
-1.434580584508095003e+00 1.397179566134337803e-01
-4.873231381372526982e-01 -9.422454974083609158e-02
-1.456047402148954228e+00 7.856034661690272092e-01
7.534330612501304314e-01 1.263684039830670569e+00
1.207080395612291746e+00 -1.669638585385783358e+00
2.989836099874926822e-01 -7.882949060537552954e-01
-2.374455987483313990e+00 -5.651158871066886968e-01
-4.009182858389919585e-02 -1.022044428284630380e+00
6.638495993391964056e-01 -2.039931260728356843e+00
7.610653399713392941e-01 -6.326316024303446639e-02
5.290756787469524935e-01 6.281149976193947104e-01
5.076219545765274788e-01 -5.349246685448730831e-01
1.040544852329242209e+00 -4.849605578864066846e-01
-1.227151454148757814e+00 -9.713103070543320158e-03
-1.044773263611205927e+00 2.612540499941980454e-01
-1.436416350906752695e-02 9.560212276845805324e-01
8.788549184395428870e-01 7.949575802529861750e-04
-3.372575665814125379e-01 -1.220916520436435171e+00
-2.866967347006216804e-01 -1.246549357841780559e+00
1.139780464187726938e+00 5.527433751995455280e-01
1.908924998867836398e-01 7.637773174516598873e-01
