5.954457713975850330e-01 -2.678553417836389006e-01
-7.102515887018771013e-01 1.421778235540478441e+00
-1.373228806665083956e+00 2.399628751588624709e-01
4.120758969612784983e-01 3.315528972284449982e-01
-5.195345366479026117e-01 9.649698318200082836e-01
9.563382664337334305e-01 1.745817399762588762e+00
-8.005214525389672819e-02 2.823075120591108655e-01
-1.306534554364844558e+00 1.042868126377246796e+00
4.207139487234452524e-01 -1.796688675464027218e+00
8.540137836753431896e-03 -1.662667561093897239e+00
-5.541835065403760696e-01 1.457224210337389803e+00
-2.466711417746110246e-01 3.676932117186015869e-01
2.497837278651281467e-01 1.588265507460211001e+00
1.987037433869354996e-01 -8.461446710445914565e-01
1.425617834409372620e+00 1.104479388932571027e+00
5.406598986073074542e-01 1.662366667808276854e-01
-7.407484779430333344e-01 -7.012609309153255976e-01
2.229914747461705815e+00 3.819859571338007909e-01
1.190982268628757446e+00 -1.701367897089302861e-01
3.007796893427575058e-01 3.483736533541517688e-01
-1.075554404950178400e+00 -1.038774645871285429e+00
4.043562732169417862e-01 4.213958226070873558e-01
-3.256581843492449280e-01 -1.639884193029318427e+00
7.751440316313318313e-01 -5.640943006912532143e-01
4.058849617886560734e-01 3.655241168572651578e-01
-1.681626217011868096e+00 1.507607473591374425e-01
-5.334796437151513304e-01 4.437887188861852072e-01
1.168477290327024187e+00 1.550789618331361197e+00
1.464031777937534695e+00 1.285701975193677793e+00
-6.905075469586883230e-01 -1.072002734994202511e+00
9.525973956362117079e-01 -9.744170694239565611e-01
-4.762229789880562669e-01 -1.793976570051110109e-01
2.159345005570112441e-01 7.605708695784437756e-01
1.615662511071141727e-01 -4.056265286926754587e-01
-1.378063406477564756e+00 -7.068374746187829905e-01
-8.180993790468481519e-01 3.327785119399765956e-01
1.938995660711110958e+00 -1.003383487237245353e+00
6.175477536332706352e-01 -1.045390202360991783e+00
1.406259100407880880e-01 1.676118368599685271e-01
-5.688619708498456884e-01 -9.640326583479899014e-01
1.009161578742237664e+00 2.715037592078787809e-01
-1.477880874360050445e+00 -1.406987786127122053e+00
-8.503606392513463064e-01 -9.718538185868872414e-01
2.672095537801377207e-01 4.061255477251679014e-01
-2.159699952473833340e-01 -2.314617992581018691e-01
8.467822447299003796e-01 -2.350802376587059594e+00
-4.437065699730986523e-01 4.400240573940772948e-01
2.121933318655861572e-02 -1.419682804836885359e-01
7.634853606582874264e-01 -7.207003505123087128e-02
5.969225066676944191e-01 1.120926673663152628e-01
-7.690915293108825379e-01 1.344811598923420393e+00
-1.447624589733020661e+00 -4.066881870866324578e-01
4.810418169416655343e-01 -3.936132983424112108e-01
-1.132601665255414530e-01 5.126224100553576912e-01
-1.854315962043267541e-01 -1.107538513293811144e+00
7.408352006115518362e-01 4.794684022707212390e-01
