5.844012892987434649e-01 1.998537115304281020e+00
2.623022367447422454e+00 -5.125453342179492333e-01
-3.760756966717925809e-01 2.743166740358186639e-01
6.517364451228555566e-01 8.668598908019446714e-02
6.833083618584350205e-01 2.171395479223671987e-01
-7.852528682253632208e-01 -1.778329120100146987e+00
-8.361366014387683343e-01 -3.240830544807953739e+00
-1.282364069623770364e+00 -1.045774979180110975e+00
-1.468143090998369038e+00 -4.806980775951290585e-01
2.187127299423565763e-01 2.156675209959935113e+00
-5.713879593540448498e-01 -1.064172152921974757e+00
-8.122079719227733863e-01 -7.752831122673223829e-01
7.629731935800095899e-01 9.763808494076118283e-01
-2.490247961787189102e+00 -8.755470983098363469e-01
2.379079146671476130e-01 5.157303186759656377e-01
7.829149777188824100e-01 -2.229258669869891296e-01
-1.280457669447171709e-01 5.551169730833688254e-02
4.455599943888658571e-02 -1.804356859314213857e+00
-5.744555624919475134e-01 2.127638614490039437e+00
-9.939953061867619066e-01 -1.473667050092964947e+00
4.629778220085862261e-01 3.198328705713832654e-01
5.218740436852613573e-01 -1.247604099737579908e+00
-8.935270175239955481e-01 1.268890499810043204e+00
-1.421286163284198434e+00 1.122420554416871719e+00
4.054364931740832290e-02 1.227968647004056502e+00
-1.225455196337510211e+00 4.478482724082278876e-01
8.560037431255800022e-02 9.652912241785687186e-01
1.667713929639076609e+00 4.914448437997130936e-01
-7.716574517118736098e-01 -3.230984527953926211e-01
7.790570349963614749e-01 2.833177160822394125e+00
-1.082088155503353466e+00 4.918533312007943720e-02
4.692731603803881324e-01 -3.118331925666513182e+00
7.635830302826934757e-01 4.902351798330641941e-01
1.237381591046444518e+00 -1.080811201589365389e+00
1.487553214650136901e-01 2.567909553229005271e-01
-1.282617043918957034e+00 -9.114544422569994531e-01
7.779632302074694916e-01 1.094660553135622383e+00
-1.336113232723257771e-01 7.012362829015584831e-01
5.634252489327203767e-02 -1.948305628192128769e-01
-1.049969235575149984e+00 4.169869786230945286e-01
-1.871501910677342506e+00 1.739201913009094991e+00
1.776449679718070940e-01 -3.437529950571446835e-01
1.093261058699471322e+00 -5.558758923967178217e-02
-1.402048102147194442e+00 6.469539462719505751e-01
1.091113766390321149e-01 -1.038323963039680109e-01
-2.130209554285727724e-01 -9.635024990971955416e-01
-3.042922553000300678e-01 -3.482746602576721195e-01
-6.282212352657714494e-01 5.290005661133477810e-01
1.305938646366766154e+00 -1.948986359686728231e-01
8.283064477062289377e-02 -4.101185805252773875e-01
-1.449875387735495957e+00 1.000197807953112195e+00
-6.514460867679628953e-01 1.334888565392876369e+00
-1.817295116243399233e-01 -1.203003970669423994e+00
-3.618007821887239683e-01 -1.577694779075253795e-01
6.816640899896166950e-01 -2.691595511799077300e+00
8.832570157807975164e-01 -1.173892247661006971e-01
