-1.006166835292497508e+00 1.036811431393997784e+00
-2.133671043803683443e+00 -2.498926952979680927e+00
-9.674692267591970818e-02 -2.513268648327479093e-01
-5.341313030804590439e-02 2.229247718714475746e-01
6.781234630215271508e-01 -3.818436202254359424e-01
-8.021740070117960864e-01 1.261009561025667081e+00
-1.184553153236470591e+00 -1.674095126309300963e-01
6.274316999682562068e-01 1.664577036181897618e-01
-1.812721784211022369e+00 1.011141619254991131e+00
4.984406363011216479e-02 1.411642532468825983e+00
-1.072674886452901655e+00 -1.447141654471230998e+00
-1.888755155849881628e+00 1.476277042341055834e+00
2.029330931783665803e-01 -3.252103530042564916e-01
2.581316334797727929e+00 8.154861065777498919e-01
-9.944022152121551050e-01 1.309106365523658111e+00
-6.068348086909606254e-01 -2.740542201376175435e-01
1.528145003279272607e-01 4.346668000680021793e-01
-1.787779548339292868e+00 1.649989866564957885e-01
5.335208990676768570e-01 8.315343517702028509e-01
-4.068406665355925322e-01 -3.740197519945212545e-01
4.676813493248715980e-01 1.383245666767834448e-01
-1.095342881024979009e+00 1.271238074605443691e+00
-5.112015891760350872e-01 -1.117150476128027543e-02
-1.449980934658593013e+00 3.707768620892916145e-01
-1.848100177451845461e-01 7.255057884799032131e-01
-4.603784089801217783e-01 -6.381622241913519344e-01
3.308339464203699509e-01 5.305779227020909761e-02
-6.672124526087896967e-01 -9.819060901767331373e-01
1.899589879338266174e+00 -5.902830846645898966e-01
4.430011856364202139e-01 2.037650008921639611e+00
5.297652069217907433e-01 1.601315492373053928e+00
6.515987492022162764e-01 1.548701918438906366e+00
-1.380394780672606070e-01 6.254698302745963501e-01
-1.705910458551775033e+00 -9.254143503104913515e-01
1.246122026050671128e+00 -6.531759276531663438e-01
-5.285178959394646325e-01 -2.214540669395228534e+00
2.147374135519358518e+00 1.704858648186970693e-01
-4.366473388239612285e-01 1.490564884440368942e+00
-8.176975138448662195e-01 3.857156519117204696e-01
1.144270675723433106e+00 7.466401863781622072e-01
-8.107428012123134298e-02 1.260680282195366431e+00
-1.826883287220728347e+00 8.532142389199209864e-01
3.900163694369715994e-01 2.128187927140603009e+00
-8.222562818405838581e-01 -7.088925454995332887e-01
7.259364182440649627e-01 1.043672489781109158e+00
2.096930293877307949e-01 -3.684103306786470355e-01
-8.837243118133247810e-01 1.840098795114596397e+00
1.854692588553718824e-01 1.002728469362345942e+00
6.769167241747576780e-01 -1.124337586385549370e+00
-4.650099361464118952e-01 1.747259764432469220e+00
3.640811951454437367e-01 -2.177923820268452479e-02
2.157810711937436510e-01 9.183571751241514924e-02
-1.993758106877081548e-01 1.258194798240216850e+00
-2.277895691959174740e-01 1.632343846366646201e+00
-1.331098122593944444e+00 -1.259100617865706040e+00
1.363945440514321872e+00 -1.381239369865823630e+00
