-1.349834053619745733e+00 -1.483418871270699047e+00
-6.820112480244152620e-01 1.006858631627468359e+00
-5.114031872252856603e-01 -6.289187451940962958e-01
-7.955815333679424617e-01 -3.355699593522370461e-01
9.633392008302238407e-01 6.134864203765506563e-01
-3.352613109086979293e-01 -1.543272541859922742e-01
-2.726193424928488596e-01 2.162179743822276734e+00
1.563402037639302522e+00 1.265663843727767413e+00
8.973044855169683143e-02 -8.018498179258137792e-01
-1.231690510668381311e+00 -2.812538305663627725e-01
1.389332189532326289e+00 9.551031900216587767e-01
-1.625036292268305704e+00 1.176063242161440536e+00
2.078788212543618286e-01 -1.529527580133811293e+00
1.236244968703180236e+00 1.901162795347505652e+00
6.050799601500114200e-01 -2.848367335137557355e+00
-2.232012408690166594e-01 7.072104918627331038e-01
1.161907880747203192e+00 4.591676206274493688e-01
-7.855051626133419118e-02 -7.328163631641049225e-02
8.569500087578574288e-01 -6.276960064975808384e-01
2.102496973371385455e-02 -1.180863226107356223e-01
-5.239356420526308789e-01 8.315741883058036521e-01
1.202995719809944131e+00 3.893839262120509792e-01
6.894131505682532524e-01 2.782044565036478456e+00
-1.423348264091537585e+00 6.845375475263457687e-01
1.069673513906028051e+00 -1.070714822673410671e+00
6.611176091080854800e-01 3.314969074831566886e-01
-1.523036447922630376e+00 1.405173209236893150e+00
1.136875846841860938e+00 -6.094190185366112900e-01
1.237552809076429172e+00 3.199811446096155199e-01
-1.188025799643150693e+00 1.578131361897440632e+00
9.911763040523494661e-01 -4.848685941595506921e-01
-3.193932537720482467e-01 -2.917817596515352441e-01
3.604600092521187404e-01 3.297644789695927670e-01
1.454909970942587893e+00 -7.848220095247472172e-04
-5.313091750396956581e-01 1.421860389664466040e-01
-1.777334441426052125e+00 1.821441206428541904e+00
-6.450144551079102229e-01 7.501831129091472983e-01
1.789604966672507569e+00 -1.074627001620896527e+00
-4.195625471350613589e-01 6.843115853359936773e-01
6.379677332422556413e-02 -1.718268096947841217e+00
6.008540757420979816e-02 1.256431006138218454e+00
3.004224845603579164e-01 -1.153853674908501104e+00
-1.266700574829837667e+00 2.181429455689463559e+00
9.102856050105039287e-01 -1.844114054729113050e+00
-2.143020530976838534e-01 -6.635861228075606855e-01
1.561405676121135011e+00 1.802689391713864220e-01
-2.184566718480357661e+00 9.256941561615377179e-01
5.661823754040132828e-01 -5.199173628945532588e-01
1.269947341527778661e+00 4.350077222236652941e-01
2.010778812601789756e-01 -7.308515688699113166e-03
1.445359090714909867e+00 -3.163295529325880651e+00
-1.068184176808933961e+00 2.851404182175242431e-03
-3.561345240370526466e-01 -1.699114799986634283e+00
1.789373393132657197e-01 9.701693824878241390e-01
8.973394364862717909e-01 -7.758930240932350175e-01
-5.967143651758052836e-02 -9.846002391072092852e-01
