3.038727305379866905e-01 5.080774016598752496e-01
-9.405503078953870721e-01 4.021863827130655045e-01
-3.562683444679770606e-01 -2.479969469146187100e-01
-1.296503846727263598e+00 6.362948368271840183e-01
-2.265529425981590794e+00 1.131677343450432360e+00
-1.068414271182065028e-01 -3.898452575410055188e-01
8.496557955011846408e-01 -9.728775250298978827e-01
1.268899604475732579e+00 -1.670777955335916776e+00
-2.159905557017732097e-02 -7.964303180483270905e-01
-8.692270509274747647e-01 -1.232929412977163963e+00
-6.603027052836909494e-01 -5.565465551496568963e-01
-2.245321994712671243e-01 -9.112067104432062248e-01
2.245041778836238122e-01 -6.323884559288969198e-01
1.153849805391740091e+00 1.690940396859648809e+00
-1.189916473280822062e+00 -2.109896624445366520e-01
1.645380833433413681e+00 2.159252860299823093e-02
1.957780694586886305e+00 9.697725270476893478e-01
2.895855128864234795e-01 6.605273706333726347e-01
7.123865666021224063e-01 -1.138018580686162240e+00
-2.857577147925291494e-01 3.789684111719687221e-01
-8.176724005799770323e-01 -1.287603739812741122e+00
2.807812323486357231e-01 -2.252041738894059730e-01
-1.823260254765134869e+00 8.638707849183769882e-01
-3.886646058608010379e-01 1.297632534894248346e+00
8.794948553219883447e-01 -3.576764983931586261e-01
1.499037425395747025e+00 1.439364372870159503e+00
-1.007915999649451555e+00 -1.282830262002092603e+00
7.238404874184476423e-01 1.302533224996641037e+00
-8.247709565016440036e-01 1.238159414067478981e-01
-6.804137659509754688e-01 9.299433445791764896e-01
-1.261076401991175766e-01 1.990419917445601206e+00
-6.009517099024880293e-01 1.330615923914550969e+00
1.569235505710777856e+00 9.657098321627033410e-01
8.869513611785162510e-01 5.785835476292068569e-02
4.547695569924692371e-01 6.631230717404270614e-01
1.488700500351009870e+00 5.906926192176688295e-02
-8.938544210950970514e-01 -6.674375051822308835e-01
1.322896031479614543e+00 2.562739877816694989e+00
6.751058006837281633e-01 -4.317186292014850435e-02
7.109132479539138627e-01 1.469143830674134010e+00
2.260162349439916341e+00 -4.315741754373052519e-01
-1.546653453656658517e+00 -1.710046604067727571e+00
5.221368853411367805e-01 -3.500573827631426327e-01
3.283090729342688974e+00 6.773079158514243581e-01
-6.325924439981420733e-01 7.790467258519725435e-01
-3.991991676882651781e-03 -1.626183823484667723e+00
9.129652574397144338e-02 -1.760774884472237956e+00
-9.904942849128050009e-01 1.151731875226662094e+00
-1.806871342193544283e+00 -1.027247371198513504e+00
1.162670681001860995e+00 -1.179152697604712197e+00
1.023448415693894331e+00 5.943825705920670055e-01
4.081886333734606742e-01 1.093513031624646636e+00
4.945712337189945851e-01 1.930751057186204100e-01
-5.839313988302510250e-01 8.934700240644971592e-01
6.657551283010663123e-01 1.014046869939183804e+00
7.375006479680057403e-01 2.493355731936071074e-01
