-1.438144998039186717e+00 5.180142775654630327e-01
-1.460651268329096641e+00 -9.102137059744827008e-01
1.407680225610514535e+00 2.151254512448804057e+00
9.483995717654225555e-01 1.958742605646468793e-01
8.643794442256579336e-01 1.214660811823371489e-01
-2.902203385710118710e-01 -8.814828414828133063e-01
-8.476484038090163764e-02 4.255631684937360992e-01
1.934464056419010758e+00 1.160281372469922079e-01
1.210476865700397919e+00 -3.588112285388025957e-01
-8.226309944400549412e-01 4.214945866228138605e-01
-1.054348818237439200e+00 -7.846918007619643198e-01
4.026794696321285283e-01 -2.745725809635464199e-01
-1.837070680229325514e+00 -6.026219348068356796e-01
7.262758595775464787e-01 -6.989661295990207135e-01
4.575736493421390105e-01 4.356936008809121352e-01
1.069877990047803928e+00 7.947232703831146328e-01
5.058647496778877484e-01 1.816528208173458836e+00
-1.743452689148493162e+00 1.647384173372638205e+00
3.398667146575882758e-01 9.490383506009961723e-01
-1.808038398507976430e+00 -2.381312065676806644e-01
1.029456154937017365e+00 -5.281051004864760756e-01
1.943395599478133784e-01 -1.244653428894826774e+00
-2.523998975705793457e-01 8.984683124946023502e-01
2.340587160056092908e-01 -7.168378288737849990e-01
5.820546970465301229e-01 3.418038207430222908e-01
-1.172354297048413763e+00 -7.616986971989914146e-01
-5.101771733553499555e-01 -5.390922125742366733e-01
-6.345174387165556373e-01 -1.263118701771087649e+00
3.551108325660980447e-01 -9.471715708976585768e-01
8.594053038662958777e-01 1.285098865547897429e+00
2.772065379958155718e-01 1.261308141471866096e+00
8.932859825785021135e-01 1.435793497572698696e+00
-2.550147345286435940e-01 -3.287465118398491537e-01
1.801599230104313110e+00 -1.468175565494737933e+00
-8.999172202490380856e-01 -9.209025160664305321e-02
-9.882364202737895301e-03 9.941176081305834744e-01
-6.086395691127787222e-01 -7.505205828611792584e-02
8.051865086280608486e-01 4.084653661390927337e-01
-8.413391126834945943e-02 -4.578745470230748960e-01
-2.644770330460444185e-01 -7.400616768506211862e-01
-1.889855623472669888e-01 1.729267006698952169e+00
-1.169000532411307969e+00 -4.484348870764704453e-01
3.968586019462712056e-01 -4.530103595656407856e-01
1.738602002395436052e+00 -2.291045683334692884e-01
4.863926869987070245e-01 7.363115403332798348e-01
4.937446543422024381e-01 1.022858667484876749e+00
-1.723143799127575537e+00 -1.494303583989400108e+00
-2.657171768846131044e-01 -7.863475633445777824e-01
-2.834872868447350647e-01 -1.951458829032718875e-03
1.731816133966867233e-01 -1.395078378141262121e+00
6.757884573287149532e-01 6.608308154699081838e-01
-1.440579937720025461e+00 -9.354447005390376102e-01
-1.028352865338413968e+00 1.095905195809345894e-01
1.839918033671356312e+00 -5.240892167093984533e-01
5.230151422916612391e-01 1.163279514484950004e-02
-7.089228218223245226e-02 1.672109593959136165e+00
