1.367835251129096541e+00 1.823264490032862617e-01
-2.732069542544768748e+00 9.498087405206057099e-01
1.196311555881721000e+00 2.194934687086402270e-01
4.049772972192288711e-01 -1.306634622560899073e-01
-4.718524656486369762e-01 -1.614012697008009978e+00
-4.607654410512243004e-01 6.850623851757182692e-01
6.015972117394248198e-01 -1.304196039265099749e+00
1.405243486673451336e+00 -5.232582546936679346e-01
2.020926647574759760e-01 1.088399368185228644e+00
-1.107893212739233135e+00 -8.567773351397137693e-01
-6.140853977160737331e-01 2.081742029537614336e-01
-3.254351820298701514e-01 -6.619531275734237274e-01
1.749172536548698753e-01 1.370071724274712022e+00
-6.239739584282277818e-01 1.954746155257552021e+00
2.279832418938634309e+00 -1.306177386042470356e+00
3.431882721199803754e+00 -4.131837283922757953e-01
1.947749447127705480e+00 -6.052881098275642024e-01
-1.039144614567647507e+00 1.069945141520617593e+00
-5.715414310937739772e-01 1.035492009951334835e-01
2.311138989447454328e-01 -6.387672872463926455e-01
1.555404238613299794e+00 1.395581214131016212e+00
9.789265429713070454e-02 1.460737389890560123e-01
-4.300722195036135731e-01 4.531109317488484778e-01
-1.684874443762449658e+00 3.241728004691281084e-01
2.111206630989882260e+00 -3.329073932132566860e-01
-1.507859466618423960e+00 -1.006825078700460230e+00
7.017871171165245281e-01 -5.922635642946143530e-01
-9.434788488326174560e-01 -7.716430195693743110e-01
-1.283521177337025643e+00 1.096184587060974325e+00
-1.232586478067810853e+00 7.095605737965481746e-03
2.066921344372446290e-01 5.407216183140561849e-01
3.799940449364446193e-01 -3.089470286658785869e-01
1.263508164180669469e-01 1.737725139896798554e-01
-4.342347680350400752e-01 1.871714549315733334e-01
1.295980248514778443e+00 8.641532056027937392e-01
2.643915768433885427e-02 -1.011207159688954471e+00
5.670422846472062961e-01 1.026765312550651954e+00
4.130839781507206765e-01 6.975665786848229688e-01
4.792248614994518707e-01 -3.973453988462408715e-01
3.351010479138267772e-01 -3.007591877259834234e-01
-2.609682111938132487e-01 1.631122446544500448e+00
2.769498420349899792e+00 6.665860607934195325e-01
-1.593363130772683101e-01 -5.823675131813286221e-01
-1.070047776804926125e-02 -5.583847867942023369e-01
-5.501459539780849672e-01 -1.041881234528920647e-02
-1.199336883740109050e+00 -9.487381157854561653e-02
2.877475571376308938e-01 9.369387419387696925e-01
-2.760303758783734795e-01 -1.672017190564195399e+00
7.510233178712214519e-01 -1.450929788351719152e-01
-1.563857299283896607e+00 1.208281438900653780e-02
2.175935297427811665e+00 -8.399269814004318713e-01
-2.099975183762096964e-01 1.082110354091286419e+00
1.069323085481115321e+00 -5.863086897031537514e-01
-1.545933833499861798e+00 1.597344043259827928e-01
1.747696895551918095e+00 2.307025297052176072e+00
-1.311225417616354305e-01 -3.183620870697315697e-01
