-9.031394764900239069e-01 3.724064073548453147e-01
1.117335758956327307e+00 -2.559505722782829396e-01
1.899171959055763470e-01 9.779885948321172251e-02
-5.579606411379168379e-02 1.890257260129259320e+00
1.147663294006790735e-01 -2.859362466551615967e+00
-1.393257938421530007e+00 -1.276258185747603191e+00
-1.191565669518184878e+00 5.189869294370422770e-01
1.307181445455983804e+00 2.908022754861597781e-01
-9.277670843580698712e-01 -9.395212822443803624e-01
1.944422627644644352e+00 2.663535453244898488e-01
-3.366844425372783056e-01 1.723910075552197663e+00
1.582652691113296983e+00 1.505562784374659957e+00
7.207633425823775086e-01 -1.001616548811814722e+00
-1.437531372970604626e-01 -8.368198244206210834e-01
-5.662889272516267170e-01 -1.458078894536082082e+00
1.569737356913217141e+00 1.763509043657076392e+00
2.070277577205998476e+00 -4.244931175874219059e-02
5.507821170181844694e-01 -1.624037619866701976e-01
-8.796041865704133933e-01 8.525881342622617654e-01
-1.258388132211595956e+00 7.844437789015410445e-01
-1.649914676586180518e+00 2.353229965465840845e+00
2.826061521768770679e-01 -3.676665932306684703e-01
-1.288690975785699300e-01 -6.580694275309461050e-01
-6.976483257634325452e-04 -1.631045283256900569e-01
1.341128375490053815e+00 -1.104962705791810773e+00
2.337082054299097489e-01 -9.160444873863096138e-01
-6.131778590926796335e-01 -2.914942285954299495e-01
4.279259990732859897e-01 6.381118890320506276e-01
-1.322136975546732041e+00 -6.585483627781668625e-01
-3.407113902039607956e-01 2.608307438008801160e-01
6.678240726667009630e-01 -5.764760772329744487e-01
2.775785756288245976e-01 9.626085285187024887e-01
-3.051082350582893371e-02 3.159427267065622602e-01
-1.559940817972198746e+00 1.042870982994402285e+00
2.181665694167573832e+00 -8.075738538835293134e-01
7.594543591317333420e-02 -1.083229274850763479e+00
-1.780009649489222578e-01 9.952868192600445862e-01
-9.074102873735226948e-01 1.046138121917172814e+00
-7.621727760349141789e-01 8.532926569694205821e-01
8.556193946860942701e-01 -3.716715683351716759e-01
-3.770178939584694633e-01 1.029402178395938394e+00
-1.674880474719959711e+00 -5.148142012324172789e-01
9.189716806546740502e-01 -1.741187205916535363e-01
1.021788661054931824e+00 5.425930514352980127e-01
-3.097770804622863028e-01 6.142694332534893720e-01
-1.223026530690379587e+00 6.520653827969330463e-01
1.200760381668849019e+00 4.536750489249927742e-01
-6.281309615787692424e-01 -5.141611936583779796e-01
1.852607717975444379e-01 3.506995790987267880e-01
-1.653887507515088839e-01 -1.023314448238129115e+00
1.404492179137120378e-01 2.245305278765024948e+00
-3.351995444786128320e-01 -8.087239126281240420e-01
1.531643928333983773e+00 -6.172037320350391987e-01
-7.725882136877031403e-01 1.309049634253526495e+00
-1.006172336598055272e+00 1.610006310706219912e+00
1.077816342333387967e+00 2.031415522335759505e+00
