-6.239444129208979728e-01 -9.890767410871570409e-01
-3.526525699408591258e-02 -3.391978955322577094e-01
-1.314606710851063398e-01 6.370367703857312547e-01
-1.000237499730980417e+00 -3.035412579159640356e-01
1.296200805617097718e+00 1.874010371917376405e+00
-2.416841813777022285e-01 -1.620523463671199815e+00
-1.066416976581411991e+00 2.932588743343478854e-01
-8.275533361327807036e-01 9.200772933336520687e-01
-3.751655613984842264e-01 -4.788286334993826499e-01
1.158673716162580636e+00 -5.080178616813008086e-01
2.656926409497555319e-01 -8.923278073305993541e-01
1.792142161338595052e+00 1.909305983683179941e-01
-1.018753432205668163e+00 -6.222350147770737694e-01
3.764796823729387731e-01 1.927010696643656651e+00
8.075836784396517309e-01 -1.219224942421884977e-01
-7.077610945873323567e-02 1.353889101980800813e+00
-7.965556949330816483e-01 -6.571115057199540255e-01
-9.331320404554857006e-01 -4.797797894150099274e-02
-4.612889279442238810e-01 5.391447507367923553e-01
2.449142186491503059e-01 -1.799998419190235524e-02
1.854116391050196988e+00 -5.914826748045941551e-01
1.197200314724355286e+00 1.181645098128340399e+00
-2.793510372627696081e-01 1.812226745591076993e+00
1.575523724707672546e+00 -1.793012661293502674e+00
-1.527892275802881006e+00 -4.962977559641375547e-01
6.825114358009732873e-01 -2.792343996445811882e-01
3.807747927853382119e-01 -7.003178000376815149e-01
-1.280325877040281224e+00 4.525211576679465386e-01
-8.698213186459541335e-02 -1.210995373963773547e-01
-1.870656163952501561e-01 -2.285583210034358714e+00
1.146106677008245978e+00 -1.446430722882867892e+00
1.575297425423826558e+00 -1.456741448334372135e-01
-1.755287601387369167e-01 -1.114313070098772895e+00
-6.752328758931067654e-01 -1.932357938528631025e-01
2.149642227143130135e+00 -3.982982122384705059e-01
-2.023413265443494702e-01 9.601468012942953045e-01
-3.980452974937523369e-01 -3.700102695274005288e-02
5.380533144762716935e-01 1.912257537252948891e+00
-2.472965440419182814e-01 9.708698315961963865e-02
3.860759530453320987e-01 8.248807104400156520e-01
-9.989154833206155271e-01 -7.478915362377565046e-01
-9.954108754097984457e-01 -9.311870115199069042e-01
-2.055013456640000236e-01 -1.149262361282764155e+00
1.103144638288704876e-01 1.311290795646235852e+00
-1.327720290241547030e+00 9.031286482789008252e-01
6.952911336940508225e-01 -2.036467294403644601e+00
-1.296055656455615157e+00 -4.160675429259991231e-01
7.235243244532520990e-01 2.840665547823334469e-01
1.762561293681825569e+00 -6.024795093102731647e-01
-1.440152548056045756e+00 7.034749941866820233e-01
4.294863586486687146e-02 1.083457511691303221e+00
5.199690403405289318e-01 -3.512281867830293614e-01
-2.930245466666281384e-01 -3.418962435608500217e-01
1.538097184629187542e+00 -3.068417290273456333e-01
-9.763384703363058303e-01 4.851160302369262878e-01
1.111600073863975080e+00 2.945842135779476179e-01
