6.718907196342683852e-01 -1.158783961590662992e+00
-1.781339357982511418e+00 8.486653992334672325e-02
-2.230540639525129709e+00 -1.153010637864306132e+00
-1.211466582152307847e+00 6.244418727278565617e-01
-1.384695028698552655e+00 -4.545641077377936545e-01
9.172170617221060418e-01 -5.185159738768123638e-01
-4.720513912843866122e-01 -1.109676223455701383e+00
-1.075500993122526561e+00 -2.899205025325071738e-01
1.652718039426691821e+00 2.529377981539379094e-01
-2.671371033783406096e-02 -1.855988457124799762e+00
1.008285212620555482e+00 -2.966250281401428546e-01
-2.610182531104202397e+00 -2.084624388862126865e-01
4.133128995274816808e-01 1.833576592264731797e-01
-3.544697243802670816e-01 8.200620525826105567e-01
-5.103680290159348099e-01 -1.353265888093317271e+00
3.359171160719242599e-01 1.167220832446977941e+00
-6.324450846178605312e-01 2.954724449961712018e-01
-4.434901745134244289e-01 3.021831707572134817e+00
1.155397902237945917e+00 1.242242318905391496e+00
-1.423835754408083298e+00 1.001877527619232655e+00
1.355446473102725202e-01 -5.365129741143594977e-01
1.926066010921737792e+00 1.745804011966437752e+00
5.346668149367992395e-01 2.097203165150911541e-01
-1.773170747466929154e+00 -6.744262059627903483e-01
1.948154146926498020e+00 4.067226384341018908e-02
1.568737058016313357e+00 2.177764765794619084e+00
2.997745609260412114e-01 -1.391659991476855929e+00
-4.643689672220729370e-01 -6.552863737540627342e-01
1.000465835324876318e+00 9.606154321187931888e-01
9.520954582692557899e-01 -7.021972262721438707e-01
1.531445302687405308e+00 3.315095431566523754e-01
-1.187973743468779597e+00 -3.527061684673312714e-01
3.311228655346220573e-01 1.481544768050899741e+00
1.638410566763101039e+00 1.385012510779520589e+00
3.930686788162800482e-01 5.830681565531212751e-01
8.589725029609760476e-01 -3.928389184993479888e-01
-2.190767832380244418e+00 -3.669233570362374630e-01
-1.345539402287606601e+00 -1.078519843890148877e-01
-1.496386015679108006e+00 -6.698474286982102344e-01
4.537200318090968132e-01 -4.459338618608824634e-01
4.335503030376184341e-01 1.430112785852923896e+00
-5.918617738814233586e-01 -1.684037516087444342e+00
-1.010037606331350424e-01 -3.348703571639845555e-01
-4.051167353752409550e-01 8.807302570194801561e-01
9.404594619905464192e-01 -9.451991070958144503e-01
-5.995035066156380044e-01 6.243944891736393776e-01
-1.558256652570210177e+00 -2.366914738782085248e+00
5.461533617874683166e-01 1.468589412446569265e+00
-2.490483824523162804e-01 -4.730971404893688503e-01
-2.408287279020619454e-01 2.136674564023002709e+00
1.081746865633029131e+00 1.175183014697992023e+00
-3.063755734711315903e-01 -7.570499414435130636e-02
-5.653866677126844625e-03 -6.479430663367947707e-01
-4.093338552581071155e-01 -4.586728466343342747e-01
6.211534634187897419e-01 -2.392274173575042184e-01
2.474866917020768220e+00 9.385011866922423618e-01
