3.727399080905052786e-02 -6.767575662546357895e-01
8.731645721759693224e-01 -1.505381920394676332e+00
5.730469229029723222e-01 1.370211808918399887e+00
-7.854450697805902548e-01 -2.688751378684781201e+00
9.071532471274101894e-02 4.194470969741677657e-01
-7.733631474992223032e-01 2.106991831323508646e-01
-9.909871274453835310e-01 1.289170560431342372e+00
-1.935521768518989827e+00 -8.784591729855684150e-01
1.227340685469944903e+00 -6.180782741735760255e-02
1.326153128873242881e+00 -1.515997351971043905e+00
1.405857824466143713e+00 3.054347024384765352e-02
6.524311528387628512e-01 5.149393928918355456e-01
5.030459453101354672e-01 -5.040027148641098576e-01
1.763469636475834545e-01 4.717353259039657187e-01
9.643773482458947166e-01 1.117029443065347127e+00
2.110451800185098037e+00 1.922454786055269205e+00
2.744032412074307592e-01 -4.376188473614494034e-01
-3.286243843689146682e-01 1.675465349236222812e+00
1.001646081914270292e+00 1.879998962792230444e+00
-3.534478033688681631e-01 8.076724399885668593e-01
1.642618550078038808e+00 3.523654583956764563e-01
1.615133892327706322e+00 3.268238663865420390e-01
-7.853343458571108160e-01 -2.512324462215003718e-01
-1.536997283652006274e+00 4.274817158488173896e-01
5.723890698186516746e-01 -2.811835414488536578e-01
-3.408370986821813997e-02 9.078072223117126249e-01
-6.479485914032171445e-01 -8.381800799062931739e-01
-4.563597636233039379e-01 -5.335032096992055051e-01
9.173537395891704360e-01 -1.539473143419124446e+00
4.675887378625883106e-01 -1.616080682847682581e+00
-1.035713983667554849e+00 7.714859776101373745e-01
-6.217904720206116065e-02 4.754952782393687127e-01
5.735988805695602100e-01 -6.266905584244208960e-01
1.488600274430849524e+00 1.084121821694381677e-01
-6.800437235677980752e-01 -2.141652783345718181e+00
1.370656039446773944e+00 1.753912279397932705e+00
1.332134700728927701e+00 3.270045089268931449e-01
6.628597297093461460e-01 1.871606531858441003e-01
-5.451114986824467934e-01 -9.807345426011838674e-01
7.338447489410668267e-02 1.770252902372070558e+00
-1.253361773548312241e+00 6.102578880129767569e-01
-8.821891459199998620e-01 7.267921109143983260e-01
1.358652447646284400e-01 1.257160113039676563e+00
7.535894582916870255e-02 4.406403217804163303e-02
1.835519684847230493e-01 4.809742714533471464e-01
-7.004122081629933494e-02 2.966349678862736927e-01
-2.991916141880875957e-01 9.742665135782597741e-01
-4.938708868805278818e-01 3.258582987578464429e-01
1.846580407772671073e-01 2.655943520986153161e-01
1.668136124497767048e+00 -1.860142302636528910e+00
-2.084381771151680995e-01 -6.130255998812695895e-01
-1.187143189224805440e+00 1.931322519153354511e+00
-2.246226151783498715e+00 -1.187855849160930566e+00
1.386696034788414134e-01 -1.386094513861099831e+00
2.084027025903788299e+00 4.203922593931269658e-01
1.551093037019986021e+00 8.908186029947540163e-01
