2.460349531267785217e+00 -5.786306743249393092e-01
-5.280480394730081850e-02 5.535786866914336191e-01
-8.415726302355612809e-01 7.096636166516897548e-01
1.577491399538868855e+00 -1.079108353490382921e+00
8.686559155566289658e-02 -4.633749693212514398e-01
1.726398423100142576e+00 -7.829572307397789643e-01
-5.874849753426779619e-01 3.889362831187108682e-01
3.143500750188784471e-02 8.975898049395731881e-01
4.081241887983347305e-01 -1.013764954331696666e+00
2.748310161403347274e-01 6.165008818500304910e-01
1.102933676156024001e+00 -5.625205431846694859e-01
2.503737631749382242e+00 -1.918014559334994873e+00
-4.945541665755223693e-01 4.620285313018098194e-01
-8.507380471981670911e-02 1.022261166133234145e+00
-4.690726083339676333e-01 -1.539771841309615752e+00
1.308003360241693391e+00 -3.672461842292530920e-01
-7.771481119444511032e-01 -3.587963561240734567e-01
3.905837739922476404e-01 -4.482132239255861017e-01
-2.967396586539173264e-01 -1.295263295752041577e-01
-6.566411162468811513e-01 -1.363481310993781115e+00
-7.026085262586708735e-01 -1.599735473093781613e+00
-1.499825577957693223e+00 1.180815344587117788e-01
5.643699751922628405e-01 -8.216086931937264248e-01
-1.165384800669394760e+00 9.509347332704596312e-01
-6.907624789086582728e-01 9.002028473706418232e-01
-2.484308018628646475e-01 6.999681750294701743e-01
-1.181225501678294654e+00 9.576186891011050362e-01
-2.286582242887792993e-01 -2.715729012505231910e-01
-9.254323528730239445e-01 2.970290454912055900e+00
8.807365648938846325e-01 -1.313944252437925786e-01
4.145137352273083886e-01 1.182900142207967686e+00
1.229972159089188333e+00 5.469400170381337745e-01
-2.094486876273382592e+00 -1.735787319698926245e-01
1.134761046732822631e+00 3.534915975022006052e-01
-1.687539329159813140e-01 3.950822202977764819e-02
6.714277311040511842e-01 2.125654056635335021e+00
-2.320331422779103592e-01 1.653578936462553273e+00
-1.856622307713216680e+00 4.983990510607110846e-01
-8.180528111992538820e-01 -8.989844007959519878e-01
-6.639620208926991785e-01 4.721894808841108349e-01
-4.567232901033260184e-01 -1.047247145589589035e-01
-7.771010772628245133e-01 -4.950064702735881839e-01
-8.890168637691204800e-01 -8.916870653463633278e-01
1.948912793270467070e+00 5.391822674560110551e-01
1.985151626565079486e+00 -9.746409687693490254e-01
6.338935418697033697e-01 -2.073482533058990551e+00
-1.572967468880838382e+00 -1.254999664295390227e+00
-2.814390640762121643e-01 4.700511414134589394e-01
-1.230682438701406582e-02 1.229152056152965633e-02
-4.530293006836415559e-01 8.817699095020949951e-01
6.906225243294852878e-02 1.081239881931017388e+00
-6.916326507263941270e-01 1.154552880439000395e+00
7.738464993140903303e-02 -1.051464451182334559e-01
4.311427648837912185e-01 8.916253352829255352e-01
-2.848908972903349546e-01 2.184016999316980900e+00
5.413980654609437115e-01 1.071255500187870968e+00
