4.346440878326535695e-01 -9.586829349121077648e-01
-4.569610892097247246e-01 4.639578445891378577e-01
7.756366848919999182e-03 1.147928198255660170e+00
-3.718046298706870201e-01 6.316124325460557021e-01
4.041606941437934086e-01 -5.102403930640361240e-01
-1.028186509856781200e-01 4.353208233786411974e-01
5.445217618359969869e-01 -7.796691284993193527e-01
-2.483752260644261356e-01 5.145055855108277010e-01
-6.406034325671908780e-01 -1.276138225267428705e+00
1.658089242485729420e+00 1.936002235743357683e-02
1.108433083562089527e-01 2.082092537853495351e+00
9.168423462294641446e-01 -8.960889477244573520e-01
-1.359803867966799862e+00 1.074069808909702967e-01
-7.902933908258549245e-01 -1.913782697149803980e-01
-4.535999130300478743e-01 5.030714990988786051e-01
1.002865700480022992e+00 4.828096842249762072e-02
-9.581771187676598744e-01 5.168530142310420183e-01
2.348535421049351701e-01 8.801678834332603563e-01
1.217999332404700930e+00 1.095464774394010743e-01
1.231825457652684142e+00 -1.520094723062236586e+00
-1.532286696699933337e+00 -8.321193075284575302e-01
4.005049541854349693e-01 8.478267839378567094e-01
1.566177051866642467e+00 1.885392126612846386e+00
2.220502365784104981e+00 3.320324945694883567e-01
-8.383232505983874150e-01 -6.369688365986696521e-01
3.496879783880146308e-01 -1.016184958934207128e+00
-2.033092353207283765e+00 1.381510349335661747e+00
-1.118919393228053449e+00 -1.296891939388904458e+00
1.215014520745766546e+00 6.745864173329528812e-01
-5.883557322714563220e-01 -7.848602144063628883e-01
4.146236787476485497e-01 -6.773832503536112437e-01
2.414539624853198618e-01 1.255191666611092660e-01
-6.112284383968418222e-01 -2.365896908011407007e-02
-1.353186072719097799e-01 -5.973172786169221871e-01
2.325799636655151659e+00 8.215068902048197064e-01
1.210657233609505834e+00 1.247577135607980531e-01
-5.138112960250705852e-01 -7.056844839082210274e-02
-4.004253592548012719e-01 8.623304764405963496e-01
8.575076576181870358e-01 3.234687902896061229e-01
9.986259269342907807e-02 -1.042025112903018497e-01
1.517570424248618211e-01 -1.865424768579764025e+00
-1.150569306333315556e+00 -8.606065349503300155e-01
-7.115937185741479931e-01 1.858066000828522135e+00
5.415617104440296758e-01 -1.589159112860818901e+00
9.669331841001627126e-01 -6.888076228762702868e-01
-2.979321055450557809e-01 1.704734641257852568e+00
7.244846776387364219e-03 -1.165317733560698565e+00
2.268272493124949829e-01 1.006482581178744645e-01
6.293438736930215827e-01 -1.190862595434725391e+00
-4.669007304817969495e-02 5.968432591223398198e-01
-5.161186067158053392e-01 3.840361253328058999e-01
2.915496532017911036e-01 -1.569283549320252380e+00
-8.474590611417520680e-01 -1.357202041202300036e+00
-6.977438831612011727e-01 2.486262533268243369e-01
-4.353119925787384270e-01 -3.148191593406929889e-01
1.346022335266184866e+00 -1.965646783546163567e-01
