1.527435736286909818e-01 -9.258950981627804833e-01
1.151511827183621384e-01 -2.154159799110153095e+00
8.577900079804690048e-02 1.964223820068867754e-01
1.472672407704913367e+00 -3.946225191677014271e-02
-7.060456850861500655e-01 2.182680934696645120e-02
-6.306105754513442463e-01 -5.599679458896587025e-01
2.534117653954476523e+00 -6.653598656452092142e-01
2.358499476682927920e+00 -8.599695149845701936e-01
2.137507446619006046e+00 -6.847464938775885690e-01
-2.108381312602473301e+00 -5.702803301827509275e-01
-1.025228368505740617e+00 -6.906718779555396370e-01
-6.762111920858705771e-02 1.054186244285152813e-01
-1.475887391935214232e+00 -1.242913571745501017e-01
-6.995130329993599627e-01 1.527656849930101313e-01
-3.980275990280128240e-01 -9.605284320344242843e-01
7.495330384714177230e-01 -1.458904122901547140e+00
-1.153185497203034204e+00 8.608276277159844225e-01
4.973874015096650947e-01 2.683832071420522603e+00
-4.456213326620556137e-01 1.083939989223146716e+00
-6.776756582559058106e-01 -6.024611948159585006e-01
-5.224698731600024154e-02 -1.893442880748555934e+00
-1.399813286133096302e+00 -1.805301288139983917e+00
5.580780930778960203e-01 -5.605770447687303815e-01
6.623936560549491259e-02 -7.186917435544777355e-01
-5.489934951800257146e-01 9.723868718482739371e-02
1.391745735273641538e+00 -3.002568029338740715e-02
1.854713004827764466e+00 1.042119045967181190e+00
1.070108272454421694e-01 4.653958391258183336e-01
6.400910700059978531e-01 6.901884391314093703e-01
-3.294313333424921941e-01 -2.168006092155104980e+00
-9.364668570928940117e-01 -1.979715677095992499e+00
4.313284777605423947e-01 -1.174523247344156696e+00
-1.598049264225554156e+00 1.096094533047596187e+00
-1.088350037162476358e+00 -9.936009480521056370e-01
-4.110501982861424208e-01 -5.724920638239011650e-01
-6.007452253169572876e-01 2.934864144432938193e-01
-9.023906436528009722e-01 -7.789099084613745339e-01
1.112799484281682627e+00 -1.045982354386824742e+00
1.425132601706240676e+00 1.413056290028509021e-01
-1.230392152801766725e+00 -1.773527175225856789e+00
-1.683481309327486963e-01 1.221610095811984209e+00
7.113107894165222600e-01 1.756329181262336336e-01
-1.028224098988760771e+00 -1.778948111282390832e+00
-6.478542679867813625e-01 -1.869227104631069336e-01
1.362407673801550700e+00 1.167238245078807690e+00
1.456945266539144690e+00 -6.888300450632476313e-01
-1.909935236632221145e-01 1.189606177474984872e+00
-5.406876178581025982e-01 2.225813430034071783e-01
-1.240044866586532901e+00 5.209338517504261690e-01
7.819743743433944516e-01 -7.254450630886385420e-01
-1.051612999311294372e+00 4.007046404100885612e-02
-1.429748205052435717e+00 -1.101583705858628415e+00
-1.355622010971577973e+00 -1.603990188969722341e+00
3.265329551131420649e-01 -1.094991006803654604e-01
-8.701794482327837588e-02 6.263883028074664905e-01
6.340904481145845928e-01 -9.107745653442118616e-01
