-6.301826843478067763e-01 1.966713205323672220e+00
-7.164649697225667913e-01 -8.724646005910736690e-01
3.480832418686818364e-01 6.923226399281574572e-01
-2.885670294336220909e+00 -6.501371622196356892e-01
-1.661866547476395395e+00 4.728614278532849435e-01
4.299443682918069332e-01 -8.916195349812980897e-01
-6.096099700362863638e-01 -1.583660993100356906e+00
-1.183969059073307406e+00 -3.553525683340781338e-01
-1.350989370254062072e-01 4.789146828768420239e-01
4.732186570336777143e-01 -1.404865149074538966e+00
8.207762032047886125e-01 9.339029250101885116e-02
-2.095936157429581392e+00 6.980325922505504765e-01
1.845191168526455205e-01 4.875536660646463683e-02
1.161375577481360999e+00 -1.664498377667395501e-01
-1.532806673209998971e+00 2.167052294717590311e+00
1.181905835944872390e-01 5.753181014856515452e-01
4.954299420804567644e-01 3.203437530822412227e-01
-6.941543014926715438e-01 -5.927911304719327701e-01
-4.561203432250923173e-01 3.053205498359677361e-01
-1.196878595444733490e-01 1.324792134567425173e+00
-6.495475978352328594e-01 6.663463440755843514e-01
1.648174320007662619e+00 -5.359634717399802684e-01
7.223820519659797101e-01 -1.658897607083241188e-01
6.454619917501385196e-01 -1.330614123096857337e+00
-3.353087750372912845e-01 7.304479072454741484e-01
-1.891768984934853570e+00 8.998974395099044177e-01
-8.748348756393694581e-01 -5.123129367633587616e-01
4.831682230641796971e-02 3.068482040544934231e-01
3.166952361506927272e-01 -3.312602431099719857e-01
-4.552423646752212227e-01 -6.891808323597901076e-01
2.630138351047568990e-01 1.200717197596749664e+00
-1.538349467447075014e+00 3.717570508590525291e-01
1.112432072828502427e+00 2.305023188827797220e+00
-3.993371535495038316e-01 -9.164017519927314392e-01
1.318293991318268299e+00 -1.439984179487492133e+00
-1.498305722786178462e-01 1.298824106461417660e+00
-1.860445616117922363e+00 1.257281581198673948e+00
-1.768835544588931788e-02 5.838480957613702976e-02
1.954823784315367630e-01 -5.729446987217141629e-01
1.832725327983487196e+00 -2.086483765974504578e+00
-5.196150860279795669e-01 -6.187016439637844645e-01
3.477634982476526249e-01 -1.585451795811351428e+00
4.038157731755189772e-01 1.103392336458294265e+00
-3.340199233733402440e-01 1.310189434124980679e+00
-1.236395369520228993e+00 1.790485646896684102e+00
-2.796136383881392407e-01 -7.057188845557199608e-01
-9.890517175345954204e-01 -4.661320647886049717e-01
1.461678065828579953e-01 2.198653106411477820e-01
1.228145300682497609e+00 1.761631174814761169e-01
5.700729035011028456e-01 -4.773415437300981834e-02
6.555565059977445097e-01 4.240237417953551802e-01
1.018048663867804869e-02 -1.433599911921760617e+00
1.257189034526322136e+00 -1.419946633073456477e+00
2.687474483452082508e-01 2.228831251851481010e+00
-9.492673111165137456e-01 -4.005918146077089848e-01
1.816079716164046953e+00 8.796449539888732128e-01
