6.989148507421559797e-01 -1.207794004898914197e+00
-1.013019127665148345e+00 -1.815655577373286089e+00
-1.772897329941032885e+00 1.493420312897490776e+00
5.208124037740188284e-01 7.231250389146249846e-01
-2.968161565022405135e+00 1.435240216683421055e+00
-1.053930337425996511e+00 -8.048567050022422675e-01
3.187283496326563936e-01 9.268468465051510341e-02
-6.958945790717940838e-01 3.594178694793384032e-01
-1.179083116545659671e+00 -5.179031430893419330e-01
3.982564495478591593e-01 8.116883360545312787e-01
-1.398680239353882193e+00 -1.363407962869797707e+00
-3.747460197977421914e-01 -1.223233340817146075e+00
-8.903152820756731201e-01 -1.050858111355410296e+00
-3.833509608282710812e-01 -1.781268750216665087e+00
1.369917342892353618e-01 -6.263016739423956647e-01
-3.127338476489490149e-01 -8.710557513978155475e-01
2.391008408730930790e-01 -1.249101321119532537e+00
1.747850404014412051e+00 -8.921186875154607510e-01
8.652485550925872460e-01 1.436474873834014065e+00
2.080079047068963405e-01 4.104174088284182620e-01
1.114089328684866320e+00 2.055360756952840262e+00
-3.602415571479154477e-01 1.916713242024925989e+00
-8.448167054429828182e-01 5.081305703133334739e-02
-3.435528125676415301e-02 1.420112647676763817e+00
-1.033653718054806214e+00 6.519709631349559498e-01
-6.509087022616479867e-01 -8.507608871396656891e-01
-1.181336891152255486e+00 3.220925957951239482e-01
5.706976525055194038e-01 7.189494064607786505e-01
-2.842977860686321523e-01 -5.341621948578655354e-01
-6.376523504954750843e-01 -1.135822426337175006e+00
-1.027472013072435963e+00 1.365644423897504955e+00
2.633085739196538988e-01 -1.320170862205826134e+00
-3.208136194865010560e-01 7.278377269316749221e-01
6.796120958272050538e-01 -2.467819278549384654e-01
1.880541474693442794e+00 -6.266502714838216581e-02
-1.901732914093041266e-02 -1.160372879970082705e-01
-1.442213212031917102e+00 -1.014509604036648582e+00
-1.551649984721634457e-01 2.315333243511056571e-01
-1.935422154330450895e-01 -9.707677327078111373e-01
2.529102150214375122e-01 -1.044688952648072489e+00
-3.685854045597692918e-01 1.564573091711497277e+00
7.972346890895121163e-02 -1.995779349586483287e+00
-1.030086840343628907e-01 1.850014240530046816e+00
-1.469185975575078240e+00 -6.924676190363863830e-03
1.377542119817210420e+00 2.166830598792718332e-01
1.269452422129901725e+00 9.726273169096310012e-01
-1.898102054140940464e-01 -2.548616981831383077e-01
2.416339991896516270e+00 -1.207906423915280580e+00
-1.191125392213937983e+00 5.785960516904948836e-01
-6.649375385441971265e-01 2.876966804165942415e-01
-1.182887917122756177e-01 -1.546831290588607022e+00
1.791202602016573331e-01 8.064120110744233960e-01
-3.217860596417798646e-01 -9.026829032932555397e-02
2.215228169078204079e+00 -1.584599633015906672e+00
-3.698195588471694384e-01 2.746036368248448989e-01
7.593219652808367304e-01 -5.010257915423012021e-01
