-9.714583220920350870e-01 -8.344435724326705328e-01
4.200519329448959560e-01 5.228638019055625863e-02
-3.439216502242325446e-01 -3.942277984456448725e-01
-6.069497975466986439e-01 -1.663182167715391513e+00
1.152887797720467677e+00 1.225449770344178846e-01
-5.352099673135003455e-01 -1.623206298636082234e+00
-9.761844384733591173e-01 5.041760792077858433e-01
8.689707185332724848e-02 -6.291230518913886183e-01
-2.666071450436022783e-01 -2.335838681210617551e+00
4.394650482369406586e-01 -1.831074987424185230e-01
2.235739882296024383e+00 1.055742194870256556e+00
1.178498230726560819e-01 -8.938519498278262032e-02
1.809823204788575390e-01 8.674351067876981958e-01
2.713469948468946735e-01 -6.280652050339367021e-01
1.501832594846006730e+00 6.964827358152329007e-01
1.220991373431963956e+00 4.279114027918740071e-01
-3.811700498633442402e-01 -1.754978439538998625e-01
1.175998876704688501e+00 6.752096488848363665e-01
9.318043446061313739e-01 1.332700511129201626e+00
-3.670052385370000114e-01 1.298381325877182857e-01
-3.159498892391539582e-01 -4.277496218374636228e-01
2.047108118854223946e+00 -3.992086022255251776e-01
-1.149120083141692492e-02 -5.424437753800628176e-02
1.158482229728376861e-02 6.580200907224175166e-01
1.578122791718162832e-01 8.551670518321149439e-01
1.507132009972610875e+00 -1.172011661611190192e+00
-1.617097914775835310e+00 -3.946221653786073924e-01
5.553809932206024147e-01 -8.998240135116926108e-01
-1.944603434675806208e-01 -2.200559592404438547e+00
1.768717040952818786e+00 -2.918713171273869533e-01
1.508339310201916916e+00 -8.056522758898939651e-01
-1.112919025431518660e+00 -3.816152125910102222e-02
4.105654133650543103e-01 -6.119661178552610048e-01
-4.131570607254888561e-01 1.499015885867029718e+00
-6.235732581473121261e-01 -8.745738108546058376e-01
-1.007808837713936478e+00 -4.768191392285539738e-03
-1.743767477460476112e+00 -4.437532258188187084e-01
-2.311121228320330623e+00 -1.797863180316868537e+00
1.275560465732792637e-01 1.411456706234192282e+00
1.185925335376118772e+00 1.210446344701886279e+00
-7.592245429578450278e-01 3.182214777916577142e-01
9.151894050317358476e-01 -1.798837653667828329e+00
9.965592117447924503e-01 -2.570941571972163442e-01
1.346410216137855054e+00 -2.006612515646099756e-02
3.635922678459549418e-01 8.577325355759362058e-01
8.514938412437861315e-01 -2.017017110424066839e+00
-1.898773821306486642e+00 -1.586348940605006863e-01
6.875897631644094510e-01 -2.095289910641620901e-01
4.440788088556489321e-01 -5.324770846543224190e-01
5.696170029993825601e-01 8.525427743636504463e-01
-1.776092510645715716e+00 2.700898423252842684e-01
-9.779006554047601218e-01 1.020146599168858081e+00
-1.963024935696678241e+00 -2.130982793048135371e-01
-1.048571109375844745e+00 4.080099192493282234e-01
1.767134668081911386e-01 -3.507940256718762306e-01
-8.027639325324378294e-01 4.318999937438391945e-01
