5.465158213143758159e-01 -3.176905833381599709e-01
5.216625296967180025e-01 1.031680716673029297e+00
-3.628838181748742509e-01 -2.556715535848670950e-01
1.151493388138750129e+00 8.675645228862476355e-01
-7.310223500176829536e-02 -2.298218843037445502e+00
-1.084507603038230572e+00 7.664652302426853137e-01
-5.425497309964399939e-02 1.433624949034246310e+00
1.063180760361446042e+00 -1.385935876576665782e-01
-4.090715271210735859e-01 -1.357905320037391395e+00
-1.515203242247234350e+00 1.556862353257065124e+00
1.143880086533243468e+00 9.798650242150973577e-01
3.580089021576285391e-01 1.886378943306446510e-01
-5.969764082551465290e-01 1.000095832816790820e+00
-5.998945716456647315e-01 4.792726991013376292e-01
-7.991233188205941751e-01 4.287223981577050202e-01
1.341837329844682292e-01 1.719158990561693023e-01
-1.510906330438614997e+00 -9.910779278891682642e-01
1.953319815687450500e+00 1.231928012044633258e-01
8.733374903895544383e-01 9.326876765606363362e-01
-5.749602094151223808e-01 -1.152823524408862488e+00
-1.539343123329158569e+00 5.149079787150486753e-01
5.975267092062349628e-01 6.739033338824382824e-01
4.530205448741432273e-01 -1.165603726259941686e+00
-5.541650217396926204e-01 5.490133842017645982e-01
1.122204303480360599e+00 -2.930012971925588516e-01
-8.802735465007017757e-01 -5.383351942922778299e-01
1.117619331743728628e+00 -3.568848457057239854e-01
8.888455882038344136e-01 1.709330609878793705e+00
-1.054135482642793775e+00 1.055195706123185362e+00
3.744786102896535684e-01 -4.783683805648070164e-01
1.224633348487154549e+00 -2.019840727501694133e-01
-1.195221214427776069e+00 -6.586109461375126983e-01
-1.378639729213376075e+00 3.763387675845941138e-01
-2.723484772018482936e-01 1.661794563773041356e-01
7.776868864101675882e-01 -7.072960835248381928e-01
5.615405584543198270e-01 2.829998809407913846e-02
-5.400906869407956501e-01 -1.845794351121172516e+00
-2.302192906326096852e-03 3.794031109257890999e-01
-5.184711657338721968e-01 4.918730085099016769e-01
1.530698374251282246e-01 -1.095813980612770668e-02
1.051147127962986580e-02 1.236755457240187539e+00
-3.513766605915197849e-01 -1.487928778870202029e+00
1.523801035149636995e-02 -9.464440073785105323e-01
1.587904382131248293e-01 4.000294350726302239e-01
-1.606442183333744167e-01 6.511236700729966520e-01
-1.218472601987111714e+00 1.697824431720015570e-01
-5.791400330605581681e-01 -1.539968320940644286e+00
1.070430213832601757e-01 -8.645737308541514565e-01
-3.912424425692047625e-01 -1.444950158083647906e+00
-3.562478519840463487e-01 2.677253750348961292e-01
2.175295857538442901e-01 1.663051685809719960e+00
9.800458307396520130e-01 -8.940883360900281351e-01
9.735095581881105797e-01 1.768946393334926981e-01
2.238989809240089501e-01 -7.959140727131708282e-01
1.816649553952008667e+00 1.301840873879682947e+00
-4.824313297104046439e-01 1.705909649049313526e+00
