9.440498498679267270e-01 8.952266351047959425e-01
6.602750087766933174e-01 8.529945919406818344e-01
1.140430212878133842e+00 1.906083360522634745e-02
5.113329424082341257e-01 1.354114185756282174e+00
-2.970670459190063450e-01 1.784122970138889500e-02
1.021216871562259820e+00 8.903782928442780520e-01
-1.329695546625126346e+00 -7.942147938162923415e-01
9.766346457158929170e-03 -1.246380030079685231e+00
9.243622378303110176e-01 -2.357917150491415648e-01
2.101053864520987524e-01 -2.062574720459065813e-01
-2.477874399474788714e-02 -2.156971216874933095e+00
-3.842118191867323063e-01 -1.484939709963624677e-01
2.333804287634684282e-01 4.116656434152750066e-01
-9.882932798884307146e-02 -1.116903274309557714e+00
-5.687140375667955050e-01 2.787174860918947283e-01
5.560423939431879958e-01 -8.878782887799440138e-01
-1.485646991882763945e+00 -4.404251534060623641e-01
-6.726852052288094796e-01 1.579227735865590954e-01
1.445563545150852468e-02 2.575668827372116776e-01
-2.080529422824570207e-01 1.111869603602412687e-01
-3.325308750033922900e-01 5.868453792821202164e-01
5.260005848832782771e-01 2.917102851373359340e-01
7.554465176053302145e-01 -9.084597327343680861e-01
-7.290706540960398829e-01 -5.434618321601251134e-01
-1.649388965990742917e-01 3.166952399348605951e-01
1.621888405832510038e+00 -1.522606468305806871e-01
9.014673157616460708e-01 2.446834968115534359e-01
-7.439455893672526354e-01 1.914763834652463692e-01
1.100838856826466428e+00 -1.373316986962243469e+00
1.125089105892810970e+00 -1.845733128487871688e-01
-4.840369569663476312e-01 1.775055281228237858e+00
-6.085024699781823587e-01 -1.165119182375061513e+00
7.201144519894524254e-02 -7.490060517620199532e-01
6.895812491456701498e-02 1.076386800493858820e+00
3.278590826199664909e-01 -9.336011274871298671e-01
1.111395230475229444e-02 1.135225942940949917e+00
-7.475959200032211704e-02 7.134813808849296279e-01
3.609770268380819713e-01 4.557785023489554499e-01
8.384018630829313812e-02 -7.067584128111934483e-01
1.467766799243321874e+00 -6.032931368943574846e-01
-1.183313779542489452e-01 6.946863886327119264e-01
-1.836531866854663464e-01 8.149249002606114844e-01
-7.252586460498132437e-02 -9.099165166284535200e-01
3.723074500238923723e-01 -2.703560855138600200e-02
-7.930207530832759089e-01 -8.263046597417110783e-01
5.566600035705003835e-01 7.107203595797533247e-01
5.832044745285497322e-01 -4.679685186262446117e-01
3.483112962864078344e-01 1.798340133910275807e+00
4.838514566016969276e-01 7.315378407863067922e-01
1.815841261556280672e+00 9.203602917858322296e-01
-1.646522977531345577e-01 1.179574371768397301e+00
-1.132876007709383015e-01 8.013878556015489041e-01
1.849488967277186147e+00 -6.739101151183441996e-01
-9.689457946300041868e-01 6.477388638930191567e-01
-1.885185056580524973e-02 2.117902655458120675e-01
-4.833245415003892820e-01 -1.367910820988372800e+00
