8.677339211841832434e-01 -9.280991316371489663e-01
-6.300170190656396718e-01 -7.088460172506217960e-01
5.446039096211746644e-01 1.165196731695269827e+00
-1.649454622419710637e+00 1.533508043455029002e+00
3.361667487860323655e-01 1.104866772671364128e+00
-2.603204674586330758e-01 -1.806474726890187732e+00
-5.660298235951966017e-01 -5.897550813645621171e-01
-5.176243741386600261e-01 2.613811388085124920e-01
-1.066355788158023371e-01 -2.185872945111403121e-01
-1.049615507557440930e+00 -1.480132741140917307e+00
9.877254860105724177e-01 6.226322232643343169e-01
5.287608814532611667e-01 -1.410701786586169515e+00
-6.817868534969791922e-03 1.030518696893327757e+00
1.712441876457402035e-01 1.996738789330575914e+00
8.643061965285450121e-01 -1.810523258516744782e+00
1.166758463531244683e+00 -2.318999111411444713e-01
1.532387014546033654e+00 -1.921617086940442753e+00
-7.388089838289244593e-01 -5.129702632624734138e-01
7.145447512950354740e-01 -2.588974801423920002e-01
-4.666645146943753097e-01 4.060178808695320551e-01
-4.350261447323067188e-01 -6.082697246148613957e-01
1.526069860331300265e-01 5.162851469894070844e-01
-5.310162097054675900e-01 -1.128788245980984817e+00
-1.037378027368144329e+00 1.632896243245684165e+00
-4.732597181284027843e-01 -8.999111038520338779e-01
-1.171608284249287202e+00 4.597209115828495007e-01
1.126213578818960476e-01 -8.114601996228698599e-02
-1.706177148261378285e-01 -2.725205023220830802e-01
-3.048713247538544779e-01 5.443967122827690908e-01
1.038264641940547683e+00 7.144807546344056348e-01
9.843474052384014739e-01 -6.791605550415833470e-01
7.266182685944080344e-01 -5.523983211980992847e-02
-1.444758647375483207e+00 1.163867613716369931e+00
-4.231439800532730278e-01 1.450469340510994298e+00
2.080256880005391384e-01 -1.939411708686810787e+00
-7.562238379344990435e-02 -4.459335095150499528e-01
4.597021192504631149e-01 -3.534613037599288465e-01
-1.663983989129872221e+00 1.128394617749344020e+00
-1.437521189473286443e+00 -3.221057466497053712e-01
-7.082485460053691284e-01 2.313974353918535343e-01
1.774526711521431155e+00 -4.289152075340930126e-01
7.045067269302922597e-01 -6.647811651234752928e-02
1.824036773030204561e-01 -7.463222003333913612e-01
-2.679220824518082189e+00 1.247408467389101272e+00
-3.373074193674755472e-01 -6.477096092108558523e-01
-1.726102489284842695e-02 -1.844651168500043514e+00
1.280128776570641946e+00 2.591835869701047401e-01
-2.666395163205339536e-01 -9.455751969956963099e-02
3.344083034943880484e-01 -7.604697298839102615e-01
-6.810323550505342771e-01 -1.938526511274193398e+00
6.487555233432731328e-01 -5.084251243179098712e-01
-4.229313182268049087e-01 1.676418844008205900e-01
-1.867944994933847580e+00 -4.692017219063990829e-01
1.394587468270416020e+00 1.981403678080362107e+00
8.872560880614732692e-01 5.563327844089317464e-01
5.874602449567203344e-01 -4.068832083232666319e-01
