-1.812023066154737627e+00 4.561269449877818905e-01
-3.291866807783473403e-01 -1.384985729318404246e+00
9.382957255357182724e-01 5.717707743609689031e-01
4.210648017816576716e-01 6.573078168041093239e-01
3.186282545200024297e-01 -1.175257164739870630e+00
-4.918770620159547691e-01 9.734605489811671841e-01
-1.340826416337954630e+00 -9.460435791461803134e-01
-8.597587931289794039e-01 -6.559654761273345791e-01
-3.739504614935060256e-01 1.442420877895163711e+00
1.008456337376534062e+00 -2.127903755713949518e+00
1.737030145301142192e-01 -4.360170927075961433e-01
-1.513264322423670594e+00 4.252800924861560028e-01
2.033076957181715119e-02 -7.203442668041456498e-01
-1.095783765685750311e+00 2.193276171576993283e-01
-1.802592799412991997e-01 3.673943594184468364e-01
7.484839281864476279e-02 -8.919684057313550518e-01
1.020854022571852315e+00 1.816362149019438987e-01
-8.884436360139157385e-01 -6.996738150380504839e-01
7.050452494963899142e-01 -1.915293286229093339e-01
1.397377239450751318e+00 -3.083385418218194118e-01
9.634369842931169714e-01 -9.867194210803672538e-01
-2.453082418217026994e+00 -1.470043329483905259e+00
-1.308438177125939683e+00 -4.564238403752523543e-01
-1.227358420806615308e-01 2.064174719338983888e+00
2.903537893557314731e-01 6.935085122176158912e-01
1.602386786435380683e+00 1.170582602245020948e-01
-2.476430745190373095e+00 1.942934802060379273e-01
-8.313812336456214425e-01 1.077553002375352564e+00
2.165746118068094805e-01 -1.621998718662100436e-01
2.475762699113333465e+00 -2.329744511072298074e-01
3.394243518956428091e-02 2.557553335652261728e-01
-2.495959204247134161e-02 1.409031833114610666e-01
-2.900226763616327030e-01 5.290912828068587703e-02
1.527885474042034897e+00 -1.377390962299276156e+00
-2.055200700380312162e-01 1.219221433301978796e-01
-1.211253226531904703e+00 -9.755755566606717499e-01
1.504823122227965548e+00 -9.716591911558379868e-01
4.820482728538700856e-01 -1.804921968859291015e+00
1.774742991110094259e+00 -1.363278953495490331e+00
-1.223542034323197525e+00 -3.150949950076750716e-01
9.185043390744088709e-01 -3.826680689295293147e-01
-6.801143670106343797e-02 -4.365301166942127664e-01
-1.037435568303529454e+00 -2.385510603757431680e-01
1.078763137906556313e+00 -8.995447403109084750e-01
6.364940027953597257e-01 1.138134440072469528e-01
-1.012898387077886042e+00 1.261269875755962389e+00
1.253361908485801868e+00 4.056685824299579440e-02
1.178642486474074103e+00 -6.696915689615680067e-01
-6.931727570634941271e-01 -8.964097728221953609e-01
-5.401839284642121486e-01 1.852159371905646168e-01
9.539215305242065845e-02 1.329006092042702036e+00
-1.056393707750818534e+00 -1.454440653739806466e+00
-8.307753218532938633e-02 1.007127053094972524e+00
2.065216122043799896e+00 5.375709863657005538e-01
1.882040550031779391e+00 -3.037152139281054097e-01
-8.292642352483416968e-01 7.247810099242271153e-01
