-2.415293227460321365e-02 3.255818450223120220e-01
-1.463121470493436105e+00 3.364685899415012504e-02
1.912712315170272737e+00 2.482857155320558618e-01
-4.929482505028459083e-01 -5.921949114908555689e-01
-1.030510141236277821e+00 -5.565504527517720623e-01
2.416302580745482431e-01 -4.579241751952576878e-01
-1.086230489812881173e+00 1.737007105665408169e+00
7.438705552142598210e-01 2.016686422218132713e-01
-6.464183711440328883e-01 -1.318607952095608882e+00
2.633074163490379260e-01 9.539095224027609454e-01
-7.781029236829866136e-01 6.574662569679507775e-03
4.622171329879799506e-01 2.758937170547697271e-01
3.084701108832960115e-01 1.058080852024452678e+00
-2.631862128324349293e+00 -6.486359119064708523e-01
6.960832610790631536e-01 3.753726137712414812e-01
1.551696991329329700e+00 -9.826691107325682961e-02
-1.194439410699118742e+00 -3.194095732904620594e-02
-6.031527745665724582e-01 -1.173346707812144674e+00
6.715396356057027338e-01 1.121398052053852734e-01
2.062922025248326019e+00 2.290334875944872728e-01
4.468664898909533445e-01 -1.129672879673976782e+00
3.104347412780820714e-01 2.000820900702161564e-01
-1.095251604413905344e+00 -3.790441194423413984e-01
-5.029365023669007950e-01 -1.106102521928567839e+00
8.669811048072005866e-01 9.287439981380184451e-01
-3.359795992028972722e-01 1.550656750827665187e+00
-7.261297109843888320e-01 1.177826272956596698e+00
1.085341622691709390e-01 -1.290792305307202570e+00
-8.738098785189855888e-02 -6.058594954422726886e-01
3.400334228406413917e-02 -4.337678009154449787e-01
1.528479682875625301e-01 -1.273828937740550060e+00
-1.803023738052540459e-01 1.233421472681391462e+00
-4.236961780466978467e-01 -1.885987873407984905e-02
-6.958197760881910110e-01 -2.330367369683702949e-02
1.098441201231803666e+00 -9.411759360433017418e-01
5.288145135420633247e-01 -6.325422191838221408e-01
-7.376903815523250252e-01 4.487642940838439121e-02
1.595600846361334701e+00 4.215983224322214507e-01
-3.564056338632165533e-01 1.428301377546566053e+00
1.721104593360289980e+00 1.671626949257769779e+00
1.035851252342771867e+00 2.235755064817870341e+00
-8.080301662146942565e-01 -6.466987502431990054e-01
-2.508791662517756427e-01 -2.223885677491454216e-01
-1.247240533736727885e-01 1.013598535174496718e+00
1.264846767853098131e+00 -4.484939980790816211e-02
2.838335092058446585e-01 1.556069828565418645e+00
-4.354483737829042411e-01 -9.256599921280727061e-01
-8.365521132273020521e-01 -1.393819565891545986e+00
9.276744406296699719e-01 1.048356986516639555e+00
5.488880156896690510e-01 -6.561721483102134211e-01
-4.467324057955028849e-01 1.476030067986853489e-01
3.886101130862354425e-01 4.625032939847923963e-01
-1.277455334673103515e-01 1.401684192376836613e+00
2.717616923226620629e-01 8.541149446976044057e-01
-9.627529856254737339e-01 -2.689294877789809579e-01
-2.923863836666643068e-01 2.209757364878306776e-02
