1.047041147281320139e+00 -7.242817088538762160e-01
-1.027474236892464310e+00 9.677562243732661384e-01
-1.769067919468343408e-01 1.296566889732710393e-01
-1.849528369310897480e+00 3.015043690011574018e-01
1.035398929586331507e+00 -9.047895119312380219e-01
-1.614325811563376067e+00 -9.005679268293368400e-01
3.554784831283240853e-01 -8.464669095571504265e-01
1.744124659670481803e-02 -1.074842813186738688e+00
1.048363580868986400e+00 -9.265890093195496835e-01
2.025245214222388679e+00 1.100917857600855754e-01
4.495644580371002674e-02 -3.407075995852065775e-02
9.392557290375614931e-01 1.839518452926363623e-01
2.596482730705922809e-02 3.389843970483037427e-01
-1.397137394876440675e-01 -1.545175737186700982e+00
3.182410556438532434e-01 1.838315568636170960e+00
7.626860380125037864e-01 1.220450422505873433e+00
-9.743101607745824344e-01 4.714282652259982331e-01
-1.976973241936174630e-01 -5.851560414354099043e-02
1.778395578346294026e-01 -4.926152585934406303e-01
-1.419932393034696316e+00 -1.218451844220214131e+00
1.286872022376113867e+00 1.822749570395917340e-01
2.235849959305088674e+00 -1.181214766600924948e+00
-6.982293474814199596e-02 -4.042642942080041935e-01
2.382283511815286026e-01 3.301219624390396845e-01
-7.855769155945753202e-01 3.460420601794118034e-01
-7.124932565129222795e-01 1.464694238618339250e+00
4.057881210838263503e-02 1.639616888723524069e+00
1.126173565604237758e+00 -7.033551242545661442e-01
5.104668216197162378e-01 -2.486422279334404017e-01
-1.886560099600916585e-01 5.413758717505148255e-01
8.483089741234597914e-02 -9.025371648124388413e-01
-2.204344807685087171e-01 6.446418967116939180e-01
1.542026361351081842e+00 6.075242436940117008e-01
-1.443402994738778089e+00 -1.630022442906403857e+00
2.673497197287040827e-01 -2.803089987897748436e+00
3.679136109219321993e-01 2.630627378518159976e-01
6.792740222115974946e-01 -6.504433030636601609e-01
5.800575201712442341e-01 -5.513460704780962507e-01
-1.291296583289328836e+00 1.082072674962568648e+00
-1.636478127071923638e-01 1.410816403248045692e+00
1.166828517368770246e+00 1.134811118990195267e+00
-3.467161631738625571e-01 7.221454243007807000e-03
2.134087805264000881e+00 1.146832550635715209e-01
-1.357876938245709653e+00 -3.907339727566375709e-01
-6.830083540297426925e-01 -1.811567076221047290e-01
-9.810467713291004532e-01 -1.519811280296540501e-01
6.040729744478394725e-01 -5.247209853276725289e-01
7.390841114758827102e-01 1.004464091478184162e+00
-1.780953824992296486e+00 -4.761360843317563041e-01
2.866371350409080421e-01 1.216860614048546951e+00
1.378184755198588629e+00 -5.324129678856551751e-01
-6.096888191880428520e-01 -1.969122017318839235e-01
-7.645524719300027527e-01 -3.389205233613669099e-01
1.161174168157915076e+00 -1.148462304460966754e+00
-4.939494036496072105e-01 -5.880789553565611838e-01
-1.772847858357841921e-01 -1.270868896115388447e+00
