-4.211021015999084072e-01 2.682584795917933307e-01
-6.891121960791054546e-01 8.876842236098736461e-01
-2.245087204421835902e-01 8.638431998459425443e-02
9.140713917551009926e-01 1.466387506379108752e+00
6.119369887553657295e-01 -4.099762269418458921e-02
-4.765021651458222762e-01 -8.737906347212119618e-02
-2.709258893504053536e-02 1.503782770743379960e+00
1.361118686869419170e-01 -4.180207467096699880e-01
1.573723294719365562e+00 -1.245047220275516064e+00
2.211459870993695009e+00 -2.648602790862104595e-01
5.443810491627198989e-01 5.746761021191331142e-01
-1.368240725815965952e-01 7.031610374698907817e-01
-1.735544187611003653e-01 -1.627756862477971744e-01
-1.078334901932755496e+00 -1.299074029386261930e+00
4.546967660915619547e-01 -2.968230952488664851e-02
1.041930824951779327e-01 7.015157503632325486e-01
-4.432386352818372122e-01 6.119514653277496885e-01
-5.171765691452193670e-01 -2.685480843999825118e-01
6.187777052694036772e-01 -1.043696494598616020e+00
-8.948838220889244743e-01 -7.394557576784942521e-01
-1.637808245902973303e-01 7.603070551728728921e-01
1.049218292730688562e+00 1.193557151189222454e+00
1.147731600231462146e+00 -1.715469354365240839e+00
-1.149338960325889447e+00 7.991865764690356810e-01
6.146044959501889560e-01 9.799650943053692664e-01
-1.885219901221591110e+00 7.672475247411454369e-01
-1.805101310825338590e-01 1.165636222488615203e+00
-7.046929956788533511e-02 1.565185263312997288e-01
-1.194741409062681781e+00 2.432605798649204676e+00
-1.065538921535997552e-01 6.373014248444236474e-01
-1.841996154781411488e-01 2.019853053832459944e-01
-1.139671233454186416e-01 -4.064859963744636984e-01
-9.330897233301072013e-01 -1.505991475296203641e-01
-1.258976756403811237e+00 -6.033495236579419219e-01
7.264051219841785034e-01 -3.711349082083729156e-01
3.179041790855662852e-01 -8.377148896260827593e-02
-1.458416238740732007e+00 4.848571839616905299e-01
9.403433949874817621e-01 -9.241962523940723262e-01
-8.011756014227781053e-01 -9.354083109930990680e-01
1.511011225904504984e-01 2.251625447423182713e+00
4.269864888865575470e-01 -6.672759427899070950e-01
-9.236732548809109544e-02 -1.930860050765806912e+00
1.072166620204676901e+00 -1.439774134335369160e+00
-3.397250934918726317e-01 1.112656198569679455e+00
1.388364760180611501e+00 -3.702889472903679868e-01
-1.139439511042297681e+00 4.979401304801215344e-01
2.096937665758431990e+00 8.524729813111064924e-01
-9.119340129328716849e-01 4.624645473734180223e-01
8.321540879162855342e-01 3.679351990397345951e-01
7.647756281977583503e-01 2.196242064812526096e-01
-1.549631430451963443e-01 8.434491882315821032e-01
-6.397790171161283901e-01 1.159945793177252327e+00
3.326970018573290333e-01 -1.390286740677927346e+00
-1.479802095065418488e+00 -1.406844740642273717e+00
-1.761038650809246375e+00 -2.327788959893752341e-01
2.278392199949356378e+00 1.369628481729238789e+00
