-2.491731663698861787e+00 -2.166081681808780246e+00
1.013066923675931125e-01 -5.658815809001446206e-01
-6.453346667142576543e-01 6.485902622230569348e-01
3.741331105365491155e-03 1.281064656919894684e+00
1.201107593580968969e+00 -1.455643044095793703e+00
2.791361333855683080e-01 1.982407153222874197e+00
-5.669721780218009988e-01 1.451536987678448964e+00
6.089353326895753371e-01 9.690097488710395224e-01
1.043978446677495286e+00 7.714503247445806400e-01
-1.460909104479503895e-01 9.979497115142202945e-01
1.162948489992085221e+00 1.662455832315060111e-01
1.154425180616055480e+00 -3.080354090012327739e-01
-6.698210383198826001e-01 -5.668508666887037695e-01
-7.884942048193179787e-01 -5.969068490788492776e-01
1.185848759492255322e+00 -5.060487797732577953e-01
2.160778430923037119e-01 -2.502135879339477675e+00
9.122196156424009494e-01 3.589623376158827539e-01
1.183309096856669962e+00 6.017569813299650239e-01
2.260063061721390154e-01 -6.052998548375139176e-01
-1.615340173078462671e+00 1.078836146070507152e+00
1.736593864520004749e+00 9.952688975508280356e-01
-1.104817986011888742e+00 -5.913391199879830529e-01
-1.899821805161829857e-01 -2.891382832691742899e-01
-4.110661285836341161e-01 8.107055983348068207e-01
-1.294262976049800340e+00 -6.522289887012060194e-02
-6.248556263636791952e-01 2.046652818744311153e-01
-1.073579854243897236e+00 -4.235681918066167562e-01
-6.846989611196512004e-02 2.035809848661873644e-01
-2.793360105084134459e-01 -1.919019507919683454e+00
-1.975650116752991903e-01 -4.737727127919113546e-01
4.468678954450982510e-01 -5.991053374883277272e-01
-9.343657845649889770e-01 1.033090549596507479e+00
-7.274869633099937394e-01 3.366017675324809999e-01
1.250818406312385944e+00 -3.304699735532340976e-01
-2.420014013390282825e-02 7.656087613764719357e-01
-1.282090185909311675e+00 1.006209904826423029e+00
1.310693956697013052e+00 -4.724860197142722457e-02
3.263321814725351211e-01 -1.211659675369536476e-01
-7.685355934598379068e-01 6.636777157631394974e-01
2.286021871034928099e-01 1.699873908316951177e+00
-3.912979202980733651e-01 -8.126281027922839240e-01
-1.107036241491591522e+00 -7.129049340248104771e-01
-8.927456027622666657e-01 -1.626765185185583773e+00
1.000445367662456730e+00 -1.331002667471390177e+00
1.651359487110609925e-01 1.235551232492227314e+00
-2.026947359708928253e+00 -9.310489165486127705e-01
-1.416048442789103579e+00 2.027598786605320669e+00
-1.211210035050996447e+00 -1.052620708000152172e+00
2.883094938512164029e-01 -1.652051715274833965e+00
3.255751753373088975e-01 3.045754288415208344e-01
-8.206469061196750570e-01 -3.456790034122975697e-01
-1.416750284895271328e+00 -6.476965187845649119e-01
-4.804113460845947370e-01 2.495984911049032640e+00
7.259418854964595491e-01 -7.454459413348953900e-01
-7.274840264870503503e-01 -1.236364576125855264e+00
-1.109074484704939190e+00 6.738025301418235635e-01
