5.439030254654397822e-01 7.849763567043646084e-01
2.589264382347212234e-01 1.295352229433692548e+00
5.213781224131599501e-01 2.648481872235795009e+00
3.729581649278702060e-01 3.405545939660581389e-02
1.700274616231364888e+00 -2.476311285256040939e+00
6.108846531564909865e-01 -1.835075290029206663e+00
-1.108458961923358965e-01 -2.229817061652981380e-01
-2.229101857828586830e+00 9.972775726114392336e-01
4.521520558436367687e-01 -1.599079741684323430e+00
1.191498149739783408e+00 -2.556466195563261046e+00
2.902120294854999005e-01 -8.274864660776316549e-01
-1.281895966794573072e+00 1.266104963807493267e+00
1.057934278007498091e-01 2.072423284938015087e+00
2.694642291773545750e-01 -5.580718242840980725e-01
-1.586342391520516371e+00 -4.644448210944745331e-02
-4.457326452533165728e-01 1.001773115898964672e+00
5.935958837844104163e-01 -4.174836842133962111e-01
1.267858502414384247e+00 -1.669997529274835080e-01
-1.113612377014329968e-01 8.658736128362980455e-01
9.519743544458881823e-01 2.786859797576452524e-01
-3.926886379755306633e-02 -1.423712493926486022e+00
1.134338903922653907e+00 -5.054943273126579761e-01
-1.143667982633231661e+00 -6.341627725436285168e-01
4.219876305732255251e-01 1.308903203962579198e-01
-1.058459334085851689e+00 7.605574989461182378e-01
1.504369096930006366e-01 -1.364114026294470206e+00
4.343347734782236902e-01 1.357049662675716029e+00
1.091533752557963810e+00 1.224404520287302844e+00
-1.127680808623604980e+00 -4.962197955304166741e-01
-1.139261063309693123e+00 -5.011714443441996764e-02
-6.671410050939566849e-01 1.579667008294972919e-01
-1.588024548651206125e+00 7.329964628438959684e-01
-4.130502519787901394e-01 3.880140881079773285e-01
-7.364821509287068357e-01 1.636620949486520260e+00
-9.859655674269576231e-01 4.086434052451917709e-02
-2.188948713912262367e-01 4.120188820701441851e-02
1.041968389632377034e+00 1.306286091750384626e-01
-7.575093543588544698e-01 -1.337299460257418415e+00
-5.443945763905914115e-01 -1.251016335325031426e-01
-3.023899376461284400e-02 -1.542962675047881538e+00
-1.073515205233109976e-01 7.639328438473395044e-01
1.200971796661361113e+00 -8.495039232717356281e-01
-1.166973972764372702e-01 -6.796949742012555751e-01
8.230543839765548375e-01 -3.971514903882503167e-01
-4.404000748681596855e-01 9.012877184714561674e-01
-7.619988939365939240e-01 -7.648780417191554382e-02
-7.138455305011566221e-01 7.475034784532721410e-01
1.165713951693139627e+00 1.307939609462739572e+00
1.388906845158834447e+00 5.209126156944732244e-01
1.159039702799828930e+00 9.207380355900420810e-01
-5.470213764479723295e-01 4.470603635437468970e-01
-3.526646216169980197e-01 -1.530008600511518546e+00
4.565171308191168786e-01 6.287652055455696942e-01
2.099330174626892476e-01 -3.131969055921287604e-01
-8.354047108168897173e-01 -2.762229635626220481e-01
5.389821331937396653e-01 1.636223669842582051e+00
