-6.250934738312864392e-01 -1.336229432431684239e-01
9.179332946319902486e-01 1.727727480522472492e+00
2.822254339094409925e-01 -1.089541397082237406e+00
-4.262841098895764347e-01 -1.899661851897338771e-01
8.250535935642080432e-01 -1.889581127297301766e-01
-3.359288416962552537e-01 7.863031185524071986e-01
-1.721010752872163874e+00 1.669003908324849128e+00
6.729074256595224401e-01 5.230810049696169584e-01
-6.852789508554348874e-01 -9.953529141348130826e-01
1.188369501536915784e+00 -3.621948054923007088e-01
-3.710886492162477346e-01 7.307675631374083158e-02
2.553276068499560569e+00 -1.079260269316699494e+00
-5.743471892965338332e-01 5.324064973230574482e-01
-3.031349166527496641e-01 7.874862798415320497e-02
5.426456644249828543e-01 2.856365555445291582e-01
-5.447709128762634467e-01 -4.330570041303844486e-01
-7.867232252467389886e-01 7.781664410749696836e-01
-1.007679778446120222e+00 6.637831712639099546e-01
-1.795196924135420646e+00 3.069757054174325483e-02
3.795504305051580207e-01 -3.856075957080368211e-01
-4.407240453127081459e-02 -1.629512875121793547e-01
4.286322876928839176e-01 -2.504124397735422169e-01
8.407929285163092681e-01 1.660992516071110592e-01
-3.558425394976542089e-01 -6.812346321087161538e-01
-1.154647174791187725e+00 1.536182126914349133e-01
9.241312698447711194e-01 -9.358787239392832857e-01
-5.769793323346705805e-02 6.974270268322233512e-01
7.668090209707812965e-01 -3.807824889358725762e-01
-6.284870470327109659e-01 -8.366011255473477792e-01
1.663251235288703445e+00 -1.610027657221349440e+00
-3.243329668263792986e-01 -2.094971582809510569e+00
9.190426627214925981e-01 1.693993709574715956e+00
1.944559336020413448e-02 -1.850972280259014502e+00
9.405517564171546052e-01 -2.093892543236821890e-01
-1.176298901510560713e+00 -4.298207883769493698e-01
-5.666675357417330083e-01 -5.774563189736081625e-01
1.551185401187434643e+00 -6.929857234881289241e-01
-9.925817636540886779e-01 3.915318753340306657e-01
-1.018507888823814156e+00 8.015064759863725907e-01
-1.051008206334931305e+00 -4.568873498260971888e-01
-3.073534228844613025e+00 6.749379674289296416e-01
-1.188009467512213119e-01 3.288621712614914205e-01
8.921366900403049360e-01 1.537822756592980011e-01
-1.034252727807491112e+00 -8.461061726527416837e-01
-1.748697709219828311e-01 -1.980481597581471298e-01
-4.430223398200193174e-01 5.844979499469198370e-01
-5.072335598604461593e-01 -1.020771843601744777e+00
-6.825926356889030489e-01 -8.519350867353997492e-01
-1.468993898282032751e+00 -1.340309301114775087e+00
4.891922275996313241e-01 -1.446495702200636835e+00
-2.607943543098040884e+00 1.402446315948659983e-01
-9.408297825081276544e-01 -4.803353587380611578e-01
-3.626225535727115035e-01 4.979861897593848563e-01
9.782123545054137448e-02 4.397273157129820698e-01
2.777108657572261996e-01 -3.297660067231368841e-01
8.344196614869986428e-01 -5.054790942218967409e-01
