-4.488562340639914473e-03 -7.923419994093188201e-01
6.426405085149403673e-01 -2.461108121933417436e-01
-4.826761717712085287e-01 1.432258763669309820e+00
4.057374392448016009e-01 -1.450383807286950988e-01
9.412524032971411048e-01 -1.023942525872984621e+00
-5.250848600283661849e-01 6.609044420133555198e-01
1.488049174218526893e+00 -1.229992216453645870e+00
5.399743470994085026e-01 1.570230873786528036e+00
-4.554646352573302748e-01 3.192423046403883302e-01
1.743411973515730795e-01 -1.476490831163633555e+00
-1.588739121050793401e-01 2.105465204317150452e+00
-2.613504040951388774e+00 -4.126904974073027366e-01
9.079054794971134212e-01 -1.214267587753741662e+00
3.728932865989894041e-01 1.774023211751240003e+00
-5.538168188289207539e-01 2.916674913242854883e-01
-1.920848161746432359e+00 9.351486294011427391e-01
8.543769720734882833e-01 -1.511907627857055347e+00
1.986823239283926901e+00 1.252791274456442672e+00
2.298541110739722171e-01 -4.478402834764094731e-01
-1.729467383550899739e-01 -6.797040743629435555e-01
-3.580940580451109634e-01 -7.299941782230752185e-01
5.119839854845611438e-01 1.113005902072093656e-01
-8.570535957722352771e-01 -9.553592204098244889e-02
1.507215212790210757e+00 1.017850804866903713e+00
-1.670927762811788897e+00 -2.451860803804952194e-01
9.408096569376774854e-01 -6.786111305335862376e-01
-1.475487003862903990e+00 1.056623174973299745e-01
-3.267818458932468251e-01 -9.266101988264876521e-01
-1.257918153933520689e+00 3.209771098790190624e-01
3.170356278270489853e-02 1.087486162298490155e+00
1.817218981204796746e+00 5.282809288671316272e-01
-7.810191658635559087e-01 1.935467298125131741e+00
-4.743725057371694920e-01 -3.922289100591146993e-01
1.190045322783038484e-01 -8.767849270465627454e-01
-1.399611650630732784e+00 7.548756968442500437e-01
2.694652682094547669e-01 8.026304090059157570e-01
1.325436690686949692e+00 -9.123674793980381947e-01
-1.034378211405657222e+00 6.347959019095502642e-01
1.062664329160712073e+00 1.612807772745292967e+00
2.267687068730646627e-01 -2.523855506386809000e-01
9.230216507858587383e-01 -2.428135362751062676e+00
-1.560640340568747453e+00 -1.494078857709945085e+00
7.851161979633741739e-01 -4.725208012179958894e-01
3.672572712052203925e-01 -3.194155143250431150e-01
7.684270785282658611e-01 6.892612211459473448e-01
-2.956503985675397739e-01 -8.599314553049854926e-01
-1.123904778877684169e-01 6.147424024209909854e-01
-8.249548544849897302e-01 4.243477636564202959e-01
5.521713582830489742e-01 6.067767765194449492e-01
-4.995407752344495078e-01 -7.349740688192009097e-01
-7.486858778119014346e-01 1.518794330761968681e+00
-6.501629805046964528e-01 7.382804397561164578e-01
2.457476555278404751e-01 -4.353908279674659765e-01
2.270522961381885862e-01 9.442071975170897025e-01
8.269461282277135172e-01 -2.171108019538035894e+00
-7.851480655507032669e-01 1.545275753496153370e-01
