-4.966679883666846873e-01 -4.820987456658625825e-01
2.696098561486873213e-01 3.640726293235049260e-01
3.631113601850092798e-01 -1.790699861186528796e+00
8.884505752293612169e-01 7.200677365493383109e-01
-8.511040495528942040e-01 7.347178135579716107e-01
1.217509269279781536e+00 -7.310102325867676720e-01
-4.342795073837557585e-02 -9.464759158617314094e-01
4.189260424079854217e-01 -9.968886459914581832e-02
-4.088267182825594537e-01 -2.047163804197963677e-01
1.636288997232951736e+00 2.236601585978743034e-01
-2.926003446966558563e-01 -7.501077995711403767e-01
-2.340465056377556863e+00 -7.673494404714977790e-01
1.913909891656153883e+00 -1.474297342441271419e-01
-2.671743515216466469e-01 7.716796242235491876e-01
-1.439712660623471141e-01 -1.077478252084539179e+00
6.034249382228147329e-01 2.028986962255439064e+00
-5.411280792084098845e-01 1.497315271550518911e+00
3.140382593554956747e-01 -2.574329259054033425e-01
1.055730481899702644e+00 4.665520629154194521e-01
-3.612271949177396912e-01 6.144269997002040906e-01
3.732679207240414132e-01 3.563075918971780887e-02
-1.049509380747273735e+00 1.438940594754914426e-01
-3.355323174786913887e-01 -4.927566888668313272e-01
4.572062691967315740e-01 -4.892742620356038130e-01
-1.486096566043046074e+00 -6.902460865988286898e-01
-3.145576314800083706e-01 -2.319005327916469350e-01
1.462249749690554788e-02 5.145962772680988673e-01
-8.424976884841466063e-02 1.002616650392880393e+00
-1.014695112358802387e+00 1.690704923392853276e+00
2.697342065900792257e-02 3.432845774589212140e-01
-1.014039376031113937e+00 3.439791650218376184e-01
2.718206366201750601e+00 8.232470974100194461e-01
-8.741329818071852387e-01 -1.280812856184814441e+00
-1.825086471754127082e+00 -9.445158400469284565e-01
-8.407529161359073022e-01 3.804194683207550165e-01
-1.491480127200138117e+00 -1.064639961974335858e+00
1.161157979005225105e-01 1.147274291105413319e-01
3.389746028515384230e-02 2.626944192464109040e+00
-9.008992836114584346e-01 -7.128679031449263181e-01
-8.151788910453953152e-01 -7.719113408516421471e-01
-5.008140230764248635e-01 3.682496908671994279e-02
-2.393723740541906508e+00 3.117962767277352235e-02
5.919178153738813286e-01 1.018022388499234321e+00
8.014423767443470403e-01 -6.410368369710937042e-01
1.731847496994613766e-01 -6.326450706225847931e-01
-1.730391579993596052e+00 -4.103126416009355570e-01
1.723176301448224645e+00 -1.273663057128148202e+00
-8.258195480427640289e-01 -2.806961225217539102e-01
-3.587217511290162753e-01 -1.068430217308787844e+00
1.240849929381600658e+00 -8.740646935848004340e-01
-9.188080556483855243e-01 4.701759620915548776e-01
4.517263894979193783e-01 1.348900807353222042e+00
-1.926116642602631046e+00 -8.648508516435724491e-01
3.246308255643625684e-01 -4.642512195199565150e-01
-8.807878652130599617e-01 -9.313281129810030423e-01
1.391087668624897855e+00 -2.218402758040472975e-02
