5.500830788800882276e-01 7.084280616456544166e-01
1.059636429723995743e+00 -2.460088723386396836e+00
-1.593700101132667690e+00 -6.089406385788572740e-01
3.331495488855899106e-02 -6.351754602055745824e-01
-4.781302723566955848e-01 2.284145631745369484e-02
-5.640887661514235596e-01 -1.770425348180168501e-01
1.215042916469898815e+00 -6.273492761362461367e-01
9.283769196972317950e-01 -2.191234090815383576e-02
3.407600617431335022e-01 -5.290571222677044050e-01
-1.029901005916285639e+00 5.752700219579345159e-02
-1.156113744773170193e+00 -6.103832534661772780e-01
1.009082531755076395e-01 -1.000614121464270090e+00
-6.265380704766465580e-01 2.702266978555276644e-01
1.787972228155249033e+00 -1.167264840920315683e+00
9.047700965898468617e-01 -8.354229157148606033e-01
-1.174675177146036198e+00 -2.125112752299599617e+00
-1.071154733839565054e+00 1.132394538560477226e+00
8.310493073203055470e-02 4.840093321970802553e-01
1.396820909643137654e+00 -1.917159564863440080e+00
-4.342534918836884333e-02 -5.085578189349465594e-01
7.842935749092798392e-02 -1.344972945758851068e+00
-2.676696337824832295e+00 -4.250236206592843402e-01
-1.343482250740026140e+00 -9.783494078171061092e-01
3.928644073165157846e-01 1.211068984109993973e+00
3.478548043625630248e-02 5.066122704050785019e-01
6.388954136797726502e-01 9.151625044456270786e-01
-7.560451301410061609e-01 -8.724300449965789739e-02
3.536794422425124651e-01 1.178316550041652810e+00
-3.506110876963391965e-01 1.654658846246801485e-01
1.499607607859990421e-01 2.409761067354918851e-01
-4.669356437495376100e-01 1.241553595987912262e+00
-4.594465214855765756e-01 2.685454621183337665e+00
1.458084985153028645e+00 1.802312087392647255e+00
1.351395962878213286e+00 1.116641631721038141e+00
-1.300332170329564274e+00 3.447349948278834453e-01
3.586989003794254227e-01 1.913846353081095075e-01
7.335851608434986737e-01 3.404799942700053039e-01
-2.582632857146674107e-02 -1.498712539817409040e+00
1.302168554651404742e-01 2.977639228658102155e-01
1.428501512583640443e+00 -5.553621212725519118e-01
-2.866944763474757463e-01 2.480631738963937627e-01
-4.861072223028474748e-01 -1.601522166761859545e+00
9.300386447461955752e-01 -8.062885551667338113e-01
5.660323674652135706e-01 1.748043575602211963e-01
4.970711634960735537e-01 5.895412686274342784e-01
3.147662413892240441e-01 -9.624193614573057776e-01
2.986099710719965494e-01 3.651486830627924118e-01
-3.724944971987687037e-01 -1.521529146938047417e+00
-1.706188391938550986e+00 -2.713688998396738827e-01
6.107594319371949521e-01 2.296710179426019405e+00
-7.641285289043260320e-01 9.290067675655033774e-02
-3.819389204664159765e-01 -5.671739227497762936e-01
1.211320976933316362e-01 6.713009234581085449e-02
6.741335259029280769e-01 7.409411367148066585e-01
-1.235525902944365262e+00 -2.121981796420486788e+00
3.384205513683893884e-01 8.802186026128036023e-01
