-1.196722103322296116e+00 -1.567949701427548526e+00
2.171907605349734371e+00 3.469401351087953445e-01
1.450983945278461418e+00 1.431595399067818741e-01
6.917563634437291498e-01 2.599840557425938115e-01
3.533189734021285888e-02 -1.248633247701604609e-01
-6.240161038057132625e-01 -2.611985913769421797e-01
9.213823459550381234e-02 -8.549422930051118197e-01
5.386597051103428901e-01 1.280969717263071850e+00
-1.868848089518873878e-01 -1.492103337153402931e+00
1.930032355091200816e-02 6.049755552677920090e-01
-4.251571946021217019e-01 3.862049029600296279e-01
7.823437329470587231e-01 -1.445875849054474083e+00
-9.266866337109318230e-03 -2.408961771607452951e-01
5.599963203537315914e-01 -1.054214328534688550e+00
3.294011209246623384e-01 -3.072472925003631450e-01
-2.311351119416606981e-01 -2.618519192817730712e+00
8.059126399835051524e-01 -8.083677395261682497e-01
-1.941411456246403322e+00 -3.307464504353566648e-01
-3.076580728106855789e-01 4.859705974764345626e-01
5.793772304124351624e-01 -7.339303377739586631e-01
-8.474962035687532147e-01 1.000447851885625461e+00
-3.564140197398779630e-01 7.185586001125914279e-01
1.007819591118036762e+00 2.313736637002186125e-01
1.695870175167496718e+00 7.017030534761299343e-01
1.274474174766322410e-01 -4.161586849393729692e-01
-4.390504063165537874e-01 7.596776948412571340e-01
2.501332197240845046e-02 -4.991139587940801592e-01
1.158798099101313372e+00 -1.237438906089129098e+00
-7.539242971153474748e-01 -1.465659403625774404e+00
-1.172412065409492499e+00 8.188111808720381912e-01
7.198825085109694655e-01 9.756307846304821396e-01
1.937660043701157631e-01 4.792901256626105333e-01
-3.846443379514310340e-02 7.405116485540833571e-01
1.615332093483344167e+00 2.779131412109926424e-01
4.330173753884085652e-01 -8.245052597747937195e-01
1.031556942587016357e+00 -1.634122339964005466e+00
1.591922884611538525e+00 -5.596173274066232883e-01
4.335262520198400749e-01 -1.483470839494028137e+00
-2.699377740953760596e-01 -6.262756533425520855e-01
-5.487502288519540139e-01 6.277023465982513040e-01
5.902499196842736495e-01 1.063551251929875513e-01
-2.726050228071967285e-01 -9.386287313326272530e-01
1.605994926017341728e-01 1.256264322798180011e+00
-4.746374705321035337e-01 -1.684861231525849101e+00
-5.983286569447719971e-01 -1.462635854830334647e+00
3.311110334095495600e-01 -9.285063730042069086e-01
-1.616443961203962720e-01 -4.040109023423028578e-01
1.412545378926799211e+00 1.450059644322702901e-01
-6.992606479996926749e-01 1.470591198246687381e-02
-1.577119739942627885e-01 3.107577382323958859e-01
-5.285867215324511204e-01 1.150624953899893166e+00
-2.020417422396871387e+00 3.291171621409981540e+00
4.877072387135200637e-01 5.812136619325511955e-01
-1.092550574575776867e+00 9.004166750788689111e-01
5.682609366188908773e-01 -4.764475978527842881e-01
-1.152690133663635041e+00 -1.447783306387623536e+00
