-7.467059684025820210e-02 -2.238034554374513097e-01
-8.199773919363281816e-02 -1.688548541621612831e-01
-1.156333964490911415e+00 -5.349209072221214889e-01
9.032670092306144261e-01 1.629255821408344962e-01
-2.650438974350614041e-01 -1.974587844674961401e+00
1.153019586230315197e+00 -3.932696245538333524e-01
5.023741711893989909e-02 8.494789385153268535e-01
1.633954376071431014e+00 6.356347172264847911e-02
-2.468142900779918547e-01 -2.470485561521086337e-01
2.189885103403403643e-01 3.402951881254964728e-01
-8.346296234074196407e-01 1.110629607698886190e+00
-1.537560030257774546e+00 1.506312687105641368e+00
3.150017690783411539e-01 2.733281269811254077e-01
-2.409234427651156363e+00 -1.874691569627058518e+00
3.659993939971906141e-01 1.356945048143951782e+00
7.437989862811390518e-01 -1.225179504951539711e+00
-1.682842541651390078e-01 -3.815210192593166960e-01
-4.416037439061693548e-01 -1.830639929549394695e-01
-1.512310441421930829e+00 -2.468680287872704882e-01
-4.562766471624786213e-01 6.640020210013127810e-01
-1.022167398298526875e+00 -2.125890281688925243e-01
-2.082095324070404596e-01 -1.133665962681793760e+00
6.083945686854319579e-01 2.089811186917772401e-01
3.139205189439758792e-01 5.668661449891055915e-01
1.490554313104024836e-02 -7.621267978037006563e-02
-1.134541335604094758e+00 -2.567558581803352502e-01
-1.045188688369785401e+00 9.499492366443642588e-01
2.035489296057406694e+00 -5.879524470230459432e-01
-5.804767697381009173e-01 5.165623973941015912e-01
1.778118464601238444e-02 -2.869179208454675778e-01
1.103320158739825363e+00 3.998805514410161965e-01
-9.091959671908796947e-01 -1.328587368896760323e-01
4.709309354550846316e-01 7.546901656496800281e-02
1.840816323957071399e+00 2.591996754333461550e-01
6.934894099053882932e-02 8.940896489513656953e-02
-6.684696095271938088e-01 2.606779845500481474e-01
9.874149392011478676e-01 6.787502907852730472e-01
1.940542273484181957e+00 1.998465472838944157e+00
3.905194683369720976e-01 1.740587983111760106e+00
-1.292692662332719511e-01 -1.122811446461013940e+00
1.941689532899069981e+00 1.864339901824663359e+00
-9.397810179025771482e-02 3.868733772527671588e-01
5.629099083026133377e-01 4.427442186582503103e-01
2.900536687620069110e+00 -1.110263869091330013e+00
-1.314274203964183929e+00 4.044027233459111803e-02
-6.493510997832727671e-01 5.521051917959377692e-02
5.735484465512784291e-02 1.158866768932640179e+00
6.212109808953358847e-01 -1.343027229399697542e-01
3.057396581417068382e-01 -3.461395943772569983e-01
-5.170197171617828547e-01 -1.464099796115261531e+00
-7.477677047878882322e-01 8.780217917052064724e-02
1.176268063810596676e+00 -1.235887934013860212e+00
1.777674303079096463e+00 6.923596827248837959e-01
-1.695314274212257777e+00 -1.206256467825267686e-01
2.656048656349794257e-01 1.118694318402304155e+00
-2.183743906772475984e+00 -8.381390321337552907e-01
