1.053755659844775039e+00 -5.568084245054590042e-02
1.438414641485629142e-01 1.836945245336479182e+00
1.172657707785960568e+00 1.689208211768653267e-01
1.512959046429904530e+00 4.285912922637529765e-01
-1.351790399859828407e+00 -4.307683581201092737e-01
3.520872216002997046e-01 1.043509461322462251e+00
-1.796046843990474207e+00 1.133713407911064008e+00
-1.345915221843422493e+00 1.649542627988614507e+00
1.165983546222254114e-01 -3.476640039290142536e-01
-2.184696033652658020e-01 -6.593679684378721539e-01
6.214754362772019203e-01 -1.629239329413565640e+00
5.388876505022222041e-01 -1.107109572542559039e+00
-5.758860257396042348e-01 2.977035285593734315e-01
4.278845205412011854e-01 -5.995555832088309556e-01
3.386349079218636260e-01 -2.513081010334141219e+00
-7.486481735599674892e-01 1.112062154218292215e-01
1.807953773459362590e-01 1.409269650706046761e-01
1.014576874847782806e+00 4.232407338075375169e-01
-1.469490292634157147e-01 -1.928204428535502946e-01
-7.108651751854581091e-01 -2.100185892296403622e+00
-1.218647244670228169e-01 -9.553000498000087104e-01
1.818242244140310326e+00 -4.587297882490711798e-01
-2.244204943651145201e-01 -1.175057877471420875e+00
-1.510505434690679438e+00 -1.269279929912866534e+00
1.506982532682281217e+00 2.303646606891521120e+00
-1.620501248649278025e+00 -7.893235607082663696e-01
-8.402054531980376884e-02 8.020523746620447092e-01
2.220031861130422890e-01 1.156613003201463347e-01
9.015339728896030191e-01 -1.728469090732306368e-01
-1.679932297267167973e+00 6.168905208073552915e-01
-1.075177111554425302e+00 6.252057612526488173e-01
-5.201023823127782775e-01 7.881576199494322310e-01
-5.700770727324768750e-01 7.733280497812603516e-01
3.738840304413837412e-01 -6.807924015556163777e-01
-5.070445990623472822e-03 -2.993395821739330276e-01
8.766737546823175631e-01 1.630882077374686157e+00
-7.459207543165635723e-01 6.537744021604650069e-01
-3.070710241024192655e-01 -1.099877218246899865e-02
1.649494084466698984e+00 2.730579649713172907e-01
1.102106658556681662e+00 1.102251307791138002e+00
-4.525822800810523905e-01 4.758961485765620947e-01
1.720800502738893956e+00 1.260639187026042773e-01
-3.295255446058015791e-01 -1.093907132073810740e+00
1.761219840940090597e-01 -1.369634474750526909e+00
-4.251132990850239324e-01 -2.250820446584170798e-01
2.892357161225778128e-01 -1.444430310489758895e+00
1.059133988711659979e+00 5.866509088807509570e-02
-2.745148570233558183e-01 3.936548683399473392e-01
-6.384339522783396559e-01 1.945162582256252659e-01
6.047120335054574358e-01 -4.190501384468472978e-01
-9.085033239068415201e-01 2.531580849224319696e+00
9.390751222539424348e-02 -1.367848852060734810e+00
-1.371900496271229786e+00 9.826155119272805827e-01
3.184883056978785043e-01 -4.541250028715943660e-02
4.530644564279840414e-01 -4.030413431414039960e-01
5.500032310283514692e-01 -1.236376619819754108e+00
