-3.185216254342329578e-01 -3.318405515677510520e-01
4.278433530092346643e-02 9.878021013228472924e-01
2.709982571301307597e-01 6.020278662745041087e-01
-8.196591066049994934e-02 -1.286105373637755012e+00
2.066605076578036382e-01 -1.441482793581939370e-01
-4.218187524227112184e-01 -2.804964919528540879e-01
3.027539148767939281e-01 7.145194361552440476e-01
-1.144837928189424536e+00 5.978603601439225895e-02
-5.814461688849258403e-01 -7.811282356080417877e-01
-3.375445725513905315e-01 4.051328156003623504e-01
-1.132404246645189794e+00 -2.349040499500217594e-01
7.731965493440084991e-01 7.745586022502061185e-01
1.472803518004825118e+00 8.980489919876525340e-01
-1.948951325030818360e+00 -2.519767106238730570e-01
-6.648286782331405131e-01 6.537299587673617296e-01
6.125582296576428387e-01 2.043115850978064751e-01
3.576942526868831518e-01 1.287175609145860267e-01
-5.655278259331016771e-02 7.269054960784743225e-01
1.309724293713973697e+00 2.619652145793620601e-01
-4.261361188501954222e-01 -1.917829499930525095e-01
3.826655679464971427e-02 1.166473689633772626e+00
-2.055088985570726834e+00 -8.870360709572348012e-01
-4.745888203592535937e-01 7.186894384414962977e-02
-1.799928772065726212e+00 6.461804032627919137e-01
1.428992110859415687e+00 1.790935924653104028e+00
9.778697629013487491e-01 -1.214885904567306385e+00
7.803681019165517041e-01 -5.633139858126126054e-01
3.429522520840366795e-01 1.342783309695828375e+00
-4.060163915744548907e-02 4.627375412108288844e-01
-3.421185622163704920e-01 4.570570463610020839e-01
6.550067148078180246e-01 -6.899081135216632577e-01
6.439990896256816422e-01 -1.265794222796141399e+00
1.507267271345161808e+00 -1.293713475186810458e+00
-1.867512469663369923e-01 -7.530660170238433482e-01
4.473580087884027612e-01 2.094109782102790140e-01
6.159066653475345765e-01 -1.409909626951474149e+00
-1.787291181662853834e+00 -1.028304241279397901e+00
9.382867617840195962e-02 9.675454536385380555e-01
2.108585709565031774e+00 1.990798201929814826e-01
5.419002071662231135e-01 -2.773010763414802682e-01
-7.681248933872946161e-01 -9.515965493387498197e-01
3.497510063761391508e-01 -9.324904978685788492e-01
-8.388637568277099721e-01 1.939570340011189387e-01
1.465052502129973400e+00 1.064386318967590839e+00
-9.374147682442848795e-02 -5.473915735522638659e-01
6.288340346666055902e-01 3.127768872042019366e-01
-1.470067055856788762e+00 -1.396935386227470266e+00
-8.684174447224353166e-01 -9.899383724541285789e-02
1.184639107230800598e-01 -8.175951394613039103e-01
-6.324669550456069045e-01 -6.944606097888766927e-02
-4.783107393418592479e-01 -6.426805468951173328e-01
1.723460693479071715e+00 3.777095894990666891e-01
4.588808332572337223e-01 7.397729247170410360e-01
-3.000914051821889084e-01 -8.203501892892343106e-01
-1.411194239166779107e+00 -1.041199947661152446e-02
-1.161996990414221775e+00 9.988478646271249373e-01
