1.072601262168286107e+00 -1.213393169927629689e+00
-1.125904771102307356e-01 -2.859310671043681085e-01
1.042380656131226768e+00 -1.658767112740045846e+00
3.702892438483680326e-01 1.889092452886572238e+00
-7.921162222277504661e-01 3.981245993458329968e-01
-9.390729535772601722e-02 -1.589344271775533946e+00
2.386012694635369691e+00 2.841937364929763010e-01
-1.705400533141755215e+00 -1.141693247911204218e-01
1.685889775226359300e+00 -1.074149901569793952e+00
-9.884463031280357193e-01 4.464305112331933834e-01
-1.307503515122656612e+00 1.448434968833547110e-01
5.082460703466503693e-01 -5.758882620826087928e-01
1.005131244405350621e+00 -1.149994259092191662e+00
1.722267562905173965e-01 1.345277430618710079e+00
1.155083775692179238e+00 1.088766955524505198e+00
9.249409354699046348e-01 -1.556875206155420743e+00
-4.976829723371802711e-02 -9.254221232838478750e-01
-3.506384679863792653e-01 -1.463727836978607533e+00
-3.651403279610206387e-01 -1.466211557498023066e-01
-9.321464466528935899e-01 2.534697219091496256e-01
-1.337233822662650118e-01 7.968978762137146621e-01
-4.262738168748784751e-01 -1.358219027511239130e+00
-6.372476059771108037e-02 -8.345477320707369584e-01
-6.546222647751236412e-01 4.775808084938929637e-02
-1.660535368159926084e-01 8.786845518074553052e-01
-7.306252348986917999e-01 -1.734731716691674919e+00
5.827559388018059040e-03 2.563894403190308813e-01
2.809218974977613636e-01 3.996960012515905075e-02
6.780082523955934803e-01 -8.056635445780799820e-01
9.780396796642107926e-01 1.039783551244497062e+00
4.373407295579688214e-01 -6.030574541074558148e-01
1.539527959586442618e+00 1.292344446620902199e+00
-1.336915018897438356e+00 5.074175806353552476e-01
-4.656360253265662830e-01 -1.698891967965485694e+00
-4.160899671880143313e-01 1.488006818068824844e+00
-2.154073786834005855e+00 1.357088703841815791e+00
-7.285579233979002645e-01 9.404506083226265023e-01
-2.297948375755294870e-01 3.412217410367475723e-01
7.168381002491350795e-01 -7.845566917824714492e-01
-8.078614101193490882e-01 2.279406000075779204e+00
-2.415636038648854289e-01 -2.466438149749773934e-01
9.798638218997213212e-01 8.031152152414969825e-01
-1.110300458634866150e+00 -1.552476176945595032e+00
1.273764478032969050e-01 -1.226268933349921708e+00
1.833582903901966210e+00 1.159179956683884072e+00
1.735841716471978602e+00 9.481698684043018965e-02
-3.575165568967682006e-01 -4.072496640054721999e-03
1.241872438274888468e+00 -5.342117363965256382e-01
2.020714501544222663e-01 7.858767898666313423e-01
4.634197428640717820e-01 7.045269201368635770e-01
-5.705738439113892113e-01 7.937316703280515862e-01
3.307377616026724865e-01 4.980416422277379462e-01
1.336097432994616918e+00 2.203831835362951352e+00
-9.365745080104604936e-01 3.368762263823861791e-01
-3.782154904002635321e-01 6.100831119636432875e-01
3.761999193328466329e-01 -6.331658251293992290e-02
