-8.053261544184028287e-01 7.661048559762730914e-01
5.407339389369150151e-01 2.819893056224857530e-01
1.166826156164422201e-01 2.656364405220008051e-01
-4.998582156545985367e-01 -6.631943032883177436e-01
-1.261820102296478674e-01 2.651833019770309274e+00
-2.003719292398423776e-03 1.829172395557246769e-02
2.198077649873345918e-01 8.980201539638105190e-02
-9.961194536950910283e-01 3.928042989354221803e-02
1.196751133384991173e+00 -1.256695773541395500e+00
2.560691757266841506e+00 3.099762297063253236e-01
-1.203216793517988714e+00 5.799682288947269893e-01
9.801828239573534551e-01 -1.284303019071687757e+00
-3.991501923242866678e-01 -3.252772061890851774e-01
-2.220395617702363822e+00 8.240204000006786655e-01
6.675212962252534687e-01 2.139645956049893716e+00
-9.832572950372463205e-02 -1.149305279596716467e+00
6.212142984000368351e-01 1.763817151685660445e+00
-1.073726087511464700e+00 -7.323820686276580894e-01
-1.158528709494714759e+00 8.656947666032343003e-01
1.303872188786230568e+00 1.473690251422113962e+00
-2.097236804796100973e+00 1.425735890061594180e+00
1.716718703345960551e+00 -1.241521921413108354e+00
4.905697564102640684e-01 -6.352437166036517535e-01
4.293080102631067207e-01 8.419550951887785351e-01
6.647916159125867308e-01 -1.719814119596357604e-01
-5.043366273243043985e-01 2.678138094514727063e-01
1.078418045054290841e+00 -8.586376794188133044e-01
-4.205454316950284488e-01 -9.941904992040475619e-01
-1.167049003696704501e+00 -4.010096545780312410e-02
2.044528847075595956e-01 1.082085296270643981e+00
1.794103086024329885e+00 8.410479635423283584e-01
5.741184679601907953e-02 4.052104715042388339e-01
-1.748885703450622664e+00 9.535444536905660629e-01
8.371297725373727516e-01 1.173891485850006466e+00
-2.087046068187077552e-01 -2.391093009232255984e+00
-5.992689101965543719e-01 -9.778295122736869738e-01
5.238858684342723171e-01 -1.234361232248168960e+00
3.289960005525601611e-02 3.861170774537325129e-02
9.550108739543708980e-01 5.703548511658630416e-01
-9.231463887625065423e-01 -1.132998256261671666e-01
1.499644842413127455e+00 -1.637405800809051126e-01
4.894567522605641208e-01 -1.942321626036205007e-01
9.885951878209534027e-02 -2.162963533206120337e-01
-5.334920616784023517e-01 5.007871649378361489e-01
-1.298887458357896652e+00 1.961250078454075396e+00
-1.310380319018822626e-01 6.348670070500710416e-01
1.186523450839118921e+00 -1.051567279123703375e-01
1.347080138898946455e-01 -4.380056214532662695e-01
-1.405699672790385879e-01 7.993621731709387168e-01
-1.930461923409627190e+00 9.779330401065280398e-01
7.941531670554687894e-01 1.330486915018613270e-01
2.740304190123628910e-03 8.196959665681142759e-01
-8.271602180669923587e-01 -9.735499558036994072e-01
1.539591217154495650e+00 8.223070007528033853e-01
1.403642110625976880e+00 -4.341821117941265795e-01
1.521353501230015559e-01 -1.320384236044084947e+00
