2.532144739603330308e-01 3.875175341933717044e-01
-1.937770917197414455e+00 6.168229018901896232e-01
5.458896407670940087e-01 -2.246499652127081248e+00
-8.593220250709482366e-02 -1.305560734882506568e-01
-1.652742065175520692e+00 1.994944499375322922e+00
-1.449498776829268309e-01 -1.040019701410802799e+00
-6.666875223936541417e-01 -1.006198534906149966e+00
4.203323322600180378e-01 -6.726432616230390571e-02
3.110317717179417740e-01 1.036438421416848943e+00
-1.580301796426068772e-02 2.406287801048715563e-02
9.769255520639427148e-01 2.138286904452251225e+00
-1.449354307917078089e+00 1.205960746250358540e+00
-1.116729854857274468e-01 2.597956387798660560e-01
-1.207619562113531941e+00 -5.834988125047598645e-02
-4.653304580409337587e-01 -8.603090782288174143e-01
5.746341106754195016e-02 1.958969289908031597e-01
-1.547815390894168530e+00 1.138708734905858444e+00
-3.768275740891340875e-01 5.576791765952073682e-02
-1.396510344814574367e+00 -3.893381373175867632e-01
-5.538230694205313887e-01 1.675895757738695979e-01
-2.786119444103666520e+00 2.148123154936982804e+00
6.245856181250897254e-01 2.350516353416584603e-01
-1.887252810972617878e+00 -1.876179456192893058e+00
8.552035586200059658e-01 8.005863140796708188e-02
-1.008022651990489182e-01 9.037222442770173614e-02
5.945227505340048291e-01 -9.582835604308483080e-02
-1.476663215724810962e+00 2.678122522585456022e-01
2.010818293459157413e+00 -3.383358612584840691e-02
-1.510272992424595007e+00 9.086243457541892665e-01
-1.286283360686326871e+00 9.814463870700541881e-02
3.205012490695868799e-01 -7.170617849531023547e-01
8.192695971599057991e-02 -8.446665446493913931e-01
-4.746153208570705884e-01 -1.919291893413693495e-01
-1.155825456221988151e-01 3.757139629339442122e-01
8.338491876159069838e-01 -4.185330293474430752e-01
6.838305922282772453e-01 -1.429038344429433227e+00
-1.396200494676199222e+00 4.720808942406494735e-01
-5.503443333645883229e-01 4.738518841251788266e-02
7.546057089524572659e-01 -1.739596330666778878e-01
-2.084096108543861181e+00 1.116269058972990891e+00
-9.690600760025970262e-01 -1.429305997394735572e-01
7.860312007283011271e-01 -7.974152569572710014e-01
9.237954536856363141e-01 1.849902677327561307e+00
1.189671538663745975e+00 -1.181336583428573617e+00
8.311672528229935297e-02 5.461310374467867046e-01
1.542284222283142048e-01 3.320353853011384082e-01
7.459602035831225386e-01 7.661609383680303420e-01
2.942389588790033650e-01 -9.256470841561981189e-01
1.732334387289487188e+00 -1.023166162312596494e-01
-6.595810799045550565e-01 -1.112854420609922901e+00
-1.347162758708347008e+00 -1.323109452180435852e+00
-5.256481582050539503e-01 -5.577127165616335008e-02
5.719986680529874912e-01 -4.565587608285383292e-02
-1.385807423148465389e+00 -2.421311610160835903e-01
1.796005660595238584e+00 -6.176463398197091781e-01
-4.987817508165016678e-01 1.317291841547362008e+00
