-4.394005186908836458e-01 -3.105636880214440176e-01
-1.554942689755530960e+00 3.295055923548082522e-01
-9.721364265733753451e-02 6.317379943291557831e-01
-1.643503547568615775e-01 7.034088802133084961e-01
-1.045456832716948004e+00 2.060680444592664362e-01
-5.057359990596675958e-01 -1.258704346310534516e+00
-4.329522767192859334e-01 8.446334176966602270e-01
1.304969722249527675e-01 6.681162246530877313e-01
-1.546476445417590551e+00 8.882553431414491607e-01
-1.382421825595490539e+00 1.926341827757830583e+00
-1.144016275377944258e-01 2.003920311779612273e+00
-1.444080817696368424e+00 -5.588413797812884498e-01
3.405489100354667231e-01 -3.119154711274176317e-01
-1.229296669120600205e+00 1.041935516987746890e+00
-1.115033419771004786e+00 -1.291457018751671848e+00
-1.501332028527242901e+00 -1.366910857504614329e-01
-1.865096897917324914e-01 2.228729460333172430e+00
-3.177519008154073843e-01 -1.088005676894094442e+00
-7.400448886376719271e-01 1.241263181762580325e+00
9.050439675239149162e-01 2.001803788566631215e-01
2.249540596272217474e+00 1.614343223420580120e-01
3.357998026029322403e-01 1.667335276372462760e-01
9.955233244152975614e-01 1.054207590554523399e+00
8.274410025292656679e-01 1.710269442660260708e+00
6.515763981402152849e-01 -1.136199624162687938e+00
8.811432994577546307e-02 1.220879600506737495e+00
1.627090970701064732e-01 1.939511123847199314e-01
-1.520069559277577476e+00 9.036950748502096120e-01
-1.890823919137367415e-01 -1.074251222505304693e-01
-1.018988422336360999e+00 1.629968833240999615e+00
1.405072259770991927e+00 5.023469159579199150e-01
1.449272855113389991e+00 6.718174653272578345e-01
-5.295599678707549884e-01 -1.839107807071168832e+00
-2.356670903274063367e+00 -7.021739192546297970e-01
-2.111703172292318242e-01 1.161911535463685308e+00
1.352560366255718405e-01 1.238326216482334707e-01
-1.478103167154730446e+00 -1.495200260876506704e+00
-1.590064522466927421e-01 -1.105980215287904800e+00
7.001040248979787384e-01 1.774120511887759821e-01
-5.255021526813880017e-01 5.208155665919571575e-01
-5.522972327599542375e-01 1.811623067084894956e+00
-3.609590868217771309e-01 -5.411340373744076837e-01
5.083716242001273811e-01 -7.241258881542735892e-01
-8.535821852140159649e-01 -1.122901748844620462e+00
1.373687766093310669e+00 1.401255381874791262e+00
-1.118884149756326218e+00 5.123196453141366513e-01
1.399521338566402040e+00 1.366872012026511783e-02
9.370326362289882471e-01 -1.373655817585136107e+00
2.094198416652073014e-01 -1.941653678075392353e+00
-5.207207468126603400e-01 1.017832592075541776e+00
7.652390966408119111e-01 -9.779375287555404084e-01
-7.791789279806606849e-01 1.099400568737921136e+00
-9.303207578913196274e-01 -1.639082195614962378e+00
5.221808746822361735e-01 5.843427255331624659e-01
1.370045034667553896e+00 1.916631024016060281e-01
1.248636840008849225e+00 -1.744050663837556137e+00
