-5.600584101234930001e-01 1.022263392072160659e+00
9.723763411226791220e-01 -8.662621726368564534e-01
7.721875731204452808e-02 7.170513401819393895e-01
-2.639443273712583693e+00 -6.658229069419892010e-01
-4.686623631452116467e-02 -1.812886217096129349e-01
-7.667326482374855479e-01 -1.059072074075878778e+00
-6.026970495615854295e-01 6.067411692092274794e-02
8.696434966741144468e-01 -3.175916520326201309e-01
6.484735534784121791e-01 2.609570075152855551e-01
5.722193017880322641e-01 -2.319433755018790233e+00
1.217253874176336126e+00 -7.218038959057562209e-01
1.356110844339306759e-02 -4.825703748483715083e-01
-8.346993888794731475e-01 -6.632232835984007424e-02
-9.497695406008995755e-01 1.499419081382542263e-01
-2.497386533944967180e-01 8.611161748650412173e-01
1.602949682574376977e+00 6.292701424711850677e-01
1.582096315779019935e-01 -1.091342445282210416e-01
1.779874628317911656e+00 3.802537643010822088e-01
-1.227712925728312587e+00 -1.720551274343679882e-01
1.109844750669852331e+00 1.378066521331159366e+00
-7.492106909917172208e-01 -7.437088539432560319e-01
-5.319165308270923376e-01 5.084887347123488721e-02
-5.219978237143625410e-01 -2.585340901085394494e-01
-2.568661958759127284e+00 2.137452048828150986e+00
-7.279093174071488148e-01 6.752803440944916968e-02
-3.608363936472525624e-01 -4.985649316669152897e-01
1.793768063326485196e+00 8.681599997861617624e-01
1.069838113052372197e+00 -1.303261813445024120e-01
-7.905470417808202477e-01 6.723175754679772131e-01
-7.613803175595640349e-01 1.317603790925155671e+00
-2.668176585908182297e+00 4.936019240725383894e-01
1.128814807130621434e+00 3.130660246777706990e-02
-3.011553181650839406e+00 -1.790354532015772993e+00
3.700681412004415138e-01 -3.563585130128528178e-01
7.870587821027696940e-01 -1.203968084701732666e+00
5.486220014117130228e-01 -1.947917433005878773e-01
-1.118360981083981853e+00 -1.349759316671284681e+00
-3.314533221811452268e+00 -5.327630906239844144e-01
-1.637442885537001347e+00 -1.838053844097255141e+00
1.147489442463047515e+00 -3.722154870634915569e-01
-2.624181587555838857e-01 1.346445248719113197e+00
-6.486135926780576266e-01 -9.052351092909303176e-01
-6.322131908985855198e-01 -1.697831108566935754e+00
1.411219290772516510e+00 3.406688349181559161e+00
-5.625774052473594966e-02 1.001294324956509829e+00
9.244796099070575757e-01 -1.344856723478841998e+00
-1.195364103999040500e-01 -1.021852381815798516e+00
-2.006200584792571906e+00 6.613234601162774062e-01
6.447409066264113697e-01 1.100671069352759934e+00
-4.769145389201380203e-01 2.340671644044379704e-02
-9.709082661218160215e-02 6.053063417068745844e-01
-1.889741039941320588e-01 4.192447994973666492e-01
1.440760082451322033e+00 7.468841569640586320e-01
1.627790722811996549e+00 -1.218597591210955899e+00
1.830070250639867835e+00 1.374208266293157399e+00
1.484542095841556053e+00 2.025214052344446458e-01
