-1.223753806307305680e+00 -1.741069276728593129e+00
-7.764590181454527062e-01 -5.171063944555275294e-01
-1.699484278474253651e+00 3.157932988107177708e-01
-8.661910659264537848e-01 -8.589368060850017805e-01
-2.201540750740541563e-01 1.529527038504491232e+00
1.464458781508973573e+00 -4.335410848384428917e-01
-7.817644714337557144e-01 8.682651584216113383e-01
-5.787122996325284596e-01 -1.681526621401727262e+00
-1.971533511991177878e+00 -2.354299726654061065e-01
1.713762374052319126e+00 1.126319862841274944e+00
-1.758162006960855284e-01 -7.337818962811045731e-01
6.402521060852051082e-01 -5.063118907849265549e-01
1.685452438306896950e+00 9.628825219229355525e-01
-7.170179738987904061e-01 -4.461598588122839826e-01
-1.698397898083916280e+00 -5.660681549912568444e-01
3.063908767002821998e-01 -1.665525314068009521e+00
-3.839781585035112466e-01 -9.624050345104764523e-03
-3.662892251074104655e-01 1.824015112867110877e-01
-2.909915157453812351e-01 -2.496966285052514278e-01
-6.647225552960505102e-01 -5.960176520918769594e-01
2.744846851907492558e-01 1.632776075640900437e+00
1.564086064253227049e+00 -2.275061873679875557e-01
-4.337680821431605938e-01 5.987592204969414966e-02
9.305054105983148749e-02 1.577135213408521475e+00
8.850540119044831844e-01 -8.534718067782344209e-01
-6.103604673762642874e-02 -2.904768781199357441e+00
-2.400857297446752359e-01 5.379414783650047216e-01
8.645670914319203426e-02 -1.679048048703574991e-01
-1.996932233648646804e+00 1.307694053624345765e+00
1.380018220633027815e+00 -1.906648825873154873e+00
8.374523004195294495e-01 -1.962668522468065668e-01
1.500521382683031701e+00 7.640891736830034142e-02
-9.087027671989794664e-01 -1.219742506504279955e+00
1.183452604675723219e+00 -3.363951914301682167e-01
1.297414312398460945e+00 1.438906057859159926e+00
2.967989755312882422e-02 -2.308353870661737639e-01
-5.623028296977526930e-01 1.372344640574588492e+00
1.189280532505746946e+00 -1.272057412419538069e+00
-2.130539060925651222e-04 -1.447689404239064670e+00
-5.628851640620788910e-01 -9.296522222215797271e-01
7.810482965001424027e-01 4.366386867514092385e-02
-1.285831607999012305e-01 8.185889475063553578e-01
-7.631845825341538880e-01 -6.302350049777838414e-02
2.113904278005278997e-02 5.731176291165884784e-01
1.955027355258792121e-01 -9.862047831233331507e-01
-1.418899279493971155e-01 -4.284084808707265268e-01
3.967347014567144670e-01 -1.889186985158879839e+00
1.204411250114163362e-01 -4.630832815111965428e-01
-4.866088724984513614e-01 2.510641436740395083e-01
-1.191691032960691343e+00 -1.066795746886180646e-01
-1.027356516839816436e+00 8.278006687281428411e-01
-4.983377431145438741e-01 1.789899166039611578e-01
-1.953569545519597606e+00 -4.183287149049277898e-02
-3.690467215744923368e-02 5.604794139844634371e-01
1.463300637089917366e-01 -1.699573168078863938e+00
-4.709018046726538009e-01 -7.049654279544615987e-01
