-3.923966961856065194e-01 -1.688134239312614471e-01
1.485648693376991236e+00 5.544889794850677012e-01
-1.827944437425423008e+00 5.501933809602706227e-02
-7.166113067658545777e-02 1.723155535360562096e+00
-7.907189680328764458e-01 9.366750311493841075e-01
4.326322663955342596e-01 9.194644128902007552e-01
1.607726675399943739e+00 -6.934904900005773865e-01
3.056738506730645177e-01 7.951800319562613018e-02
8.250062920779233089e-01 1.283561060651289942e+00
1.755325588219442956e+00 -4.583033780913063904e-01
-8.129730331913991304e-01 -1.718921007809013801e+00
1.017361250433811204e+00 -1.090371998656954444e+00
-8.936363072228156179e-01 8.224116168353243772e-01
1.072914308804347350e+00 -7.582959355296687853e-01
7.491871876215798753e-01 1.473529552664391319e-02
1.165182447917753716e+00 -8.308006185855951013e-04
1.328049294484606291e+00 -1.079906614713961766e+00
-2.202988858447201270e+00 -1.251711488500439451e+00
4.253389230187867298e-01 -2.327601785016099323e-01
-4.644968548376199324e-02 -5.212661721736521203e-01
-1.054288677337029689e+00 1.844551210649718387e+00
-2.583633303804185877e-01 7.217678927709768599e-01
1.780770887870236852e+00 -1.627443707498856806e-01
-5.517098708449963418e-01 4.562319280060351256e-01
1.903663927417776458e+00 -1.147678295411618254e+00
-1.234926222275951835e+00 1.165562279267774892e+00
3.905259039195939086e-01 1.894427662901609216e-02
3.986879384287208561e-01 -1.713226817306568339e+00
-1.431856454646843746e+00 -1.220542871033106991e+00
1.364888884435822458e+00 1.110621415840433501e+00
-6.648022564841763460e-01 2.568193426731549267e-01
8.770368195674421719e-02 3.475979473009055964e-01
-6.477976007028359851e-01 -8.982480006324295996e-01
-1.416846952735771659e+00 -7.523526819055410542e-01
9.279911219933381084e-01 5.004799735419399598e-01
-1.718073145353002096e-01 2.264628276020536901e-01
1.320779570559251215e-01 -1.965070776408965214e+00
1.216640492175991239e+00 -1.183114318090218164e+00
-1.709949740874463497e+00 -2.580205925292130553e-01
-1.939057040393629971e-01 2.797430840568322363e-01
1.364932099796516640e+00 -1.405139756343636304e+00
1.704324105144413126e+00 5.390546021136825017e-01
-1.672238246887290058e+00 3.934512235299187366e-01
-1.837065048495803155e-01 -3.105020461283328537e+00
-8.108909206548134962e-01 -1.541086460581009954e+00
1.254948822439467815e+00 1.592973336013725483e+00
-7.559471295213678887e-01 8.814151230168876250e-01
-1.527534333261972022e-01 -1.679646546065876267e+00
-1.093939968302379828e+00 -9.908603431153404362e-01
7.824063413642437514e-02 5.429236028382593560e-01
1.266508518492811097e+00 1.530578406328027663e+00
-5.784474993419119748e-01 1.154857404974735768e+00
-3.557066045152915690e-01 1.007863140087867926e+00
-6.876681023318925723e-01 -1.621027487036414083e+00
2.675266682612947866e-01 -5.405849250094393321e-01
5.108092765550312775e-01 5.365671616370883829e-02
