3.217179504788749700e-01 -5.694504066108347917e-01
-1.972616466938806323e-02 -4.877492297946579569e-01
-7.269685834407392244e-01 1.061771081710651599e+00
1.254755496557939720e+00 8.222892834536019713e-01
-2.656420437970472004e-01 2.635457681701685040e-01
9.505401863633502479e-01 5.222982073075607135e-01
-2.393208478006449980e-01 1.343195406483635966e-02
6.835220836384645615e-01 4.309431366106537820e-02
-9.585438849797267569e-01 4.738843957832974407e-01
7.256654854819556411e-01 -6.777544314139998249e-01
-1.307836593278109971e-01 4.168997250985112535e-01
-1.040463814709654988e+00 -1.338012444534003934e-02
-1.083847217083701159e-01 -2.011809712916729498e-01
6.412952884809343113e-01 -4.095163694036128149e-02
-7.416334231983114922e-01 -1.738349098539492821e-01
-6.067762412007452477e-01 3.913224029407936233e-01
-1.035305954489127434e+00 3.628100469179968979e-01
-2.045442462108970627e+00 2.141268682058181660e+00
7.270253879799599694e-01 5.956848731358931337e-01
1.191841137690970776e+00 9.179800408398890443e-01
1.628442094022780062e-01 -2.747056954126585460e-01
-9.932678353623315415e-01 -5.424938666056773329e-01
-1.064208572904068006e+00 2.150672521423574179e-01
-8.456556997182292923e-01 -3.526485074899088912e-01
-1.390803105583815258e+00 -7.270827530617385293e-01
-2.396820627359510791e-01 -4.012370962121237228e-01
-1.166972980162247486e+00 -5.286018679753206051e-01
5.806196877926703692e-01 4.873144642391617487e-01
-2.203497372104343821e+00 7.144533077949219990e-01
-6.578372314502023421e-01 -2.314033533707856860e-01
1.855467152731984926e-01 1.515321835417037660e-03
1.577509526613005919e+00 -3.094159878493864535e-01
2.208045584233857106e+00 5.279351112579917515e-01
4.526584323484836858e-01 -1.842428418341052643e+00
9.037997952201373697e-02 -3.104825010298166710e-01
5.363420137449611547e-01 3.212871651444195176e-01
6.253872613477402531e-01 2.553098670816838833e+00
-5.039985243354243583e-01 3.649713906164018251e-01
-5.712652112512273117e-01 -1.911886308692505310e+00
-2.363306816877565719e+00 2.188468153865704924e+00
5.241159977914252588e-01 2.136881109596106554e-01
9.379152583298976387e-01 -8.651180527000094100e-01
-5.886977199490540658e-01 7.175133259305511713e-01
1.894775340495961913e-01 -3.642313065245953441e-01
1.334545522930200789e+00 -1.138615383196773134e+00
-5.034268657083232901e-01 9.078496412359465806e-02
-2.901158341817567932e-01 -8.890287544449017032e-01
-6.484991876903827279e-01 -4.873548726982738222e-01
2.916997741001968736e-01 -1.122348920705546149e+00
-4.417115853197501329e-01 5.636231113280314453e-01
1.508853368260959227e-01 -4.711881183789707328e-01
-5.354763628567089234e-02 -7.410352946721010525e-01
5.118723156285163167e-01 2.216667262819474793e+00
8.893659064206753673e-01 -1.237761040414643743e+00
-4.024095011642868647e-01 -3.652028867688366653e-01
-1.510484374908253713e+00 1.557858266615504139e-01
