-2.693672722747070036e+00 6.917039125818238432e-01
-1.393798013397369084e+00 -7.008452863199034211e-02
9.764688195634141366e-02 -2.036904881679111767e+00
-9.398578652550501622e-02 4.382892936183535038e-01
1.376799755190455832e+00 -6.602540615591819331e-03
-5.436254837605136725e-01 3.422351135856551263e+00
-1.033829252852473513e+00 3.100913534953754214e-01
5.009931181838976899e-01 2.659621656432399894e-01
-2.422705054066135733e-01 7.884755968393506453e-01
-4.367461862828300734e-02 7.226922151680971185e-01
1.049834341067082955e+00 9.820099846169214053e-02
6.199136442338266662e-01 -2.570278517169538590e-01
-1.374431445158523335e+00 6.999724460814809035e-01
2.255953905945608517e-01 -7.376989679382198739e-01
1.286569623813611285e+00 4.676959541382941232e-01
5.963207102755624378e-01 -1.084858929844532138e+00
-8.392851006884056719e-01 3.640802108899217626e-01
3.948782320867038620e-01 -4.851871227388382390e-01
1.238647318107924056e+00 -1.659208819230443055e+00
5.113739910334388350e-01 -1.564081881736463009e+00
-3.196681040861861778e-01 -2.261598398450300085e+00
-1.654908874270592412e+00 1.175576164999789341e+00
1.127977784670124883e+00 1.802574240556209795e-01
8.876740510145353369e-01 -5.597674117467004162e-01
-1.885575078520367986e+00 -2.004131780865510137e+00
1.237511127757661811e+00 -6.528528204897471321e-02
4.451670265920914527e-01 -1.704063002191858744e-01
-1.126334438304030350e+00 -6.158753599096473685e-01
9.761448865134314534e-01 -3.169876715052145633e-01
5.937556469704984297e-01 -2.000417881842071477e-01
-9.143815631914354869e-01 -2.757399139358320816e+00
2.976018809477873894e-01 -1.554651773903320544e-01
-1.128828284474821420e+00 7.492623543160309429e-01
3.370457660613902506e-01 1.090861888924421708e+00
1.438810621156249914e+00 -8.292511259457899797e-01
-1.189933735685085425e+00 2.231827313083548425e+00
2.869457613275724350e-01 -1.866756145370282796e-02
-2.205660705796577137e+00 1.140021394030008711e-01
-9.453821180580667116e-01 -1.582215586532641716e+00
1.367090535868503265e+00 -3.311816804680136617e-01
2.269812727404953157e-01 1.652340580184835095e-01
5.898116165870749272e-01 1.325126985635573629e+00
1.241072046892157887e+00 -6.923905647363224336e-01
6.174309077613593377e-01 4.131930665420250337e-01
7.054975681893996819e-01 -1.220137180536872590e+00
7.768242216598496563e-01 9.172489397157292113e-02
-1.217054069071686451e+00 -5.051268145955079003e-01
1.228106125699342854e+00 -4.041678784825210591e-01
2.059836458136071191e-01 -3.288523385361949991e-01
1.016121076533036183e+00 -4.311878605563096434e-01
6.324769983027316023e-02 -6.681479041492670579e-01
2.355500462622812374e-01 -5.437487852476803329e-01
-7.308239352861454208e-01 7.546673315756159683e-02
4.877180902166103338e-01 -3.568527739927831455e-01
4.206746084005137387e-01 3.826299050215754005e-01
-4.389959052016206148e-02 1.310567040765344249e+00
