3.442465793671347085e-01 -1.191815562632946968e+00
5.415911869806198098e-01 -5.736627716724941595e-02
1.625390025497374519e-02 1.328780621720484723e+00
1.839932291038848255e-01 -1.825004294543886019e-02
1.973504458788503946e-01 -1.245254133573242328e+00
-9.519809854236113145e-01 -9.781143468881602354e-01
-4.376330936786485548e-01 -8.224567712463266567e-01
1.162081801341573739e-01 -1.422781589696716198e+00
-5.831154963696121296e-01 4.280283941101671319e-01
2.048581220254888646e-01 1.097494773877641716e+00
-1.207088200430625591e+00 -5.991249437768765285e-01
1.267626933372978382e+00 2.822573720573511302e-01
8.818611600011763141e-01 7.538400561570964831e-01
-4.557929389221208605e-01 8.384629969754681111e-01
2.059509391335462070e+00 -9.582685124523832032e-01
-2.503589901659830641e+00 9.089578906831510263e-01
-1.909657261525539718e-01 9.236485657582035325e-01
1.289349657671772231e+00 1.077628619208692129e+00
1.870664872708746596e-02 6.872445244035320089e-01
-1.231390659908640384e+00 -7.274613293288738625e-01
-8.483727552053610399e-01 -2.083829602620676180e+00
1.650962772256498123e+00 -1.526772262608073749e-01
1.525233529032693769e-01 -2.249898930212649029e-01
5.748801649881841724e-01 3.365258147137614730e-02
-1.216027406333003852e-01 2.668219099167915553e-01
5.323507941479895811e-01 5.529689219971280906e-02
2.035801055542368343e-01 -4.979093301208161737e-01
5.051637947999444433e-01 -1.053321728267490265e+00
-8.576256156207723302e-01 -4.749453440686747796e-01
-1.267658025068372440e+00 1.427661921414722923e-01
-9.700976408096059211e-01 -3.678193679206561484e+00
1.419473654606045132e+00 6.588846379506648754e-01
-8.738960645238001979e-01 1.277312364504577802e-01
-6.451828347874137837e-01 -1.150882664439323744e+00
-4.261514790548165954e-01 -6.216527528373257949e-01
-1.412176433134592735e+00 6.000454620507377212e-01
1.144106272417173831e-02 -1.066741863474060414e+00
-1.399906320839479523e+00 9.025029488058239346e-01
-1.007499797313603368e-01 2.391926108359808456e+00
1.451558287014854121e-01 -4.664169606856160555e-01
1.796170982910856584e-01 -1.092804152228851744e-01
4.762651931709988018e-01 -1.524541613033716658e-01
-1.214142096701147588e+00 1.137645307472651801e+00
1.188135615169211734e+00 1.640554748198160384e+00
-4.213792609316388549e-01 -1.293942446864303708e+00
-1.293574847513019987e+00 1.124149575851877358e+00
-2.253266296084198483e+00 -1.345671133382593032e+00
4.091066395880176843e-01 -1.262226354715018317e+00
4.264330458778929911e-01 1.300028745515834361e+00
-5.464043042078871038e-01 -7.779450902177208471e-01
-1.667305609162783586e+00 1.226391621306463842e+00
2.514301294346023008e-01 -8.713341622739275705e-01
3.093263017668957948e-01 1.857900144997119418e-01
1.331909213567572525e+00 1.324132218342367828e+00
-3.862681068184800059e-01 -1.543686967508689944e+00
2.775227235087359690e-01 -3.261735466806358064e-01
