-9.085769866383471005e-02 -6.463549825030134866e-01
5.279030763072588561e-01 2.163360198223318598e-01
6.958943699743896927e-01 -9.800164634015511023e-02
1.054764508500043885e+00 -6.817765550937547880e-01
2.005833323254246348e-01 -2.218135443637826720e-01
4.818401524297047933e-01 5.171450034271333207e-01
-9.673728648732140556e-01 -1.236683756854424360e-01
-1.071940004457847095e+00 -8.602714318811245375e-01
2.237347521980153520e+00 1.035536066573069958e+00
-1.696806604480138425e+00 -2.784732504702792100e-01
3.385211634002560643e-01 -3.012009631512488350e-01
-3.757381686004442889e-01 1.308655532784020803e+00
-1.693727453969159580e+00 2.292442862495788436e+00
1.197591411209775053e-01 -3.792253873110827678e-02
-5.948887519616681552e-02 6.169901674241294876e-01
1.893300936617940744e+00 1.101937031278238388e+00
7.744542350217876736e-01 3.936555028479731266e-01
-4.345376915645913218e-01 -2.009632989234619860e+00
5.830643473306895697e-01 -7.251695381813413332e-01
-1.441011067774357501e+00 -6.111466228497243192e-01
-1.565751453699870677e+00 5.777197407006473551e-01
-5.215783451883834743e-02 -2.195396545013153511e-01
2.713506655049293115e-01 -5.049420824524324392e-01
-4.019725165753146312e-01 7.308329473947496879e-01
-9.777471202499035674e-02 -5.517533570472027415e-01
1.278969120467311704e+00 8.860354768671004910e-01
4.051288285225236874e-01 1.535841125770493143e+00
-5.146056047659695043e-01 1.009474085551192113e+00
7.991768046870341147e-01 9.221653049447409156e-01
-6.640130151106817813e-01 9.970914901034465538e-01
-9.601588803031092523e-01 6.355012416668593955e-01
-1.321577876525038553e-01 1.193779963892662721e-01
-1.489279383054419315e-01 -8.241988402442194106e-01
6.420733068338398963e-01 -3.475113747895399174e-01
7.486570482125691761e-01 -2.264363139972537242e-01
-4.021301235615830638e-01 -6.262452532960569584e-01
-4.380523863846588206e-01 -1.027684715443982988e+00
1.505961000091622370e+00 4.938864974022436072e-01
8.516535298648491015e-01 -3.139516043167013271e-01
-1.303256031673915460e+00 -1.105064616373161862e-01
-1.044672880350628441e+00 2.552986462352805130e+00
-1.929338273494453970e+00 2.795814156060816846e-01
1.851528394160180391e-02 -1.115752459065868507e-01
-6.982288344870535290e-01 7.876745103909618684e-02
2.073852028855894591e+00 1.161460989593894766e+00
1.517566292143995188e+00 3.539554992648422105e-01
1.139222881185959713e+00 1.102730201428583801e+00
4.757115229852212218e-02 -2.322464274773145543e-01
-3.440181813475549633e-01 -2.035365386310942215e-01
1.616194636083777836e-01 -7.577236266100306761e-02
-5.923431255810504004e-01 -1.775895565691888667e+00
5.853121373417311535e-01 7.131189735827599963e-01
-1.194888661515861594e+00 -8.860777438802133199e-01
-1.817123599153154523e-01 5.822854215444153159e-01
1.212067995286606248e+00 -9.728173622978038004e-01
-1.315777450472419563e+00 7.839003366881887036e-01
