1.210270152246114339e+00 5.999941788916359764e-01
-9.436593326602892295e-01 2.006443609457939647e+00
-4.455061896400816512e-02 4.804949641407571526e-01
-4.046742286487778895e-01 1.356126819469990918e+00
-2.758300928704119914e-01 3.621031442702518088e-01
-5.474886079609280094e-03 -6.359161239586993419e-01
-8.939574053531050835e-01 1.734591506201568434e+00
1.773570707466030294e+00 2.021588907606273189e+00
-4.481812758295147803e-01 5.223742471014138911e-01
5.800748314072379230e-01 -1.220430415403589292e-01
8.100837279420159964e-01 -5.135728321644713601e-01
2.119611155074485609e+00 1.038452501298713138e+00
1.047979479843646339e-01 -3.624017102511355171e-02
1.962617407376749112e-01 5.973347435644067449e-01
3.305665938548786320e-01 -8.666654218259852716e-01
-1.712304389849344799e-01 -4.987380720094662379e-01
-1.516647191413618700e-01 1.659115057769514623e-01
1.132853674548846445e+00 1.548319455795832633e+00
1.152295088274145063e-01 -1.038116937838423404e+00
4.844663948990097779e-01 6.141863291959450688e-01
2.871930337489454477e-01 -9.797114001536005867e-01
-3.431169726089420835e-01 7.424836527250590068e-01
6.972102948558063229e-01 -6.357298257994523638e-01
-2.188150899101065416e+00 -7.301793989077092206e-01
1.462744387808979571e-04 -3.976750001980077220e-01
-3.466101024730673941e-01 6.908133119535524447e-01
1.230008570992331407e-01 -1.235333274000659509e+00
7.539658573291992960e-01 9.761928854094299446e-01
7.759623407214147894e-01 9.220330855749285792e-01
-2.435900015225582749e-01 5.435874697677403056e-01
-1.272378439833463659e+00 -8.011293340738090407e-01
-1.187629385837682267e-01 -8.621191725502256320e-01
4.132442734443179111e-01 1.240500754213657686e+00
9.216808909427821606e-01 1.944243767214257901e-01
-4.103787450791196445e-01 1.451092692832354425e+00
5.925668033905974186e-01 -5.301315289957662102e-01
5.716761254072201259e-01 2.107312419739475473e+00
-3.158009309607666681e-01 -1.395859046973593476e-01
-1.942962047750144361e+00 1.614762180340976627e+00
-3.391813260843112854e-01 2.264191086305322384e-02
-7.681849680170113048e-01 1.352192320103982492e+00
1.202536055178335062e+00 3.082551064718698441e+00
-8.478456744087874419e-01 -1.857552281946914796e-01
6.765549862443646090e-01 1.159909717175424237e+00
4.523287500514180381e-01 -1.334442409324958723e+00
-4.742721449354007635e-01 3.255779631884053171e-01
5.048267677148374766e-01 1.729471617704443132e+00
-2.056664343980025289e-01 1.323035817587568941e+00
3.243619033050389455e-01 -7.095676470004095293e-01
-2.530170014089890618e+00 5.860409791284617587e-01
-8.946165146302221816e-01 -8.896499091260220426e-01
-1.466720113270089332e+00 4.728551265387488933e-01
-1.304131095420386854e+00 1.071354469902881856e+00
1.151929325077784227e+00 2.428639762197968011e-01
-1.347857064054470699e+00 8.889233939364555859e-01
-1.322606063664720999e+00 -1.947478370072996512e+00
