-2.655789553146493259e-02 1.018486507290815357e+00
-5.840951686360830175e-01 -1.367471092944258615e+00
-2.485877645630522603e-01 3.164981639144626713e-01
-3.867005985002011093e-01 1.974628088487529354e+00
1.547948962360635061e+00 8.376174927859212360e-01
-1.384357016336339896e+00 -3.703866843893679484e-01
1.765860803462801498e-01 -6.350971192067662585e-01
3.627391176754082291e-01 -3.822113511216712056e-01
-7.816734485081430206e-01 -2.694351907187987338e-01
1.426550036786697617e-01 -3.702494313085619715e-01
1.440983010767240335e+00 -4.468112648705289125e-01
1.627820435183685133e+00 4.801074012704213967e-01
-6.601174505844065177e-01 1.366540167071169209e+00
-1.080096504710765348e+00 -3.363536970653127067e-01
-3.578718845826189265e-01 -4.529685629814739767e-01
5.863803519701449307e-01 -4.015220312559096560e-02
3.875605406077504700e-01 7.266515385152221285e-01
5.340058765163521182e-01 4.315634844197915876e-01
1.855891571038409404e-01 -2.753296462427006763e-01
9.645163870422476249e-01 -1.415590626681060504e+00
2.178400617443192466e+00 2.021105057719183584e+00
7.459641175567125471e-01 -1.036803928999760482e-01
1.053491239971007909e+00 6.051825896993399123e-01
-1.482185874940321835e+00 2.407218593520281225e+00
4.612896882786400865e-01 -9.117786349006749003e-01
1.313592769368290281e+00 -7.334427258833209340e-01
1.354251210465798438e+00 -1.166982852049105457e+00
-1.014869119164955480e+00 1.833448423968883745e+00
-8.324568249374156292e-02 -2.737267955305602296e-01
-6.787593333203567614e-01 -7.648305040791613107e-01
-1.023979524660084683e+00 -1.158276099414247584e+00
-1.639282730264796928e-01 -9.235598744060040666e-01
9.060245087000670661e-02 -1.857654239226675108e-01
9.026360453489826186e-02 7.197313808432874715e-01
2.699529032258852101e+00 7.646866547231319089e-01
8.163720404754302162e-01 -6.827795565860100835e-01
6.276003347026526402e-01 4.511516832991535608e-01
8.563133879098062673e-01 1.577359788123904594e-01
-2.965022691646659880e-02 7.152617998888941182e-03
-8.877882162028939705e-02 4.722371947612825638e-01
-1.211149540177259620e+00 -3.094843388490701730e-01
-9.725282593200741676e-02 -5.821035862268522099e-01
-5.246171572327062993e-01 -1.278514339415147916e+00
-1.278116260940175053e+00 -1.519090101516984870e+00
-9.962981758642101837e-02 1.717823674218413310e-01
1.139383086740803686e+00 -7.643714091027281610e-01
1.777819820840543796e+00 -6.729853282968177863e-01
-4.065107515390892767e-01 -9.663050746904700006e-01
-1.247188723522395959e+00 7.130977561454163727e-01
-2.153980693096932408e-01 1.530079327791204369e+00
2.103382333728849862e-01 -2.263502683866364329e+00
1.695500427842903779e+00 -7.290791802807380373e-01
1.513252734099016061e+00 -6.387800620905618176e-01
5.194791504760818412e-01 4.265774470821387943e-01
1.361489854033910873e+00 -1.287252573730154781e+00
-2.271534818495229424e-01 -1.902019763954717613e+00
