1.862654090773184556e+00 -1.805145857322786762e+00
2.547102136296472419e-01 1.629194400170672408e+00
2.942775628589214265e-01 8.669437073896617552e-01
7.395163277902059296e-01 6.136154539610462200e-01
-2.143677524051307959e+00 -9.817621444221815707e-01
-9.172126505846790734e-02 2.123210948610178228e+00
-9.702761570093744181e-01 -1.079632943560736802e+00
-6.227718669500942328e-01 1.386220877348555591e+00
-3.068842262653557751e-01 -2.248842349425742293e-01
-2.952514388183177241e-01 -1.241025305389226618e+00
1.952435277505060185e-01 -6.616933486741372050e-01
-1.107444562659119613e+00 4.939607906698775808e-01
-7.548191439586023899e-01 1.052010481589845003e+00
1.708102873041202896e+00 -1.207900196314531105e-01
-9.595697380617766725e-02 -1.304463857419390527e+00
3.237896091335090709e-01 -1.126063692146724637e+00
8.336698951854070172e-01 -1.489540923031930086e+00
2.030675715468223341e+00 4.240152683966758596e-01
1.301560105035092896e+00 -6.033917182104825416e-01
4.808272943737201266e-01 1.285500508617161697e-01
-7.059489103676540589e-01 7.921233958629557703e-01
-4.764377169202646534e-01 -2.078219339874472216e-01
-1.399154542742600871e+00 -8.416430751969212753e-01
1.081681503147514212e+00 3.161835413272728879e-01
-1.280784125697650877e+00 -1.317379419590859468e+00
-2.121136899279313648e-01 -1.300097476276383668e-01
-9.367885004442538799e-01 -7.617138208965086310e-01
2.786181906606959857e-01 2.990106598472492272e-01
1.701933597292631939e+00 8.395101040524491909e-01
-1.946719584119375623e+00 -2.324925344736268329e-01
6.921258079708096644e-02 9.381737074967737566e-01
6.023271478410495705e-01 7.131861474185355876e-01
-1.598814237812703265e+00 1.327160784419303963e-01
6.915171767017478377e-01 -8.354179106682064759e-01
-1.414710558527738915e-01 -7.323031872747429727e-01
2.436257014574494395e+00 -6.623176893290923239e-02
5.339996485703873280e-02 -1.285052010762302022e+00
1.398950559575507790e-01 -6.095716768023047294e-01
-6.369859156955377522e-01 1.107577243304523673e+00
2.060346223504174457e-01 -2.448634334836219117e-01
5.629778396723709166e-01 -1.125389931360296220e-01
-1.629997885636181199e+00 1.438062367564292066e+00
1.664695567446851987e+00 -7.978397538417398849e-01
5.219721006964029852e-01 9.441509709463996591e-01
-9.037587972344299225e-02 -1.398503175778225582e+00
-3.254472492746725565e-01 -2.073565315603908665e+00
1.539497849508779881e+00 5.721930564447789136e-01
1.141476490370706642e+00 1.402618238393045225e+00
1.375546514669913734e+00 1.559985170424393441e+00
-1.259101318122374802e-01 -1.947121335684560250e+00
3.894260469712648165e-01 -3.235594552401754864e-01
8.526677864335716062e-02 -4.439541878908694894e-01
4.992138968245870001e-01 -2.877079720509277405e-01
-2.170036968318977411e-01 8.144746373276684492e-02
-6.317342542035254693e-01 1.211195500743762477e+00
-1.206159079424494962e+00 -5.950490859805867006e-01
