-8.747552063633619035e-01 -2.175441273085653437e-01
-2.432954770216845808e-01 -7.205132185763910568e-01
-5.535088355587786113e-01 2.263855540087751361e+00
6.961367928969650620e-01 1.108882747426490761e-01
8.960932029959043366e-01 3.695280915021127432e-01
-9.657157945387462306e-01 -5.654814172713554798e-01
4.637999365092093651e-01 -1.780245080481935860e+00
-2.696653823472304201e-01 -1.480357961184651516e-01
-3.751288337254203853e-01 -1.088416541050835296e+00
-2.177343938933252954e+00 -3.859478507631093902e-01
-9.334979414262578601e-01 1.261059290866157534e+00
1.393064819641059549e+00 -1.358735816517018691e+00
-1.062931908894760635e+00 1.602901068648901584e+00
-5.201323059780108560e-01 -7.869694686972265041e-01
6.853106453626228722e-01 6.025825201114065610e-01
-1.442518043074432210e+00 9.702789864068152303e-02
5.242907681582593682e-01 4.411765144748147072e-01
7.579062612696448875e-01 6.361855153971662791e-01
-1.521538836569243491e+00 -1.266756916526642351e+00
-1.672563468411566223e+00 -6.452239290096518642e-01
4.080635092238024120e-01 4.686985939146032787e-01
-3.323337060043686231e-01 4.661351783069462434e-02
-1.438414976548753943e+00 -7.091458312383504270e-02
-7.196932815928471783e-01 1.497946092023884512e+00
-1.245537035927217068e-01 -5.392212632561828034e-01
-2.705336295642108535e+00 -2.884586430079501551e-01
-1.066647357826810305e+00 -6.679683776028627618e-01
6.180037516816460075e-01 -9.202140378422297984e-02
-2.871071609347910503e-01 -1.401193341862446706e+00
-1.407526179353484119e+00 -5.546360036871992305e-01
-3.660932617184505800e-01 5.497093609056853403e-01
8.710258695887618252e-01 -7.623365710172398391e-01
-1.581464096252043205e-01 6.848999019789429044e-01
1.756368133464890180e+00 -8.002496994621711712e-01
1.044021533238814747e+00 -6.884018771839249817e-01
-5.553885948668767225e-02 1.991652457018109057e-01
7.564179487249059752e-01 -1.047545668942527070e-01
-1.012862257634845609e+00 -2.764462049308295533e-01
-1.616481834633700931e-01 7.789641712798323070e-01
-3.951488015986863167e-01 -1.345662207354436091e-01
8.285840048430497262e-01 -8.747731641025479066e-01
2.503301365628056163e-01 -4.187350650154268994e-01
1.165481171487145806e+00 -1.324198899819908348e-01
6.682787254847286640e-01 -5.616492559979423538e-01
-1.660249284227797828e+00 6.044444670340880510e-01
-1.943446729555170949e+00 -2.048430885368642596e+00
-1.083180394103017141e+00 1.488064149716913809e+00
7.930557896612181468e-01 7.954631537498074723e-01
-5.090360696890466885e-01 2.491589525262718929e+00
-2.211101035546112203e-01 7.627598728494812130e-01
2.417229665311380893e-01 1.147946053368231523e+00
-1.816174571713476071e+00 -1.577182300419020411e+00
-1.515492370623068075e+00 -9.937837504269325661e-01
8.833185999718677905e-01 -1.825838628201394087e+00
1.089312742570602399e+00 4.860396252041244702e-01
-8.535547182707042824e-01 -1.856372175588977269e+00
