-1.606168220948641423e+00 -4.348849468339734958e-01
-1.295375625565378774e+00 4.746586953604482462e-01
5.095114052054111609e-01 -6.094229710013642221e-01
-8.008617011739940783e-02 5.670327885655447320e-01
5.379157171958657280e-01 -2.538907936949379440e+00
7.088325633783424395e-01 9.163665675593156701e-01
8.714943624309816617e-01 -4.633707642344130906e-01
-1.596583688307167126e+00 -3.495790590317816027e-01
7.285097772329482968e-01 -3.396945387058716848e-01
-5.515862288865366336e-01 5.268942173343977853e-01
-1.228663352606313541e+00 3.958829424946712083e-01
-1.259885386763248905e+00 8.954969766001116271e-01
5.013108317471229314e-02 1.264637378430277792e+00
5.159504669730478055e-01 1.710266250157870815e-01
-2.655244520349681059e-01 -2.800169284026960415e-01
2.945304782082797668e-01 -5.494718691971430813e-01
-6.414706210778794437e-01 5.330214229953975785e-02
-7.195448597779150468e-01 -3.315214476351947132e-02
1.029980194796036752e+00 2.550944990453777872e-01
-8.270976437774169021e-01 -1.811581920703911219e+00
4.176166548104003340e-01 -7.309820856256949995e-01
-1.227718321272286556e-01 -1.479244740123885293e+00
9.722105619877147165e-01 4.983368643942583942e-01
2.244951938056720941e-01 -1.019242139130591474e+00
-7.661660056105915606e-01 8.729993265878664976e-01
-2.975820027521646205e-01 6.260263813981797876e-01
-1.219696715047559721e+00 1.102388957562748129e+00
6.275091557683395438e-01 1.102092281342675895e+00
1.722671463809477332e+00 -5.413091178740079279e-01
6.681270996540411566e-01 8.808247885812902078e-01
-4.760755548884605393e-01 -1.218454356906166991e+00
1.614324083974076895e-01 -4.474185872068807690e-01
-2.074993976049616384e-01 1.709983973075231756e+00
-1.887638759990886816e+00 -6.040681456860573784e-01
9.815203371819837264e-01 -1.002679991598411924e+00
-5.783668161920193507e-01 3.800169806151778018e-01
7.384254378984219658e-01 -1.221780091294646819e+00
-2.891893518173960231e-01 2.013125846125295215e+00
7.717162179895122875e-01 -1.091507866378336633e+00
-2.475589156532278512e-01 8.625393868417411403e-01
-5.829380606772364137e-01 -4.737116013212252508e-01
-3.736165565251495235e-01 2.728971790240735107e-01
2.448785998743467918e-01 1.552006805592237360e+00
-8.220372356807971181e-01 3.411958166636273188e-02
-2.019926860728785467e+00 6.180831471582969305e-01
2.016496643058362792e-01 -4.332117314892707793e-01
-1.262166149532073511e+00 1.471067533750545886e+00
5.470463016724653738e-01 -6.809246647158259114e-01
1.083383167987906015e+00 -5.387091672137147569e-01
-5.147004284926562923e-01 6.192209859799274740e-01
-2.904981281714774100e-01 1.471397886334084026e-01
6.965089130309725096e-01 -3.257341365170413061e-01
5.746811083444375301e-01 1.805951800898617288e+00
4.273089715208294170e-01 -9.821981047745075299e-01
-1.054012061280607648e+00 -3.323681139604309220e-01
1.017821018044249737e+00 -1.578842874522049300e+00
