-1.204165986475367323e+00 -4.881900468267710846e-01
-9.084075188519411537e-01 -4.654651494304011261e-01
3.896902729592591208e-02 -6.369121951039919960e-01
1.079611749371296447e+00 7.974272682148000335e-01
-1.864595211539366026e+00 -2.055980811607698300e-01
8.685095376615886709e-01 -8.511822714896709330e-02
-1.095584906596937858e+00 -1.314284364128241345e+00
-4.795189706881874403e-01 -8.746617635179206873e-01
1.288437497209519167e+00 3.092358899634159441e-01
1.130300858255563368e+00 -1.474796820119547158e+00
1.977904178975446736e-02 3.032977424375506437e-01
1.226974586259746092e+00 -3.951380796364344916e-01
1.103727980357012584e+00 5.597422611166662509e-01
5.281677262192132627e-01 7.706233780178001203e-02
2.766496275580827557e-01 -1.397255708449711142e-01
1.425048438505657433e+00 2.563902886362517952e-02
-6.439639881341666650e-01 1.358839813689180609e+00
-4.920489205561786594e-01 7.770983171338667617e-02
7.148625980332973251e-01 -8.552268082641183433e-01
2.582777002470300953e+00 1.820345361543229012e+00
2.034057804145187887e-01 1.435209696262311541e+00
-1.355298107048370060e+00 -2.546499040593836471e-01
1.320613750390569718e+00 -3.439281916050123677e-01
5.125237540602297637e-01 6.145306339836209553e-01
-1.314253025749790027e-01 1.561661336327063943e+00
-6.743332800342304312e-01 1.125140125391410395e+00
-1.334373813523638264e+00 5.148927459094261305e-01
-8.140709490746274035e-01 -1.202222581392843548e+00
1.310781562959609792e+00 -1.811091082529654450e+00
3.266111365096746599e-01 7.164906621773275974e-01
9.376636290577362587e-01 7.036627674027978729e-01
3.785893680247663928e-01 -1.035756684603257316e+00
1.205668538339352613e+00 -1.290409014123191367e-01
-1.475594904709636723e-01 -3.013270753874671692e-01
5.765896040008502282e-02 3.066760431281835286e-01
-3.007128660856371941e-02 3.347712362370531824e-01
-8.723315191899252419e-01 7.746544757882924959e-01
-1.059759569433612603e+00 -1.635009941044255344e+00
-5.644074166600445697e-01 -3.094967316289941595e-01
5.355552410294699417e-01 -3.244436543164311293e-01
-1.208104275460143873e+00 -6.311402845139235662e-01
4.651629440141359928e-01 -6.373894475360054879e-02
-5.089191883611053902e-01 4.167886172680589363e-01
6.622664372520115084e-01 -2.960092659026924422e-01
9.027746900927025031e-01 1.624581566006862321e+00
6.460812371468546700e-02 1.053827098690147457e+00
-9.709340771397546588e-01 1.630508802769288001e+00
1.401150896229209630e-01 5.742734313214016284e-01
3.408029216234004788e-01 7.792040811874645367e-02
-8.206993929851530423e-01 6.379830821022474119e-01
8.998389856267896558e-01 -7.994522725013194497e-01
-4.583947470823890313e-01 1.218148316252325225e+00
8.253221189730990393e-01 1.865259036807834225e-01
1.183641357440105457e+00 9.585277971906028260e-02
-2.404455546623106565e-01 7.697293052854166095e-01
1.839559835781708896e-01 6.572392842282003267e-01
