-1.773571006634485858e+00 -1.626306066030144271e+00
-5.994336757251311765e-01 6.521405738261359941e-01
-9.599858711326572092e-01 -9.767130699837171803e-02
-1.618036068113229087e+00 4.097432118130008849e-01
1.648813605921674696e+00 5.063893034176510932e-01
1.333784685406875337e+00 4.876967819776319990e-01
2.421239275055242057e+00 -1.825482873202349587e+00
6.311155803000609854e-01 6.117191485070382073e-02
8.942023439662603046e-01 -7.122979175957990794e-01
-1.339683414417963958e-01 -6.133239300762747259e-01
3.735898179776094286e-01 -8.918020647645032994e-01
-7.099296816683424716e-01 -1.054375548205115781e-01
1.051877353287581585e+00 3.806714634903445721e-02
1.629051971048518788e-02 4.461006149633905404e-01
-5.711082681655161863e-01 -1.598707997145672577e+00
-2.222998423090769005e-01 1.423267321986391165e-01
-9.219971853986491661e-02 4.309431573464209131e-01
2.457099541889789240e-01 6.976054509627533928e-01
1.588327971866244415e+00 -8.319642890816163483e-01
-1.269878819792148450e-01 1.945082668998372177e-01
2.402752130212134407e+00 1.127016202704629544e+00
-5.177639093359067690e-01 8.367764316891898035e-01
-1.008497329398564846e+00 -1.275124090459497372e+00
-6.414245346969505990e-01 1.828452974335074810e+00
7.808795305375412221e-01 -1.499089350338995152e-01
-1.660674048564309002e-01 6.226669451558900503e-01
-1.146621517762509007e-02 6.281480444488409809e-01
6.348625125590626750e-01 7.646068962271763692e-01
-3.930325689297170522e-01 -7.886842350398917678e-02
-2.190306979178778257e-01 -8.635257084283483042e-01
-8.697649537524626551e-01 1.423240353032826366e-01
1.128607253095149865e+00 -1.965963395932240343e-01
3.962960783816870669e-01 -1.413831875911934377e+00
-1.907372661163042382e+00 4.405314031360457738e-01
-2.344648485937345095e-01 3.153419412102917430e-01
9.146503445730941317e-01 -5.075506631135959235e-02
-1.115983374905830550e+00 -5.772716106407536074e-01
-3.248388574472518275e-01 8.002379649925149829e-01
1.826780978090900287e-01 -1.917991904654493318e+00
-7.856396464687598336e-01 -2.906977066928617126e-01
5.501053355359939445e-01 3.276969881447954758e-01
-6.619575964845270111e-01 -6.867695547670804590e-02
7.502061432696481569e-02 1.021060322602941883e-01
-6.076099137370757353e-01 -9.874098825795093459e-01
1.058163981281856625e-01 5.268426054428152483e-01
-9.808317001009663194e-01 4.134097330641731682e-01
5.373313371319867748e-01 -4.827192859008287984e-01
-6.175821720104095469e-01 1.920540507195646951e+00
-2.795095512495133772e+00 -1.064759013704136947e+00
-6.083079945716072245e-01 -1.271864278309764729e-01
-3.656456069904969741e-01 3.806255822014863455e-01
-1.662483846656584774e+00 3.671647171660283315e-01
-4.451810239429926930e-01 1.242346874898519582e+00
-5.249606643408467610e-01 -1.778483137076631193e+00
9.013752449361108754e-01 1.031507335941232784e+00
-1.524662487742601269e-01 -2.075883700993667591e-01
