-5.130663878132474265e-01 1.216432891834622998e+00
7.040837180231038772e-01 1.060411750624566496e+00
1.151285401863550439e-01 1.603573612706899798e+00
-7.813305875003867529e-01 5.271780558064659283e-02
-3.580370081101294510e-01 3.269559390499348073e-01
8.002698838136490522e-01 1.352118403723352680e+00
1.042467901696610300e+00 4.655810701885445546e-01
-1.122311326716838753e+00 7.881400789132899654e-01
-1.170891550046789353e+00 -1.524654101555739327e+00
-9.389400571253398997e-01 -5.450975945909591891e-01
8.787443367263082505e-01 3.407012727703408461e-01
1.662312180336842360e-01 -1.383489537057099206e+00
-2.287344866751240269e-01 -4.064124520384774231e-01
3.795850340746600993e-01 -5.020260981508536391e-01
-1.351699373148455285e-01 -1.009323337486031091e+00
6.501706145128015590e-01 1.996795402147852061e-01
1.414447252199886762e+00 -5.528881121941597865e-01
-3.343214360932279527e-01 -9.272057840365206527e-01
-8.711821677064927050e-01 1.013772738155615943e-01
4.219808468456828221e-01 1.474504035252498957e+00
8.142956731805069959e-01 -2.986710156424746687e-01
1.501336946880275358e-01 4.501704423381954201e-01
1.014854174067707282e+00 9.983500968240001106e-01
1.723668200241077753e-01 1.066361016388303606e-01
-5.734517229318757403e-01 6.986573112675136255e-01
9.517190756778279859e-01 3.729449760134164182e-01
4.606459677238842199e-01 -6.597676209993038610e-01
-9.094397406523333505e-01 -1.102491507294582895e-01
6.457176011222867662e-02 -5.619882260792177231e-01
2.270015005791458651e-01 -7.515291240890746849e-01
5.207000063175594162e-01 1.350186342626459535e+00
1.435872869974712751e+00 -1.158617248889964202e+00
2.905057420059067343e-03 -7.606203124867397802e-01
-2.469031260339953071e-01 4.596398811697545161e-01
-1.374702945266122189e-01 1.010818270704207711e+00
1.055364701403846306e+00 -7.711529821749475433e-01
1.678703434735327182e-01 1.285368144127019274e+00
7.767566942475720992e-01 2.050070354289378560e+00
1.718368529069446815e+00 9.334394021060925528e-01
4.081054553725174117e-01 -5.727424195940791218e-01
8.644000600035394166e-01 1.315686659233849420e+00
-3.159464803085615392e-02 8.063460310871923831e-01
1.743964630079695821e+00 -1.445432918557163049e+00
-1.182243096930860826e+00 1.666799140624918074e+00
8.544112476805932888e-01 1.160005385769433683e+00
-1.005008257889336010e+00 2.168728441643602567e-01
4.391584042364069518e-01 4.931149173912068029e-03
-1.339626499171202134e+00 1.041716703125080690e+00
-8.007546239462532967e-01 -1.092697367199251396e-01
9.785184275264829923e-01 -5.423041215698178874e-01
1.306700742049458353e-01 -3.092602385518706809e-01
3.893905486073466760e-01 6.458775036205716136e-01
1.051405482741939235e+00 1.918730059122750464e-01
1.157472991263098494e-01 -7.995241689532371909e-01
-1.595719014022352944e+00 -1.236237229967096729e+00
1.787556016117307633e-01 -1.133816324040976820e-01
