2.386479227370915446e+00 8.939422200293061227e-01
-7.736451390369224468e-01 1.216551481889988295e+00
-1.093235925124651065e+00 5.126219362580073380e-01
2.980899279383659173e-01 -2.659915970628465298e-01
4.721000097637366721e-01 -1.473364028693035621e+00
7.909972209397913012e-01 -2.612834364857817615e+00
1.048042313706049944e+00 4.772691782766089880e-02
1.983807212189152638e-02 -1.367863730325828309e+00
6.580224164725613223e-01 1.081949265169617203e+00
-2.088499484167001263e+00 3.814535831803120836e-01
-1.048600492060815847e+00 -1.072405595922147237e+00
1.371425753731351893e+00 1.903419491187249291e+00
2.734442334893084858e+00 1.801683628548855554e+00
-1.283038748846875965e+00 -2.043259196277141809e-01
6.433291226045466660e-01 2.490931733619125010e-01
-1.067377822173399826e+00 -4.394207383752555263e-01
3.754091357021089870e-01 -1.923843883985155268e+00
-8.203075576028996396e-01 1.300904155149319175e-01
1.227596263775117130e-01 1.104756633455126869e+00
-4.491227491792924575e-01 -3.055607110354384148e-01
1.868805766411372749e-01 1.281527340010149674e+00
2.285526848252965038e-01 -1.135315911233403030e+00
-4.370052405371258053e-01 -3.246242717147368451e-01
-3.561498591316401563e-01 -1.533101380857800899e+00
-1.281520050006351275e+00 1.498730000259379747e+00
-2.376227089612717447e-01 -2.528577958776809242e-01
3.384884002702890915e-01 1.318332129005906461e+00
-9.057128616836412904e-02 -1.423341709658337839e-01
1.117088634750365683e+00 1.847800084471860060e-01
2.985741783833483209e-01 6.338086994406563757e-02
-2.259555865902315830e+00 -9.123896407289895372e-01
4.968907441379373513e-02 -9.392880929211952501e-02
1.229876222863131918e+00 -5.186545258532018199e-01
-7.467906738002371148e-01 -1.696101602507208705e-01
-5.992692056322463934e-01 -4.499603087153574155e-01
6.988999351432013674e-01 -2.306974080391898177e-02
-1.815659556621693982e+00 -1.710880748008595797e-01
7.157725916284666257e-01 -9.236698697725298501e-01
-2.583938405141956718e-01 -2.285173084529765197e-01
1.854838824169918743e+00 -9.417655838827158066e-01
-3.326516536437529314e-01 -1.399709987055523186e+00
1.340242119567148560e+00 4.819068259837083201e-01
2.964453313890803576e-01 -5.242443509588394779e-01
9.275435355259292747e-01 4.677359260992746681e-01
-9.857226738775327624e-01 -6.521853442873799533e-01
-1.481844702421603932e+00 -3.636999733959407899e-01
-4.437269692269493748e-01 -1.330518382439864977e+00
5.116379808431420484e-01 -1.431605248784632689e+00
-6.093039419167237680e-01 -1.061295538620400825e+00
1.980092501897522117e-02 4.713382928507036662e-01
-3.211591014216365614e-01 3.472620612397510076e-01
5.671031697213824163e-01 -9.640744853873637332e-01
8.102378192156491910e-01 3.833948002954580270e-01
6.403914403631909280e-02 6.560884172986065632e-01
6.030856681269292086e-01 8.313798867774002677e-01
1.632605449490069360e-01 -5.326800606608719235e-01
