1.994925497972799971e-02 -3.760278155358339758e-01
2.358784134158867507e-01 -1.305220728972346755e+00
-5.063027862104662047e-01 -2.020117141100616909e+00
-1.304459656086036423e+00 4.212676690944039404e-01
-8.327789059235390923e-02 7.791956999321383304e-01
-3.378457792546975536e-01 -6.091969996019259703e-01
-2.182127384413171389e-01 -1.387365402243863288e+00
-2.417449089040196730e-01 -3.084493650076379212e-01
-3.909767686851881030e-01 9.397788265271264097e-01
-1.566307722958929727e+00 2.304563220471759433e+00
-1.300816626914232978e-02 1.345109320007093281e-02
-1.400814685812640459e+00 1.889073923646195530e+00
-1.029321523327131116e+00 -5.130993364549783081e-03
-5.389328692994035941e-02 -8.794797039251847082e-01
-4.999309595816915364e-01 -1.644715520747050741e+00
1.480547452374485762e-01 -6.419095433196432277e-01
-5.387854436510025602e-01 1.028263575005028824e-01
-5.043788673241387244e-01 -1.103268495894885071e+00
5.137389463053620986e-01 3.812329948279163383e-01
1.644753634980330670e+00 -2.846622159647873573e-01
4.430705837610286746e-02 -7.826544094692863274e-01
-2.237884063120014311e+00 -2.272152321625941773e-01
-4.494392695810541238e-01 3.026814457077052212e-01
-4.372519444610905581e-01 1.084270921199822491e+00
3.922261453179283486e-02 3.685009075131894796e-01
-3.378090307664436409e-01 -1.763524715924831010e-01
1.836482599003573579e+00 1.130196212696940705e+00
-4.782865936646859550e-01 2.027336875934285132e+00
4.761704061874568739e-01 1.040886047126554415e+00
-1.132278248643902474e+00 -1.016480173401882597e-01
5.890394571736935481e-01 -1.581741472406242632e+00
-4.733992542166972628e-01 1.884961856923725643e+00
-1.687606018130360042e+00 1.504444814850884660e+00
-8.148891845332466577e-01 1.589534387140958682e-01
-2.200842833481549743e+00 -7.940128194224521652e-01
-1.691467955001920931e+00 -2.852109615080909433e-01
-8.708131305467045058e-01 -1.198615612629485155e-01
-3.347572060636048313e-02 1.113403562809623049e+00
-3.851549021284040308e-01 -9.013517890680144973e-01
6.252764976638640615e-01 1.909518974715078032e+00
-2.403269888896292006e+00 6.090639195125570060e-01
4.723032549728563012e-01 6.837003396158505275e-01
-1.150284341768180951e+00 -8.856633296494192953e-01
-8.260912956387714279e-02 -3.881143204000155333e-01
2.840773087776502503e-01 -8.524895019429531984e-02
6.665928247198545931e-01 1.717276133840210661e-01
-1.059633106874906666e-01 2.737298526970969870e-01
-3.688994825063307004e-01 4.804906917409779155e-01
2.661589134610075069e-01 -4.478021291605129295e-01
3.289409104087271385e-01 1.952696265115808905e-01
4.715428356008134481e-01 8.017733157714214132e-01
-6.372550227489753860e-01 -1.487672314227520776e+00
4.661759270041033187e-01 -1.884674440883167823e-01
3.405811990437175862e-01 2.333955214509674470e+00
-2.597268862999908001e-01 2.705456605375272661e-01
2.980752583971607583e-01 -7.840790850278085422e-01
