-9.057810823187618932e-02 -5.243613995721705390e-01
1.863488951986519204e+00 1.685126588035129602e+00
1.329618863353039027e+00 -1.059121423747835661e-01
8.738659099893074655e-01 4.488013763165917824e-01
5.571941260323899359e-01 -4.033271036951472932e-01
3.245136206760988462e-01 7.283662536312540681e-01
-1.044776402965650997e+00 5.872700783007361869e-01
-2.077138633808410240e-01 -3.789105021527060524e-01
6.575820302155095387e-01 9.586279908115725723e-01
3.876336337243986851e-01 -3.513047316273279486e-01
3.143237198257160525e-01 -3.612214042041066442e-01
6.830773718304498088e-01 4.987723327476700219e-01
4.080195023851812541e-01 1.167753276544204022e+00
-1.032508094501396329e-01 -1.815764206486792265e+00
-3.747297703204555130e-01 -9.419469782583497208e-01
-1.176250831142707787e+00 -6.055471708749999848e-01
8.837044371937881060e-01 -1.679661579779463676e-01
1.583848374268487902e+00 1.534976678640662895e+00
-2.545249711283606997e-01 9.237877680244133138e-01
-3.949347701774377217e-01 -1.306724373049835020e+00
1.149949631673602424e+00 3.847873110394650631e-01
8.743643557223886864e-01 3.511193690517107058e-01
-2.267205382213225207e+00 6.245557614586899620e-01
-1.622075931588690345e+00 4.024964050009727928e-02
-1.954476423435254351e-01 6.853280858984059920e-01
9.059821800222070953e-01 -8.306600233204887163e-01
-1.150440017032236417e+00 1.570812697354815546e+00
1.496885773350111970e+00 -4.177967658981406318e-01
4.031764700190861306e-01 -1.437298092148360462e+00
5.698530112120923086e-01 -7.615050145571187201e-01
-3.226233511464147719e-01 7.914295162123622385e-01
4.653236958751890695e-01 1.724640713455076968e+00
-4.626540953698093928e-01 2.580312497730725241e+00
2.811889876061873239e-01 1.465240129404052682e+00
3.238142600833560786e-02 -5.760975046501599639e-01
7.170161429239441109e-01 -3.986474202836465253e-01
1.270715254764358093e+00 6.854694288811951086e-01
-1.938580125402697418e-01 -2.014746964740544433e-01
-1.252862234832859079e+00 5.770415397949892888e-01
8.105949580226041729e-01 -1.179435381215141465e+00
-7.438141979257394398e-01 2.302968284906541652e-01
-8.049742823887400256e-01 4.732816604981044950e-01
-1.048058100757494726e+00 1.472563543247656703e+00
-5.758172671014937238e-01 -1.161047434019517155e+00
9.194267757677403452e-01 4.784979789807480288e-01
6.040079118845572692e-01 -3.494165654324100923e-02
1.234517641100538743e+00 -2.591874075720773662e-01
-1.891261896581539093e+00 5.419775150198471447e-01
-1.112804964461521218e+00 -2.025839985268913068e+00
9.396613437442200567e-01 -7.049010398290171953e-01
-8.633862742554649916e-01 -1.431491655734217883e+00
-1.528483234389028222e+00 -4.750330203944721497e-01
4.430590069282682730e-01 -9.543855616464232972e-01
-3.670866714524553820e-01 5.882854158152856557e-04
-9.459374822199628774e-01 -1.510659520488648044e-01
-1.111078038405830748e+00 1.505951925979058525e-01
