-1.097426423816976415e+00 8.827950878353308939e-01
3.315101638118253535e-01 -1.065564801541906803e+00
-1.499488235447168805e+00 9.375099258631560684e-01
-9.033859016650317431e-01 -2.250212446174972403e+00
7.076478169283131336e-01 5.124652612690522302e-01
-9.516220846010461365e-01 -5.439202414117415563e-01
-1.364986563417395660e+00 -1.057773007433443269e+00
-1.172751037929374629e+00 -7.111800387562199344e-01
-6.948941383259155113e-01 5.119497486221442628e-01
-2.296736132670203379e+00 1.990540310509586186e-01
8.430586760180277528e-01 4.809265400421350867e-01
5.560553976723825453e-01 -1.656685357141708836e+00
1.183106600776539619e+00 2.835860829930545446e-01
3.589887281398600472e-01 -6.405966814055872316e-01
9.542234040901074188e-01 1.065381674450596172e+00
5.451369807554570235e-01 1.390984309225752336e-01
8.376756044509998667e-01 -1.482232222478332639e+00
-1.227011733810020599e+00 7.886490312790909174e-01
-1.499489312970107291e-01 1.700613976369966363e+00
6.252057056760751408e-01 1.100203152329926493e+00
-3.386298700246298532e-01 4.209433128463336837e-01
8.007006591945370344e-01 -1.627406552444736754e-01
-1.782608958994044701e-01 9.408282987695858468e-01
-7.962764992902611194e-01 -1.054892257719646231e+00
-9.903086732477744958e-01 -5.857268343240012998e-01
-1.304349061530549969e+00 7.799311291542530000e-01
-8.669550090209553472e-01 4.337661002298118240e-01
-1.138329753009194312e-01 -1.707622914382447288e+00
-9.736966881101104254e-02 6.856963310345197682e-01
-1.991620351291846447e+00 1.035812923679902520e+00
6.403398460199594827e-03 1.103703887965893582e+00
-7.500856962642191705e-01 -9.399433226558780163e-02
5.569561784656451575e-01 9.977992778473078195e-01
2.574165227618999130e-01 8.764661413877417040e-02
-4.299150526197978439e-01 -7.002436050396738665e-01
-7.466336414399664667e-01 -1.051109186265348328e+00
-3.461929669476340732e-01 1.927266051042218153e+00
1.186098230321151581e+00 1.251087583363895028e+00
8.431960066397058418e-01 -2.256943923970092802e-01
5.494844460863121949e-01 -1.424991207477562805e-01
5.143860594379739970e-01 -2.295314926786411885e-02
-7.049394699266020581e-01 7.836114030416879705e-01
3.872200564434484793e-01 -9.131835779269707742e-02
-3.047615464595089807e-01 7.858707050658394477e-01
6.394264239346266754e-01 -1.547623597546356589e+00
9.649652851295048572e-01 6.695316626356637157e-02
1.948315010206651765e+00 -1.258713254945437177e-01
8.804022745309425524e-01 1.688138038083532244e+00
3.451233984360165263e-01 1.127993159049831995e+00
-9.525383684358718073e-01 -1.110712183772799344e+00
2.265459187823499199e-01 -1.068132570576943108e+00
-1.099166704753897106e+00 -8.944437437915531142e-01
-1.183739372033844939e+00 -1.577558212421283634e-01
9.651092630691165963e-01 3.549397329746673546e-01
-1.283620233403613975e+00 1.917903619087215350e-01
1.103037574555824296e+00 -8.409805421468979914e-01
