1.022517038026147462e+00 -1.007453715701084773e+00
-1.745615251857572936e+00 -3.745087717638789782e-01
4.295172012851575793e-01 1.618752969101179939e+00
5.363628393815129958e-02 5.912920775488886838e-01
8.052215407198759500e-01 1.551201030276174453e-01
3.448923017481742015e-01 2.904388886849026408e-01
2.693983572063615384e+00 4.341850118872648268e-01
1.396341813762627115e+00 6.515588820843241924e-02
2.911219333454021507e-01 2.971689318520208123e-01
8.057143142392632351e-02 7.739041513132342009e-01
-1.474466973195969199e+00 -1.360663238337673497e-01
2.844930121387152067e+00 -1.302903548322669636e+00
1.254603951631022118e+00 -1.092880812827803583e+00
8.111856599581599436e-01 7.517472579826782741e-01
1.298402424511132525e+00 1.035000298254181994e-01
-9.853002705066516986e-01 -1.984555942338106282e+00
9.583415590321013866e-01 -1.070388245569371399e+00
4.295903514938302359e-01 -1.314597718281240946e+00
5.830594074713502106e-01 5.374803252452612368e-01
8.208172520507704961e-01 1.056633854263518746e+00
-1.347870228000345838e+00 -6.008932402381766957e-01
8.669056272514662487e-01 -1.050359968388125814e-01
4.498097941769838015e-01 3.466569073033576864e-01
-3.203985271086291498e-01 -5.226211082252183449e-01
1.019132502641290516e+00 -2.409241646983115270e+00
-4.694036106682058368e-02 3.627134629252232734e-01
1.376741121033416171e+00 -1.449550894074191354e-01
-1.961905234898096539e+00 -1.210033260144620426e+00
-5.074539352979515749e-01 -2.672253530641069297e+00
-5.809443994096857855e-01 -2.589712160964968701e-01
9.922494706803015596e-01 6.401322555089569155e-01
5.695345297398633072e-02 1.091304345203751636e+00
6.046597533897827281e-01 1.252302447127436602e-01
-2.394603720606050534e-02 1.340024573593546320e+00
-1.606644568355229397e-01 -1.294961933767395379e-02
-2.633671086099202974e-01 8.344869239753224810e-02
7.375964973874773456e-01 1.482679396163854690e+00
-1.336209196956371859e+00 -2.306709939496615902e-01
-2.824831266591897871e-01 9.830442181019211079e-02
-8.280082612436828748e-01 -2.657284453226790161e-02
-1.662693712523765632e-01 -3.824627562253824498e-01
-2.918955756008656532e+00 4.898914123296118639e-01
-1.060404625279753432e+00 6.824279728393349842e-01
-1.627792568246957616e+00 6.096382971333058620e-01
2.180151476083716400e+00 9.817842955672548833e-01
1.340970849622817318e-01 -7.963879213752114161e-01
-6.176849373780766150e-01 -1.633966985183121501e-01
-5.756776086907523515e-01 -1.240005488657377919e+00
-2.751821023300585201e-01 4.919590163750875433e-02
-5.889716662243249523e-01 2.180934834403198408e-01
1.069077877197751741e-01 6.816326336654217055e-01
6.820032196344953668e-02 -6.150720775882563274e-01
-4.016712111943973595e-02 -8.624200450218142411e-01
-1.033861434834618676e+00 -1.251777910242214964e-01
-1.857441915913680131e+00 -1.051152653249853630e+00
-2.127488830841991696e+00 1.608607867792405388e+00
