-6.307571622457038840e-01 -3.043426498466572205e+00
-7.667080429079188575e-02 -2.046599837752031414e-01
-1.221905911729753491e+00 -9.138472512923407898e-01
-7.809070588455984119e-01 3.486740874890212893e-01
9.595210376595045831e-01 9.839025639098180065e-01
7.847012873644859665e-01 1.361901904450125711e+00
-1.283491141691500248e+00 5.973950799910478920e-02
-9.805674409453296603e-01 -5.630415267056203960e-02
-1.671757524427292640e+00 6.872435156428102765e-04
1.500221025836118161e+00 6.675249931324502613e-04
-1.149225680911968306e+00 -1.875277209837161951e+00
-1.113489437704426460e-01 3.337016384547936143e-01
-4.936684837169320050e-01 6.273362342456459961e-01
-5.519091224225366465e-01 4.353190029077416145e-01
1.317967756928418652e-02 -7.183531502761417720e-01
1.277717531201002732e+00 -1.708499418504477951e+00
-1.992662338603215844e+00 1.413735734690292345e+00
1.834382890093950946e+00 -1.229729827293112976e+00
-1.207831445237586010e-01 3.366473700169923533e-01
-2.995159470843029581e-01 -9.209059377175926597e-01
6.937727347503624964e-01 -2.626832658586899516e+00
7.596757670532951201e-02 -9.318762274086934694e-01
-7.346473416331745776e-01 -1.390021810631188570e+00
-1.074330103323885455e+00 -8.167237708798703588e-01
-8.351497826908996780e-01 -1.422100309763044468e+00
-9.121787261977869488e-01 9.048539638371257965e-01
-1.229446932099094614e+00 2.046222767584696456e+00
-9.085147408407623359e-01 -1.795024436039066806e+00
-5.036656712821930837e-01 -3.150520832613891153e-01
7.294373815756183266e-01 1.401304303601526691e+00
8.252040004050704702e-01 1.088783126190106865e+00
-2.504134323344819890e-01 2.087460306007733191e-01
1.504767663518516541e+00 1.901306426647989101e+00
4.423767267868240483e-01 -5.039361211946985497e-01
2.045733243889032438e-01 -9.782174645434101867e-01
2.652201334962512314e-01 3.285867408034854331e-01
3.290752147625309321e-01 1.019979801362431937e+00
-1.316135646437125162e-01 -1.941723093809012424e+00
4.688031724138835288e-01 2.391929198666179701e+00
7.838895294395535895e-01 3.928131243765597969e-02
6.147793984627857311e-01 -6.111948200575457735e-01
1.820784358456577934e+00 -7.110105504924235653e-01
-1.397276851602902603e+00 1.037182039258158772e+00
-7.994499878313882091e-01 3.841804854244431078e-01
-2.182107011985676692e-01 6.719687178268277661e-01
-2.041252513206806896e+00 -1.539547341931402358e-01
-3.248950827262677143e-01 5.252488334020318644e-02
-1.710203527953997327e-01 3.514104411865670574e-01
-1.245780516684145134e+00 1.124641005473039801e+00
-9.985948627612647316e-03 5.710435527516256604e-01
-2.954429405526045049e-01 3.960582845090105386e-01
-7.793846906758639115e-01 -7.254002998768429578e-01
-1.276355910906815438e+00 -1.306465125314182352e+00
-5.671699608643218093e-01 -1.591652758413753532e-01
-8.584161612709662048e-02 -3.172872201554867155e-01
9.926346963136688517e-01 1.117598146090533984e+00
