4.757526731165456213e-01 -1.029907910613044653e+00
-4.057711981394844791e-01 2.899316324863910665e+00
3.382566245618255363e-01 5.021058264350135303e-02
5.410455035450011385e-01 -5.518928373593386949e-01
9.865140135621298934e-02 2.004338979573602852e+00
1.654367988191434824e+00 -1.904586960320578115e-01
2.763008902055357208e-01 1.472749964453664573e+00
-1.240726016208038435e-01 2.020637254790445814e-01
1.286583759282462935e+00 -3.180051477432241924e-01
-3.674351493956846126e-01 1.078536493374906868e+00
1.242304216737852574e-01 1.084965801616831094e+00
-1.142415181701317062e+00 -9.642772207610235402e-02
7.080179124589733308e-02 -1.700709733635604515e+00
-2.628740776288689407e-01 -1.633422562098728825e+00
-8.409408881587839835e-01 -1.068226154089271240e+00
2.943995627301456697e-01 -2.980021370225230393e-01
6.138402362548124325e-01 1.281540070221213190e+00
1.213287322445614214e+00 -7.263504207014891412e-01
-1.532172176165870647e+00 -2.120625832045481385e+00
-6.903635255753685085e-01 -1.207859513150249531e-01
-7.227904707479912982e-01 -7.408073230534794051e-01
-4.986038579972881246e-01 7.260370082042694184e-01
-5.020597507638414614e-01 1.568901974716464753e+00
-1.038317924950822313e+00 2.399098357084462341e-01
-5.995354347543850881e-01 -5.068642928830748851e-01
-1.370211090560042970e-02 -1.146803228321517709e+00
-6.078442580221085079e-01 5.574275307036633681e-02
1.929699067740265006e+00 1.482118469399578364e+00
8.566105953611223567e-02 4.264975057082367321e-02
3.557480564837777748e-01 9.198219891480971522e-02
4.799782990154410345e-01 -5.349796211634662013e-01
4.413266004405789200e-01 -1.204131407727686565e+00
1.182383599772863364e-02 1.089999394570762226e+00
-1.564729837958828140e-02 1.306188660011603941e+00
8.160889990405921779e-01 7.516371293091306249e-02
-1.352198326991215505e-01 -1.084337382345444134e-01
1.322976929987941253e+00 4.797032294660802387e-01
-1.173976682546896910e+00 1.303478730341070424e+00
-1.104055026144052487e+00 -1.066257244359116590e-01
6.487879678191477151e-01 7.531610618385710110e-01
1.798580495135025381e-01 -1.893969003937216344e+00
-3.055656879388388147e-01 -1.798243037497474717e+00
-1.678019811191568733e+00 -1.156618435605937467e+00
-1.589414492826987935e-01 1.596074593765532512e+00
5.407140528547708103e-01 -1.596861988127580290e+00
1.842467027025440629e+00 -4.128271513692940431e-01
-4.602150572422528674e-01 5.027794939213875436e-01
2.603617194381488420e-01 -2.384255155962943795e-01
-9.946719475587937342e-01 8.462422524927087908e-01
-1.959005605640440628e-01 1.518613044817589186e+00
-8.620153036660512802e-01 7.347749952573311427e-01
-1.384098084341966794e+00 -9.026210226479501886e-01
1.186919586184273845e+00 -3.854067360290526212e-01
1.047126426253113696e+00 3.710873118776731872e-01
1.541251553794784179e+00 -3.879670470713925123e-01
8.344629798616991501e-01 -9.667397878902423969e-01
