9.857288061616803487e-02 -9.663307803627514403e-01
-7.885599711627870878e-01 6.153424192843330864e-01
5.479479094858197979e-02 8.783939802988643616e-03
-1.072833882903700298e+00 -1.117497199366072502e+00
-4.868267300854117186e-01 2.500147885180064034e-01
-1.427463258089891829e+00 -8.308632533573684364e-01
-2.471441985271865815e-01 -7.200879326624327614e-01
-1.410675133186744201e+00 -2.062762806452645425e-01
-3.451539250080183918e-01 -1.968448156112042602e+00
-8.292100073057856457e-01 -1.271892030831348164e+00
-3.664743037362623856e-01 1.831715114676737199e+00
-1.372028942229573500e+00 7.318019445217368579e-01
-9.143917437908891666e-01 -7.058204133925051194e-01
1.586978004990758917e+00 2.088865536357725761e-01
1.162051214766868013e+00 -1.944326617348512420e-01
-1.084898907995455464e-01 -8.931358737997673325e-01
3.102852138873609666e-01 1.462779414744335149e+00
-7.622750479244606581e-01 1.728153040566291043e+00
1.088096828324703447e+00 1.182476591840186941e+00
1.120617922194725669e+00 -3.650244723130626756e-01
6.856010692323435407e-01 3.949501597051909840e-01
1.156056870125719893e+00 1.265718978413366558e-01
1.467250939001121524e-01 -1.482600346809927194e-01
6.218516010665401383e-01 8.193913857909169707e-01
-4.554998514641815932e-01 4.135108360036214847e-01
2.857784794407812745e-01 -2.672417192289583188e+00
2.559287428583781332e-01 1.221823597032225539e+00
-5.471424896797630888e-01 3.836372630527948857e-01
-1.246740415673874391e+00 -1.661934585017468546e-01
7.700479169686597070e-01 -6.338080803064100044e-01
1.183986042629309399e+00 9.401888730817906659e-01
2.535475402683835533e-01 1.238666664619868962e+00
-3.576233288906065511e-01 -3.265892354107593043e+00
1.237726423765072470e+00 -1.298987632772633516e+00
3.482530578685983369e-01 -2.055543628236219389e-01
-3.039731431406001994e-01 -1.459813255231258711e-01
-2.320117169234099108e-01 6.798072053506367673e-01
-1.963705506830376368e+00 5.264563539774760326e-01
-8.643740544070400988e-02 -6.484478041924014446e-01
4.617957722334550263e-01 6.760463759046947407e-01
1.592507560859112159e+00 -7.432434684741598963e-01
1.484215079437878115e+00 2.083264949036793379e+00
-6.821075485672879746e-02 -9.584823817463035134e-01
-4.848057037619047382e-01 -4.477785844553230366e-01
4.839050291144187943e-01 -8.337973041218663672e-01
9.788649351641327823e-02 -6.155863628517531660e-01
3.642854608776876502e-01 5.436727398129862499e-01
3.870405295871638951e-01 4.785154362197820421e-01
-7.508527171456842730e-02 5.849530689831190511e-01
-8.080944304744028805e-01 2.123069747569332755e+00
-2.437471569713436370e+00 1.206412132495512379e+00
2.046610924636249607e-01 -8.804312850688283953e-01
-1.910777533552680207e+00 -2.306703803441069844e+00
1.736998427222622987e-01 9.144362075339578233e-01
3.972743953431909780e-01 1.724929706905999893e+00
-1.337151593050815324e+00 -7.086758529673513329e-02
