-1.446922455262340090e+00 1.256419056630962983e+00
-4.239436136141500056e-01 9.251863726389565334e-01
-2.628036905982644722e+00 -1.085256755085636016e+00
-9.215435788620401913e-01 -8.950973050861787961e-01
5.315908445114833070e-01 7.989267363402226263e-02
1.567063326308628213e+00 4.548075414334774164e-02
-7.134284000665790382e-01 -1.480942358809324677e+00
-6.975656919468380401e-01 6.668421811597992077e-01
-1.061011225563939231e+00 -6.119537665749947841e-01
-7.310052717611839057e-01 -9.845617125749391851e-01
4.413217374041784047e-01 -8.976785244067100322e-01
-1.337297233008204689e+00 4.144123612011423319e-01
1.802151709200751739e+00 4.682102538572935346e-01
3.200688193586655461e-01 1.422671615077473417e+00
1.366410676960831516e+00 5.705740567685215758e-01
-8.162949767306916238e-01 1.167830292554442560e-02
7.237189194611861609e-01 -6.258692588556510339e-01
-2.965227262962243926e-01 -1.744906688608323098e+00
3.557189029523777357e-02 -4.662743249468170870e-01
2.517380692955192290e-01 -1.528202143500823951e+00
3.906370800246558583e-01 -8.018860530210339954e-01
-4.749302115159268478e-01 -1.732776561468730048e+00
-2.448910798264214428e-01 8.258171413736860311e-02
4.601646052005740617e-01 -5.667019224861451487e-01
6.430018168912328413e-02 -1.635118525394017253e+00
-5.884574281414928221e-01 5.923206866108721158e-01
9.209754027884540228e-01 -4.403014580573288983e-01
1.487079738395725714e+00 -3.995197589922444004e-01
1.724496928332588164e+00 1.694314475712723755e+00
5.561045360267752313e-01 -2.218637713107677101e+00
-6.204829545322245732e-01 1.636681153173212167e+00
3.015055954385110759e-01 -9.909137011246196836e-02
8.080056859437955152e-01 6.043546682806279907e-02
-7.585071311529100191e-01 -1.167877951392507940e+00
-2.361892327807904479e+00 9.594942830989567906e-01
-3.829420481702767720e-01 -2.412753310010441687e+00
-1.549026462620294309e+00 -1.163254325705649572e+00
-2.059494579847827300e-01 -7.720607503790640758e-01
-1.592483959369807911e+00 -6.063426307489244715e-02
-1.479714610945616293e+00 1.661815420942230226e+00
1.551519175250525295e+00 7.911574729704402564e-01
-7.929706758167016645e-01 1.155436467524737276e+00
-9.383090109706260229e-02 -4.542993979799184734e-01
-1.316289967906635772e+00 1.677229453552677718e+00
-6.442157859027399791e-01 -1.987607456045003218e+00
-1.633789360469605767e-01 -6.363477151028440471e-01
-3.116333815845606647e-01 1.358743560396906469e+00
5.645418748902868433e-01 -1.540755757966086659e+00
4.048545771180289687e-01 8.559838323468434984e-01
-9.921655767115446223e-02 9.255774829398266679e-01
-1.806064271935614030e-01 -1.174579226764267625e+00
1.960793785372240070e-02 -8.013048612228389489e-01
-2.400529887744497604e+00 -2.207776856379595476e-01
7.701390473043504548e-01 -7.812082428464070354e-03
5.468559095717526741e-01 1.373092270427235251e+00
-1.206735403969426274e-01 5.728152311128422713e-01
