-3.897966103321732767e-01 4.530467497721043513e-01
-1.040864352304812890e+00 5.671385348854554032e-01
-2.775980371840334748e-01 -1.290708664937953998e+00
-2.924745212036717890e-01 -4.281258262908477219e-01
1.905205766019288927e+00 3.294413989841538659e-01
4.510943679602478773e-01 8.413500749627431663e-01
-1.002733036327408511e+00 -1.635084628129628070e+00
1.107910630371033101e+00 -3.222101658546057679e-01
-7.097419727660336797e-02 8.608245796383601212e-01
-1.536277485054222014e+00 -5.657453524826789870e-01
-1.460251480819081404e+00 3.927822606485796841e-01
4.148573603163169810e-01 -8.320406398451687391e-01
6.592491510989856307e-01 -4.323269011645421434e-01
-2.852157129961586102e-01 1.647396065913261598e+00
-9.428131318308496933e-02 1.037397418494597545e+00
2.916101594457355395e-01 9.081636236129815298e-01
-1.765958241913673232e+00 -1.907859893081870872e+00
9.896129157329243420e-02 1.121758913085396436e+00
-6.115539801800738973e-01 2.015672995251457378e-01
-2.157757776380674564e+00 -9.316604728125120749e-01
1.162430655187806749e+00 -3.356068107275608087e-02
1.191709205595544052e+00 7.923739570611821881e-01
2.076910022911500953e+00 -8.452181464021716328e-01
1.051233215542985766e+00 6.154425236282496520e-02
7.103302011213435962e-02 -5.441174802604068494e-01
-1.483238939908415599e+00 3.653907996657389523e-01
4.862378675614838913e-02 -7.726418502586865911e-01
-1.139155761892178265e-01 9.622655615662166484e-02
9.652144155395295799e-01 -2.029132641488787137e+00
-9.772664014861386361e-01 -9.312799571104971030e-02
2.358621661357230281e-01 -8.187442247791099081e-01
-1.627874193668117142e+00 2.248485929585404275e+00
8.122658169227578995e-01 -8.129244378833351548e-02
-1.346196507588098612e+00 -4.419443191372611768e-01
-6.391382576282801375e-01 5.681418451889568288e-01
-6.723419967671198094e-01 -1.549498734719912951e+00
-3.483140958342733750e-03 -1.620095160784233101e+00
-5.206105859062495345e-01 -3.257802770037503404e-01
-9.496244994593124877e-01 7.484241961930113152e-02
-4.231922797952133997e-01 7.093185113494716587e-01
4.751334486410118685e-01 3.934822063481615007e-01
-5.585558062667930201e-01 7.744526469879753350e-01
-1.676713005090654685e+00 -1.797766872628525359e-01
-3.218008838710677000e-01 4.467842755526267862e-01
9.757908254583265439e-02 8.830291891024676376e-01
-4.691296876157720064e-01 -3.154678956681060131e-01
9.585293691950159678e-01 -2.905569335468752290e-01
2.086278213921372304e-01 4.858578675619565912e-01
1.621066698373986315e+00 -2.598546774793255021e-01
-4.900958090388243260e-01 4.915401433899931755e-02
1.244356940154451446e-01 -6.579698520067251977e-01
3.343167106265623190e-01 1.201965777045480799e+00
1.564140068772980618e-01 -7.995436650293088476e-01
1.639220106229319907e+00 -1.495625021744645178e+00
1.005312289646848045e+00 8.672105626285797619e-02
1.442758814761044839e-01 -6.266892761863669392e-01
