4.355059169435280819e-01 2.961808209740475206e+00
-2.836742201064271218e-01 -6.343861135852234545e-01
-6.609821705320925167e-01 1.719746628999095472e+00
-8.904860254498038197e-01 5.188457369522719853e-01
3.227368725943505767e-01 1.395962116510874207e+00
-5.856933728269940742e-01 -1.257707337886913912e+00
2.978462922410135549e-01 -4.383838615177657605e-01
-7.880700892038986494e-01 -6.622926281518752845e-01
4.252254776269098202e-01 6.173674742648586067e-01
3.645147216555504333e-01 -8.194218268905804070e-01
-9.325165793845856949e-03 1.640849499503571840e+00
1.789336599721949306e-01 -1.565695134826582846e+00
2.214902399910735120e+00 1.683870119315654001e+00
-1.386727609764229818e+00 -1.044437344888413222e+00
1.793071650146909501e+00 6.439406530059306188e-01
1.875440098142689416e-01 -1.662239034586523667e+00
1.477842557169970261e+00 -4.222160258986272507e-02
-3.637739792970877684e-01 -4.879724913638228134e-01
-3.540322209652143615e-01 4.716052537333547678e-01
7.325336301281315521e-01 5.884383035884636071e-01
-1.204999542800647694e+00 -2.421361847030502057e-01
1.127488488421952040e+00 -1.176173980260431101e-01
4.746453589086055413e-01 4.086112162697248529e+00
8.636305355667859285e-01 -9.743398727915686397e-01
-1.261345955734221036e-01 8.020077409297187154e-01
-4.824615089296401815e-01 -7.355409070500328328e-01
1.757089793863076677e-01 -5.157592632533023469e-01
-5.894299322943478969e-02 -8.082446159732142865e-01
-4.719374048583424019e-01 -7.023112268774854838e-01
8.491425963358723017e-01 -5.288045975676588517e-01
5.729429272934610795e-01 6.590410786958215972e-02
2.297414594997067905e+00 1.152557677585239748e+00
1.335850470035458148e-01 -1.264830868996075774e-01
-3.490254349813360357e-01 1.315228221350848603e+00
2.792598868952175239e-01 2.396906416911698812e-01
-7.665411311139593842e-01 -1.088252603005918306e+00
-2.446898495934622386e-01 -1.319512589024581795e+00
8.939343289506015422e-01 1.596918501681986013e+00
-7.149595899033821533e-01 4.723971013679513220e-01
3.471694741184573885e-01 -6.682646809437072788e-01
5.739878712010419992e-01 1.024158195900119750e-01
1.866283176187663040e-01 2.348900595968954175e+00
-7.409179204653772999e-01 1.612278887596005905e+00
8.937808863230320977e-01 5.072262742260859048e-01
-1.949653756881297162e-01 -8.385711276728825547e-01
-1.343421206108587063e+00 -3.603301322487904468e+00
2.120487502902338728e-01 -4.212986334058898413e-02
-9.900242817204961410e-02 -6.973588259026972658e-01
5.471236773847432122e-01 -1.682263601196613667e+00
-1.774693556368858616e+00 4.626103768988060749e-01
-2.248669930879650947e-01 -1.361170662645838192e+00
-1.159648857107152597e+00 1.738706888640498827e+00
-5.711332101415420581e-01 -4.743671319949285259e-01
-7.911342739562268189e-01 6.814166485702619624e-01
9.015962425400207980e-01 1.421655614685065405e+00
5.085974414756700979e-01 4.248615766376052649e-01
