1.390128503229617563e+00 1.126206754681102984e+00
7.498995393732676984e-01 5.469877007075241160e-01
3.397712966221933528e-01 -2.678380032303175895e-01
4.353880778608713586e-01 6.410644829193633543e-01
1.021639330004788127e+00 1.206823193598298483e+00
2.243576202466999181e+00 1.722567758875388044e+00
-5.886040174613539344e-01 6.088584058480214223e-01
4.304393685861962471e-01 -7.545683862931104047e-01
-3.681776359307896707e-01 -9.060097107555546703e-02
-2.951531210530114469e-01 -1.224532156779342795e+00
-1.132611959089508735e+00 -6.882474288449043076e-01
9.638802074529499719e-02 -3.550771034834510585e-03
-3.213564881077201618e-01 -1.376106916443299744e+00
9.122918705508885340e-02 -9.784173318634563632e-01
8.087355015782947687e-01 1.887026502352749269e+00
5.059753313575847677e-01 4.534827292796947962e-01
-7.142161137013461891e-01 -1.049786216638891156e+00
3.347837148068367741e-01 -8.491971610630504319e-01
-1.714093798999546392e-01 1.078748422642840987e+00
-2.200671048487602421e-01 -1.468366492212007213e+00
6.931990091788807762e-01 1.311059819958107164e+00
1.106547809634977453e+00 -1.074674147074741182e+00
-7.626800798665872572e-01 2.729806253148278627e-01
-1.992757362246690978e+00 1.758605118854087712e-01
-5.292920786030869823e-02 -2.860996059362886368e-01
-5.441201392050605268e-01 1.076634537174236295e+00
3.338959452303575937e-01 -2.657495564043281799e-01
3.657548822865650667e-02 -2.664074809583670891e-02
-1.655029592345558020e+00 3.483326961922326159e-01
-1.730263126709453037e+00 -1.296584903202408767e-01
-3.593643410640029456e-01 5.353305438960432872e-01
-8.219639592690850538e-01 4.695926488619879824e-01
1.008981442585011740e-01 -4.481081356027866169e-01
-1.172891178421950897e+00 1.959409175144991133e+00
1.553143936187016128e-01 -7.581263211721692707e-01
3.350114805128853734e-01 8.525852108332663271e-01
-1.032445639035959983e+00 1.681811953434035889e-01
-4.683541509409493847e-02 1.052545711696460273e+00
-1.072472864382581603e+00 -1.069326050002201711e+00
7.347419444455687287e-01 -4.106704494654329629e-01
-1.255925501242353137e+00 1.138744217281915105e+00
-1.839698203811305777e-01 -6.667974180760126712e-01
-1.295714477944951870e+00 1.667534349479706357e+00
1.033109019286876373e+00 8.977214652898044545e-01
-8.979473242680774403e-01 9.006495866079878843e-01
-4.086475936784166874e-01 1.379064417444384016e+00
-7.909391853421144924e-01 -1.592854867930341145e-01
-2.456260388579515119e+00 -1.227299895980594968e+00
2.089254678568039925e+00 -8.940635390448093966e-01
1.366067888502448535e-01 -1.231747510229713183e-01
1.582014682425801622e-01 9.842732969458323211e-01
1.152524456383957174e+00 -1.247927019372664592e+00
5.525314828636300746e-01 -1.531342789801860338e+00
2.101976524440249058e-02 -7.504697179134757201e-01
6.963195066961472834e-01 -8.455964142073477824e-03
-5.198650642853709369e-01 8.052503750534598659e-01
