-6.094209735239504155e-01 -3.028970270479151572e-01
-2.099647477030451848e-01 -6.422080829126215473e-01
1.937399929803269583e+00 -4.008633413613456042e-01
-7.021838785661834725e-01 4.473806769739663292e-01
-1.955979225922753473e-01 2.378803032200764278e+00
2.640164796572509465e-01 -6.109045293578226898e-01
-8.963776723101504196e-01 -9.915622653519047258e-01
-8.706951577471160331e-01 1.373894558499688001e+00
1.530622768312843718e+00 -1.730710087355800564e+00
7.773438125306461055e-01 2.932879634981503947e-01
-5.397013155152954322e-01 -7.778361722576861148e-02
-6.142446520614330829e-01 -4.516636458685203692e-01
-7.376661310501197999e-01 -6.535842872580636120e-01
6.746025114686559077e-01 1.417163262712370697e+00
1.117129383480836902e+00 4.550500167223877485e-02
1.504895042927296700e+00 8.655881847242850036e-01
-1.857876436477234883e-01 -1.684477012771432358e+00
1.990080797583958727e+00 -4.515174323482080143e-01
-9.308953111065018104e-01 1.160922047191253359e+00
-4.719848759326765175e-01 -9.170165048377582062e-01
1.655260991697191431e+00 -1.237728060739290203e+00
-8.420531147604639610e-01 -1.676544067748364064e+00
-2.283938004225847251e+00 1.156903859653284572e+00
-1.134131090940565745e+00 -2.885130584550057442e-01
1.513761696457894268e-01 1.741792417981015972e-01
3.633732861943200221e-01 8.169872363139047966e-01
1.580194137922497521e+00 1.574688301938266699e+00
-1.751772559534701124e-01 8.773116079124579914e-01
2.253186393353165951e+00 -6.885625474956305059e-01
6.077892378399714080e-01 1.906612016670615084e+00
1.196248082285983116e+00 2.318584588279136494e+00
4.701000472129245877e-01 -1.805233246475956010e-01
-1.270810630960613308e+00 -3.019386448796776978e-01
-1.351246938110354456e+00 1.141512264230818197e+00
3.617835907147471386e-01 -1.976199537535147308e-02
9.250245178397547008e-01 3.403893830618506811e-01
-1.339058245013376447e-01 -1.215898767001269309e+00
-6.237093225562579946e-01 8.119997887241801049e-01
3.323240715050261862e-01 -1.027707606083102382e-01
-1.270258381203031028e-01 1.357537293453279004e+00
1.553434217755855773e+00 -9.856044734718116818e-01
-8.367852776911890444e-01 -1.486159306164178684e+00
-1.039663903795369437e+00 2.986460434540063602e-01
-5.637641838238339753e-01 3.678932765873162425e-01
-1.640933319281348834e-01 4.331000105122228550e-01
-9.468151990937268003e-01 -1.885386051262897489e+00
-1.490695075832493832e-01 -1.612246315402804608e+00
8.831923530512539311e-02 -2.571262030944329258e+00
-2.444687971737692367e-01 1.269516637798161762e-01
-7.560627419427862206e-01 -3.293356169463607652e-01
9.143000943256421875e-01 9.895948878431061468e-02
4.278232220277440878e-01 -1.202376581152544560e-01
-4.416895827086075865e-01 5.075594389529322070e-01
4.159641751554139510e-01 1.332791941841551253e+00
1.382206862686402360e+00 9.231005492490840236e-01
-1.229231851643919793e+00 6.466191556118325856e-01
