-8.509252314635843417e-01 1.017303903270784793e-01
-4.258590848263267836e-01 5.616342058518660751e-01
-3.517757741300783780e-01 2.426626235658984498e+00
-4.971236101948857677e-01 4.973933243003330618e-01
-3.802617392548436892e-01 7.961477774607829058e-03
-5.251824078523668893e-03 4.205742481227459639e-01
1.516791056528244752e+00 -2.660295178080946954e-01
1.082528034677157747e+00 -1.444531002066424596e+00
1.093228874918135141e+00 -6.209214268739079445e-01
-2.275566288302618423e-01 3.248195576112249128e-02
1.067354500456153765e+00 1.521791343728849499e+00
8.993414980173539686e-01 -1.744748088246177664e+00
-8.225779582300750681e-01 -1.370310422466089806e+00
-1.703307401870030879e-01 1.150285065023022302e+00
-8.151347996171455224e-01 6.966592849863288694e-02
1.005400564908306704e-01 -1.638669781236980816e+00
-1.374826141008610725e-01 4.074456794350899136e-01
-9.375049517062743476e-01 -7.655063712661832609e-01
-2.555805471305340748e-01 -1.333291916531934351e+00
-1.443349949322357162e+00 -4.350977395587539154e-01
7.011547329374680226e-02 -6.211847821254051771e-01
2.979768421082258922e-01 -1.867628070157776765e+00
-7.006560261595472516e-01 3.955048252771892203e-01
-8.725035963345332268e-01 -1.078671919997703954e+00
6.307332552333848597e-01 -1.102772057943250394e-01
5.234885748704388719e-01 9.803519089564347588e-01
-1.205388008928661492e+00 2.202447950571021218e-01
-7.083565363817857508e-01 -9.775674788497191736e-01
-6.972649885021960925e-01 -9.551000612762642339e-01
-4.863712829305911201e-01 4.333610988290396704e-01
2.105691176242644180e-01 6.464369821047951659e-01
4.395857994819682979e-01 1.980606155043954653e-01
-5.696618546916452086e-01 -3.773206804472516995e-01
-4.258622546040728429e-01 -5.027678206561260188e-01
-6.482505966614163784e-01 -1.473544598295556840e+00
-8.116336718660192018e-01 -5.344706302106104756e-01
-5.951673127625782822e-01 1.581560582476754684e+00
9.782962289676355727e-01 7.062133836952715349e-01
-3.167534370209602046e-01 -5.096523025767055876e-02
-1.511395401464824817e-01 -2.736849470241710103e-01
2.173426268865037980e-01 -2.860344134850824616e-01
2.574422217576148864e-01 -1.340155453984621214e+00
9.669485451025723322e-01 -8.869140814886297131e-01
-7.000174517105619554e-01 -3.468344355996285655e-01
2.720215721888429861e-01 1.886476772411216807e+00
6.314953737880213414e-01 -2.106234469856349822e-01
-9.954111257375880539e-01 9.513564339057521968e-01
1.734162397386889223e-02 2.768805619117238326e+00
-1.412932676706600207e-02 -4.657355894090877135e-01
1.853072682015781680e+00 -6.299914880789267424e-02
1.284199103697635014e+00 9.174421194495377962e-01
9.121352744137217750e-01 -2.551917443288524434e-01
1.827566913573975382e+00 -2.981994498372690372e-01
5.919448380647457375e-01 1.618853243219043059e-01
5.374639782850559877e-02 -7.312104636610726738e-01
-5.246278097011991548e-01 -9.296492814451652598e-02
