2.990539197050773867e-01 -3.948859735932546133e-01
-5.320793319471253113e-01 8.728694412682376502e-02
1.519742845233744477e+00 -2.191196271317091826e-01
-5.346000344592640730e-01 -1.098537049494472839e+00
5.146759586691714849e-01 1.515733884585788449e-01
-1.019966386621716126e+00 1.788483545059622370e+00
-6.306399202397017234e-01 3.525917717488061265e-01
-1.988987737031599812e+00 -2.258558407985949978e-01
3.733730407814100372e-01 -1.015025806512306117e+00
-1.744442166047232290e-01 5.893741896324400376e-01
4.345282230240987142e-01 5.705411755928492257e-01
-8.164988161956588941e-01 3.494220309454048601e-01
8.999118869466875559e-01 -1.902669194477757397e-01
1.591218748422826623e+00 3.081061831460570333e-01
1.844110429178715815e-01 -6.491587554026558848e-01
-6.589209922622277782e-01 1.431240264616846503e+00
-7.916225465070389489e-02 1.057082671829311149e+00
-7.011740965013638638e-01 -3.019640891273450700e-01
1.181692715260517640e-01 -1.005136953411417816e-01
-1.372058717677170137e+00 5.958987101627701843e-01
1.738195909246321447e-01 -2.248656051532694489e-01
9.494987600654569704e-02 1.102217243879198838e+00
8.982553900132779212e-01 9.230838561936324238e-01
1.489164521478265391e+00 -1.489753554553867321e-01
1.218171315250142550e+00 6.211228008917332177e-01
4.679832067235460413e-01 6.789549262272994712e-01
4.174837735115574655e-01 2.746153335274157947e-01
1.301911753560829332e-01 -2.458551860384209087e-01
1.383855572301089687e+00 -1.569524013762803705e+00
-3.619074815258916389e-01 7.216675242348841168e-02
-9.069148992290777533e-01 -9.477008575653239619e-01
3.256227077954357840e-01 3.679214755433051209e-01
5.057088587723057582e-01 6.510732485032618699e-01
-4.725111109379602214e-01 3.071018942766255977e-01
6.141305058510923010e-01 9.513963183475692142e-01
-5.398117837232496719e-02 2.323741339073284451e-01
-1.552644736485539578e+00 1.407463170028505628e+00
9.213507044937035984e-01 8.680687025275706237e-01
-1.738904104378082016e-01 -1.001477576942336967e+00
1.642320424497401232e+00 1.906498906966713980e+00
1.129361704399815813e-01 7.362627336902184405e-01
1.277411646657649724e+00 9.918423006286344878e-02
3.086879759221080821e+00 1.374048508812036440e+00
8.338292617591719358e-01 -1.930125385389589443e+00
-1.589154905453047162e+00 -7.953521229243993851e-01
1.599285246942470928e-01 1.209366231783440382e+00
1.686715111827305838e-02 1.277166837759928231e-01
1.576651105227270921e+00 -4.666919571454246074e-01
-1.355184239784046341e-01 -5.628898698243146176e-02
2.785517815213983117e-01 1.704735529710557987e-02
2.512345881697579664e-01 -9.256593491075871816e-01
9.428030232178266079e-01 2.472145903066673145e-01
-2.025150952387543557e-01 -3.972644904980633385e-01
-7.969979823279966791e-01 2.046324996958266973e-01
8.476952321365872622e-01 -2.973421018184922548e+00
1.056440208913147050e+00 -5.631498303917558124e-01
