6.597469974224304812e-01 -1.551169568841703483e-01
3.342522342016219367e-02 5.276508930186200041e-01
-1.896117923529523575e+00 -2.896631453787734678e-01
2.286977001991382652e-01 6.591933329510895057e-01
9.533145913827563780e-03 -4.167579628370885469e-01
-5.585896793469697919e-01 -9.104447018611969145e-02
-3.035797615511808267e-01 -5.818476619650791992e-01
8.704328494865655186e-01 1.235645206312218303e+00
-1.001784360099569199e-01 -1.203641335383083023e-02
1.245205167185789580e-01 -1.875279863212916842e+00
2.516124078803264830e+00 5.661704630252095694e-01
-3.467082974203443690e-01 1.091132217418293443e-01
4.101456319851631838e-01 -4.994056054275651801e-01
-4.798708430326640295e-01 1.041579081228163201e-01
1.448989934567646715e-02 -2.267900073371551084e+00
-9.189735285885473060e-01 3.957359301456160328e-01
-9.973403690990818582e-01 -1.315535583048833113e+00
4.837448262503799556e-01 -8.274847473383307728e-01
-1.450574609698045969e-01 1.981929394285295576e+00
4.463770915959948682e-01 1.086421056164051269e+00
1.084314378934707612e+00 -1.622947918542133827e+00
1.847709290229516466e+00 -1.028185595766662574e+00
-1.348904599559391349e+00 -2.600428938276801993e-01
1.533457765686093044e+00 -5.467601057652260454e-01
-1.298977862873211375e+00 -7.038813678229043358e-01
-9.354926815561968034e-01 -3.460419373679148314e-01
1.029710163652109323e+00 4.972578458166377335e-01
9.638398172730254787e-01 1.301449534629639082e+00
1.675296571049467387e+00 7.871540549235086018e-03
-6.918859466738001007e-01 2.416519378712667088e-01
7.952151199772241608e-01 -1.567982822671557530e+00
-4.437034683817480674e-01 3.391242741062591715e-01
1.514654993481930223e+00 9.518507481670293036e-01
-6.016630223666696864e-02 7.974615893468246508e-01
3.811266426146193709e-01 -1.099168866966600655e+00
-3.580746546769411533e-03 8.036593864406642584e-01
-3.061264544277810251e-01 -5.693857966985568231e-01
1.074752581070507196e+00 2.151948771488265244e+00
-1.324232930945450359e+00 3.021065937749455380e-02
1.314036254820933447e+00 -4.621521513262346059e-01
5.955681247243637122e-01 1.624967766892110310e+00
-7.260518254315587727e-01 1.042404421583877472e+00
-5.346077274375075072e-01 2.423642379157283505e-02
1.022469789323349865e+00 1.575969622143764126e-01
-1.799499650564821973e+00 -2.852263032513698615e+00
7.184923521804212898e-01 -6.525970398158621733e-02
-1.224041158339305380e+00 -1.292566362572553196e+00
6.690907759971810309e-01 1.430217838712274370e+00
-7.126825936848828480e-01 1.547396414830716438e+00
-4.980268678001422145e-01 1.936619021938176255e+00
4.669962890413726919e-01 2.745018637811597273e+00
-9.133738046995312776e-02 -3.468515607110888022e-01
9.200095064770220654e-01 7.301243759482700657e-01
3.870441160589244145e-01 -1.221840983260904956e+00
-6.237513855569306598e-01 -5.561330470800885939e-01
-6.137289826975929063e-01 9.115264720724233216e-01
