-3.077990117908686596e-01 -7.212072757714116378e-01
-5.395738562143587852e-02 1.176221168916476711e-01
3.927810509369117908e-01 2.470581086369074419e-01
7.219277710981725216e-01 2.129829115973634668e+00
-4.519755612197180472e-01 -1.597261151202157503e+00
-3.816932076992649581e-01 9.366820113735562295e-03
9.506594302930827800e-02 7.192964599790362401e-01
-6.772331455580028470e-01 1.102695331987515320e-02
-2.945883867154019953e-01 6.850141556301231338e-01
6.308269635868384295e-01 -9.819169162294572040e-01
-3.342590231716395799e-01 3.844841190477819026e-01
6.497952246517638697e-01 5.913941438545764484e-01
6.861887446649755917e-01 -1.767072756620582108e-01
-1.459157448840615157e+00 -8.590160819097212297e-01
-1.215832530241176102e+00 -1.435031918907550219e+00
5.483460212041515458e-01 1.043158364282013584e-01
7.857247048418630753e-01 -1.523261893951193047e+00
-1.380929538929487776e+00 -2.918832960418055178e-01
-1.373873726997660860e+00 1.265217398034064411e+00
5.244101925680384468e-01 -5.186268968415869846e-02
2.214352104098979701e-01 2.500801527168902139e-01
-8.449222129908022794e-01 -1.144614200736057352e+00
-9.949235930890338864e-01 1.331510186475195513e-02
1.097860559952287041e+00 -3.902140458329662054e-01
-8.364187685314633525e-01 -7.015897841178542205e-02
-1.689795599576275453e+00 2.196243415413612066e-01
-2.629832165768752894e-01 5.495603050085433594e-01
1.271932441615482023e-01 -7.899550763644450635e-01
-3.958576629674706582e-02 -8.629370727754489545e-01
3.670282258582979185e-01 -5.569946969207204557e-01
1.025294385888324555e+00 -1.026029906795531854e+00
2.797271488332364608e-01 5.392770652070472126e-01
-1.579137553846103437e+00 9.764371284449388511e-02
2.148643055760764975e-01 -3.389260926496834858e-01
1.253250526587425417e+00 -1.182328681856414709e+00
-1.385855313073619088e+00 7.667993114010187572e-01
-6.759285161605921299e-01 4.897113544505061200e-01
-8.853367986497798769e-01 5.008842856952726574e-01
2.699873744609607162e-01 -6.110840657140989007e-01
-8.547767559641784585e-01 1.719071271581908533e+00
4.127338370138400325e-01 6.249836767878491628e-01
1.757078430144209724e+00 1.771400936627959832e-01
-2.561468503059876611e-01 2.376844172050161363e-03
-6.814511012815686886e-02 -2.217512041318417670e-01
-3.416272813096442040e-01 2.272948104251916401e+00
-7.929145583339644032e-01 -1.260524506412914247e+00
-9.507455877944579470e-01 -4.029065467011369583e-01
1.519595481959310712e+00 1.850539499961649126e+00
1.501518099366885517e+00 1.555225884178522144e-01
-3.641409443241723776e-01 -4.745896203534312741e-01
9.624210437079313563e-01 -3.082047032087357752e-01
2.946114813518545539e-01 1.917602038069630144e-01
3.236519133474549115e-01 8.763797879396793000e-01
9.320063867790757683e-01 -2.520365031882112680e-02
-3.325024422046934380e-01 -6.416234345253587490e-01
1.434382471503815148e+00 5.954563745803184011e-02
