-7.034414002847466652e-01 -4.019917470026074802e-01
1.481770973969834593e+00 -4.872354394990393578e-01
-5.374317874122598315e-01 -3.939558284340864969e-01
3.644763487098284238e-01 1.952484815322491629e-01
2.113702753634538301e+00 -8.482767321869320032e-01
-9.925966288404385329e-01 1.448938584183149247e+00
1.486928630714481780e+00 -1.652525677220254285e-01
-1.209599881294225687e+00 -2.760122244015008053e-01
1.259549596242588887e+00 8.088047176710292385e-01
-4.059644772553242520e-01 2.675410382209381321e+00
-1.074737569648989588e+00 -1.058210787616886694e+00
-1.250532184788586409e+00 1.890063526484710543e+00
-7.607801854702284095e-01 -2.404190968584619600e-02
-2.966901948557883473e-01 1.210788575864159444e+00
1.006741936800477910e-01 -1.749168519338632821e+00
-1.196088958773716904e+00 1.894371133955484454e-01
-3.664602619052013122e-01 1.994451734070123716e-01
-7.132316254597498295e-02 -3.779646112936778657e-01
1.038011825104775410e+00 -6.059724855727052772e-02
6.373355845945909426e-01 2.371806657967042986e-01
1.275772961954984686e+00 -1.468851515442487043e+00
9.933306799767811501e-01 1.926881299985980567e+00
1.688389763166290025e-01 7.696140642325154380e-01
3.154087701202172855e-01 1.132173402773419602e+00
1.107278232830613725e-02 -1.403738062853625013e-01
-5.681566778759230552e-01 1.557265673045623022e-01
2.068624277437948855e+00 9.170391025575990174e-01
2.936099727343113863e-01 4.754187514267695785e-02
5.752009339237836721e-02 -7.947246078441601025e-01
-1.563650942874462990e-01 3.796718397701426273e-01
-1.280444296988801689e+00 -4.340046659652727623e-01
-1.337115624570645034e+00 1.278982407653215025e+00
-2.185816815435266958e-01 -1.016946553898890215e+00
1.837389522134594833e+00 1.136956531640647278e-01
-6.260856358910847907e-01 -2.355311882175269433e-01
-4.224241336660293777e-01 -8.223172945918609811e-01
-1.419600712007415277e-01 -6.735182096471438173e-01
1.846667963996124984e+00 -1.671447417977271144e+00
-4.809518220691291202e-01 -4.904930152974013025e-01
-5.499380761499987891e-01 -1.004283068441324811e-01
6.404635140751018252e-01 3.897889747859312193e-01
-6.320345097907805743e-01 1.213416841821437053e+00
1.733622860870798865e+00 1.721122556556665129e-01
-1.260451344201740431e+00 4.646674843243611686e-01
1.205004261067405436e+00 2.540362654036032453e-01
-9.568949238026135395e-01 1.054525275072782931e+00
3.430788990789256365e-01 -9.505999373897004723e-03
1.303359791444819171e+00 1.824474902754443517e-01
9.788137800469839389e-01 7.499338155532195849e-01
2.751178786648873498e-01 -1.323092341450236686e+00
1.814834815779359900e+00 -4.227495542458714617e-02
-8.591084102206629491e-02 -2.800245452552382330e-01
1.145812367773235918e+00 7.465322530886333574e-01
5.389728409881373583e-01 -2.057061689136809313e-01
1.346689952944822855e+00 -2.262886571507945546e-02
1.008739064133376218e+00 2.339699092974302452e+00
