5.072774206579530598e-02 -5.644619118142250036e-01
4.926973142440614351e-01 -1.129313507163250740e+00
4.578345483884446732e-01 9.660147716326898670e-02
-6.222170282479662085e-01 -2.597221348542311792e-01
-3.189853023603210214e-01 -1.009698507471392448e+00
-3.776153653185325143e-01 -9.688039076635382996e-01
1.438893784138162824e+00 -2.106678523970350714e+00
-5.040631129401467181e-01 -8.344784814508364734e-01
7.933998126119704564e-01 -7.517584644759568446e-01
5.788199413438679386e-01 -7.322442147348260377e-01
3.602042011474614336e-01 1.265511759413197490e+00
3.546857387358774982e-01 -5.270006395428042945e-01
1.510046593325677367e-01 -2.313448129744884341e+00
-1.554741716569262022e-01 2.096357342284850489e+00
2.962905187972347254e-01 -1.501952417724667255e+00
-3.546444910778893678e-01 1.914719118291843547e-01
-1.593830154160126966e+00 -1.295264572822162785e+00
5.259960281200181109e-01 -1.024560320284062520e+00
5.575938805151773314e-01 3.286893730564192095e-01
-8.796627875632304638e-01 -5.774408596174195329e-01
1.000750314137275998e+00 -6.467664709095773123e-02
-3.777299297220879648e-01 2.840377748706374716e-01
-1.541369536785514915e+00 1.501383087778704328e-01
-4.077924785775930983e-01 -1.052308221602450411e+00
-6.074649525035462627e-01 1.417170581178102573e+00
-5.808011656517475529e-01 1.042584201529377586e+00
1.076093418587139139e+00 2.006591142439446696e+00
9.894087431371300090e-01 5.640054174704396406e-01
1.895829425587066963e-01 -9.692123727094211771e-01
-7.050333573177010038e-01 -1.416838844572755995e+00
1.989475505069727632e-02 -3.300347130330184786e+00
-5.130105353156121373e-01 -2.974610620022414831e-01
1.348602309742810812e+00 -5.360780007464130970e-01
-7.967647478897499358e-02 -5.395138416194464881e-01
2.666982796418123414e+00 -6.916561403746681602e-01
-7.062706677680338219e-01 3.001348217234580673e-01
1.264803161572467305e+00 2.438189915528520935e+00
2.059960144483359012e-01 -5.906678789057409062e-01
5.044987926539391543e-01 -1.543798370875078350e-03
1.655367520041871154e+00 -5.573491319048120562e-01
-2.081821808630639925e+00 -4.327585023670135755e-01
-4.522662873055588451e-01 1.826368965893549468e-01
8.094317961072846623e-01 -1.500461575356736021e-01
4.164134372497307890e-02 1.711119059589631508e+00
-1.032561162282058742e+00 4.438678175747425847e-01
-9.240697696637274472e-01 -8.981649589191432748e-01
-1.135673243696066814e+00 1.130709415672342288e+00
5.377021569610457297e-01 -4.170906925311241853e-01
2.959416350235364312e-01 4.036438667270800945e-02
8.019129727427537491e-01 -1.127963756266461559e-01
-1.352180811465530041e+00 -1.392285404123362047e-01
-1.399845449601890390e+00 4.670184452734391645e-01
-2.394558312642133480e+00 1.303979217710131921e+00
-2.869294942899750289e+00 -1.731304753161475585e-01
-2.405405029890141377e-01 -4.392385815179832842e-01
-7.070799762953580148e-01 2.117545857605994009e+00
