2.475835224924158307e-01 3.010738558072365012e-01
2.555287773982926613e-01 -1.843925679353647928e-01
-5.425824506001386549e-01 8.463163807596486565e-01
-1.587844679360953748e+00 -1.316796851817936043e+00
1.354270582536736267e+00 8.193484172767298568e-02
-6.812526932288051063e-01 -6.754089223914717666e-01
4.181380024323645417e-01 -5.439146121225095776e-01
-1.723683306767394008e-01 1.293476997435280884e+00
-2.159340909297493116e+00 4.662450747715921051e-02
-2.309339192173644473e-01 -2.080535307824503910e+00
-3.909166748611717646e-01 -1.149403105817142334e+00
-5.289184241434313760e-01 4.165537597695545546e-01
3.428727527987191492e-01 -7.323162729914136637e-01
1.491831024550382134e-01 -5.975801997721141845e-02
-1.473909591409026110e+00 1.147981022110590610e+00
-8.951474571274735670e-01 -1.293703986958995300e-01
1.533602341607138153e-01 2.440297903136518509e-01
-2.783245507688251408e+00 3.876438116987042104e-01
-1.671623683205416322e+00 8.352479363718305627e-02
8.493909837614377345e-01 1.716338908409988484e+00
6.414085137693440464e-01 1.663649903684037090e+00
4.283541947551822160e-01 8.442233476568459238e-01
1.017832886870439157e+00 -7.037777357447672077e-01
1.817942843206692694e-01 4.498263789390585243e-01
7.663872321293941914e-01 -2.908431021444243259e-01
7.656990333424971151e-01 1.484559619776378181e+00
-8.901706934218914236e-02 -1.269859358003554983e-01
1.225320393146354991e+00 5.328823007104006582e-01
2.048166077958568088e-01 5.082791151151611064e-01
-7.091582707382265705e-01 -9.045022189668995294e-01
6.507767140988358623e-01 -7.711873571639229485e-01
-5.391597538444127258e-01 -6.650195203288558066e-01
8.039442329093485773e-01 -4.047959425341291495e-01
-2.144964533343096225e+00 2.567415702330692606e-01
8.638299028271508029e-02 6.424474214347041245e-01
1.225548924859808597e+00 -2.943130503744248450e-01
-5.569416989520046268e-01 7.471671862927852237e-01
-5.278704495344419545e-01 6.750433748845109383e-01
3.391493919824557501e-01 1.190430479307592604e+00
-8.420320030970849245e-01 2.677804284750421315e-01
5.050939420950085745e-01 1.430509224283797565e+00
1.011844461443549559e+00 1.572702911077853427e+00
1.057214223803745856e+00 4.489087190668635818e-01
1.162376094139509597e+00 -3.070309905446854670e-01
-1.321056733190621335e+00 -4.335003852677477565e-01
1.063456467399385819e+00 -7.088052464677143671e-01
1.540422974913679299e+00 -3.864059187386065242e-02
-5.124528154645521250e-01 1.244438849268836744e+00
-5.023265418716732489e-01 8.994477273744012902e-02
-1.017116227207332857e+00 -1.279550523440586840e-01
8.846094561068873485e-02 -1.728499836379990828e-01
4.973473517685057521e-01 -1.310058040895322184e-01
-4.619654344824298264e-01 8.793361909493427886e-01
-6.589508218597982248e-02 -1.847878172462863455e+00
-4.533977771064479079e-01 1.075018872612679255e+00
1.892054692119441661e+00 1.645259135565097619e+00
