-1.890686396090299481e-01 2.505386862568306783e-01
-9.705963448538114102e-01 -2.245366946486369475e+00
7.963149767747865759e-01 -1.387550837410266719e-02
-6.836204589331090764e-02 -2.058517409835979528e+00
-1.416632139790722444e+00 5.706117290093946082e-01
-2.550639576385029805e-01 -1.558439091849221025e+00
4.444593622199802807e-01 1.914964769618613394e+00
-9.123606910663111247e-01 -2.013318626171257453e+00
3.448157563148727678e-01 1.377500478152794861e+00
8.382163505775759305e-01 5.344355157343863016e-01
-2.669373665425869291e-01 -1.948751601163286884e-01
3.898764271141734183e-01 -8.831888170687338668e-01
1.983984297064844970e-01 7.645281099247041023e-01
-1.637167397089371645e+00 -4.448698934261020865e-02
3.126707456220121806e+00 -1.265830509119740599e+00
1.212692301223257552e+00 5.731131157194019332e-01
9.761521907968773171e-01 -4.495221382110928809e-01
-8.669351713314003005e-01 -7.772554424348722402e-02
1.766528239300221070e+00 -1.317970102383902997e+00
1.384347263058080646e+00 9.101642767969215786e-01
-8.245475079766524384e-01 1.425458810551833988e+00
-2.520253674239497643e-01 1.080176465814420617e+00
2.790193340949023715e-01 5.782865878523308911e-01
-9.498330896084562491e-01 -2.299472269955286308e+00
-1.477337123659474560e+00 2.583836587291525322e-01
-3.624028204055388391e-01 8.592478068737469110e-01
9.467893165867878880e-01 -3.092454094697459355e-01
-2.543319968101528161e+00 6.415996732157810412e-01
8.629447587523496332e-02 -7.149631183604606699e-01
9.124567764520806756e-01 -1.156201109437111213e-01
-1.110945060014685071e+00 7.447966519049079581e-01
4.161671832084046230e-01 -1.207190720712999710e+00
-1.004343713480846612e+00 3.710443302841126556e-01
1.030709485925217272e+00 -1.216842714398238684e-01
5.859276038948407761e-01 9.003495529270705289e-01
-1.839047379785848924e-01 -1.186859878643438559e+00
1.463530451895575402e+00 -6.840134155024200080e-01
-2.759903960135274281e-01 2.292124203584170739e-01
-2.733798297121398102e-01 5.011874151368894692e-01
1.848267712617701619e+00 -3.412503325997600090e-01
-4.018319227381036279e-02 -1.601856174471843475e-01
2.706888711022598315e+00 8.912845234348767409e-01
-1.830246178650111188e+00 -2.985738496537072573e-01
-6.926730338061953818e-01 -6.708960760564095516e-01
-4.949490061622312531e-01 2.036572106629441770e+00
-1.767619388879604625e-01 -5.109997263823987806e-02
-1.522069118414371980e+00 -5.474393530397331231e-03
-4.540172941881938651e-01 -1.367337672012856276e+00
1.046396933173327826e+00 1.967458693411563431e-01
7.267547294982958928e-01 5.781555472501156423e-01
-2.523932074326538100e-01 9.486463915685189319e-01
1.051954991759434632e+00 1.656424084854178247e+00
-2.884118937098805735e-01 7.269866595436630385e-01
9.385031514802804065e-01 -1.019572719347211276e+00
-1.929573329978007568e+00 7.590019418479765356e-01
-4.506516179671860578e-01 3.089318227284937879e-01
