-1.344269914394149446e+00 -1.033252607831082637e+00
4.749656150937517918e-01 8.655065014276620561e-01
-1.294920112096978881e+00 -2.248795843871660982e-01
2.129315390877205338e+00 -1.386754481423085883e-01
5.173955051673846395e-01 -8.307228566917193580e-02
2.831426437510740912e-02 -1.312967489771210694e-01
6.685900011084272565e-01 -2.763362806819711914e-01
4.812815629404798567e-02 -1.232707419385446146e+00
1.076635975508012155e+00 1.490927986382668768e+00
-1.785050215543053653e-01 1.453249882452626873e-01
7.155053513366481655e-01 -1.890033884806024689e-01
4.304763193265370713e-01 2.107929559604310721e-01
3.980277139578955570e+00 -7.146674625115136958e-01
-2.343554532474912966e-01 -6.194104302230346581e-01
-1.594077786304519129e-01 -1.185908009092698639e-01
-2.573561972601897674e-01 7.801019613965781696e-01
9.515423887641496492e-01 -2.848966666544857640e-01
1.999113523775315204e-01 1.357224446004736684e-01
2.210786425785026932e+00 -4.099691010841141070e-01
-6.474058087002057538e-02 -7.337017473912918475e-02
9.438854084295605906e-01 1.024253379618748294e+00
8.344049641967047348e-01 -1.266396292411404723e-01
4.716088221175033235e-01 1.235933563818843783e+00
1.432908520371838579e+00 1.859403452206731977e+00
-7.472473683356757324e-01 -4.048813551379724096e-01
-1.382233185563710220e+00 -1.531412787349562266e-01
-2.843362847958609829e-01 -9.222612562808690795e-02
3.616133249289657514e-01 -2.718366005953697928e-01
-6.404286536348661185e-01 -6.209181833927194250e-01
1.242462112966156162e-01 -1.456229972262066408e-01
3.489907592979393236e-01 1.978449868434072112e+00
3.282488982342772754e-01 -1.084737761388514798e-01
-1.675297557915608193e+00 5.938403815872825842e-01
1.055063109909536445e+00 2.651683203811669998e-01
7.733840588735524380e-01 3.760391420565944998e-01
9.834221867189384403e-01 -6.243205897927643910e-01
1.639935376006378842e+00 1.115751692563802022e+00
-1.907933282019261600e+00 -1.553557060543005353e+00
-1.171230479110604294e+00 -2.404604137713808598e-01
8.475008503015072359e-01 -3.311297687471797535e-01
7.005171431388781400e-01 -9.417555901268763463e-02
-9.386914854104915218e-01 -3.120334887948309266e+00
1.002679630285711276e+00 1.359019733514477413e-01
9.594911764173374991e-01 5.569434010829426018e-01
-1.720885805991464679e+00 -6.217531747185698343e-01
6.353692577920118378e-02 -7.032383303533767949e-01
3.752237954754676363e-01 -1.194667854898599835e+00
1.127705954455327619e+00 7.081429074355626019e-02
1.549402985834677393e+00 -6.259579879091300425e-01
7.730641932415512896e-01 -9.976775039311827076e-01
-8.775120292399539723e-01 5.468791481295445234e-01
1.143312327270545659e+00 -2.832198728149356026e-01
1.449449886130217136e-01 6.104979730498065749e-01
4.093162345001171154e-01 1.620922079086891454e+00
-8.953233166224688899e-01 1.031975759327340869e+00
-2.526942492601444989e-01 -2.632147189144905308e+00
