1.611429966318844054e+00 1.391433280588449950e-01
-2.280175801042772399e+00 -9.319799969308784071e-01
-7.849855303453653343e-01 6.444914699230884780e-01
7.823050603253599578e-01 -1.016080728456662863e+00
-1.085078283520155562e+00 -1.275161434442940944e+00
1.260288768290762917e-01 -2.605726231275048654e+00
-7.836671121843811205e-01 -1.044736664956560590e+00
6.081238850629135939e-01 -3.339246035255913014e+00
-1.595327888266540484e+00 -8.468619151717815541e-01
-1.222241530333627313e-01 -6.737491130226790359e-01
-1.730980074861168339e+00 -5.234026477590109083e-01
6.291982430663596304e-01 -2.228768590928366322e+00
1.383447245206599563e+00 -1.597802433042017300e+00
-7.720459788457474382e-01 1.547618301350016656e+00
4.398389784457677476e-01 2.316417908463801467e+00
2.300537532242779459e+00 9.459212528257003871e-01
-1.790959049773084955e+00 2.875464095286526800e-01
-2.192747955496559875e+00 1.236463227626400929e+00
-8.564505636742771877e-01 7.253602395746140408e-01
-5.296858848432282052e-01 8.715520661554668758e-01
6.889568401119919860e-01 -1.043249413589329433e-01
5.294681429739924727e-01 5.130166834728197012e-01
-7.086139397365727177e-01 2.397234314838430524e+00
1.084476121408082694e+00 7.819247364184115368e-01
4.991478113095570435e-01 -1.975653580312774826e+00
2.930971364383998523e-01 8.613228467883359274e-01
-1.618967742139944654e+00 3.088329947592192704e-01
4.229591360855355364e-01 6.352929081001357225e-01
1.528746082776591519e+00 4.380540577483574283e-01
-1.112333596119575718e+00 -2.220995179953289878e+00
-2.444640253869418411e-01 -7.413123636438844200e-01
5.165025281122517242e-01 -1.152235254644604634e+00
-2.936098880688160495e-01 9.384324342347107883e-01
4.725463419833771384e-01 -7.128357831980101089e-01
-6.542118103639344984e-01 -9.369864048414782154e-01
5.587679991437676241e-01 -1.811742991531157143e+00
-6.750371294655325982e-02 1.218871801707236691e-01
-2.166992346841649722e-02 -2.891260598600925089e-02
-2.781906126770152254e-01 -1.876369231844813967e+00
-2.665676675854089517e-01 -1.305045388899672254e+00
8.798237278410468987e-01 -4.843436260099582835e-01
2.130278949339059036e+00 -7.895817172273781326e-01
8.705567226940822897e-03 -5.235146457832837719e-01
-8.980209960016544146e-01 -7.249133119905242228e-01
-1.482267158409107832e+00 1.230435748640268612e+00
1.054918467273201932e+00 -4.913481043140176530e-01
-6.630678694425901076e-01 -2.805259279706464048e-01
-9.112531892418476165e-01 -2.154656240753887619e+00
-1.118825036835892295e+00 -5.025291627908027303e-01
-3.053560463385462387e-01 2.730937691968923775e-02
9.555965699959645399e-01 8.409005579442359046e-01
1.429346181528333148e-01 -1.009425112772014632e+00
-1.608190382427380216e+00 1.074569685663565810e+00
-1.331271320864610697e-01 -6.722980900531899673e-01
4.647843734154234463e-01 -4.217326644614566855e-01
9.372308432021687619e-01 6.391349051537195125e-01
