-1.311865268944755858e+00 -9.475189212305324959e-01
-1.245245918844931410e+00 1.152388986247123270e+00
-2.732459647691750509e-02 -1.093809845768056732e+00
1.444495652293107668e-01 -1.643328685209338058e+00
-2.384755970365856625e-01 3.658090073579402524e-01
-8.964760928560278064e-02 -5.318119761659928502e-01
-1.035340405126805585e+00 -1.680440562983354313e+00
1.266101866719279156e-01 5.422084205802099044e-01
-1.242584047369485578e+00 -5.361367308579998436e-01
-9.103115104159780202e-01 -6.854164894875233172e-01
-6.528972429092426699e-01 -1.933110723834619016e+00
7.989545939084501391e-01 -2.470929122150649360e-01
3.681007493787409601e-02 -9.421838538664244478e-01
-5.863650285897106240e-01 1.459386959011215623e+00
-8.977606787351073425e-01 3.419657350513350957e-01
2.988153033643639489e+00 9.318736235544904378e-01
-1.049727156180227938e+00 -1.376150055889599377e+00
5.041691719528551552e-01 8.725419010369848127e-01
-6.484412202946625570e-01 1.724361121154324716e-01
1.157316530001497146e+00 3.523824279089656786e-01
8.196131298144608834e-01 2.052024004007615865e+00
-4.181114684866033548e-01 8.009328661094464730e-01
1.082455611325720435e+00 -1.241540466797891318e+00
8.915726855281842500e-01 1.144501319611836765e+00
1.329731364782864356e+00 1.112822511558484662e+00
-2.222573249152988983e-01 4.111976626218017961e-01
-6.000769015877494006e-01 1.412643337015640377e+00
1.365768855330576459e+00 1.192003867094320935e+00
-6.501060557883464597e-01 -1.862116662068192541e-01
2.655506826853744062e-01 -2.957497638459931077e-01
-2.890648293255465573e-01 4.313346428145270472e-01
-7.451590069843430086e-01 1.255303767922539560e-01
4.777627418033555395e-01 -1.266992433393583362e+00
-1.997024696870583760e-01 2.809732529359330877e-02
9.303748632965451737e-01 8.642156686467216131e-01
1.009518800952541762e+00 -6.100724201445052453e-01
1.958156865335632046e+00 -1.029327452099477958e+00
3.579753569766658816e-01 -5.300543493247579230e-01
5.842385879267532056e-01 4.429193045356272229e-01
-5.932939417104419189e-01 6.702938339442793270e-02
1.082794557097662036e+00 -7.090457847171690586e-01
8.202568933441551913e-01 -1.631726612270127053e+00
-8.028021889867525962e-02 1.147294156469958137e+00
1.143620353760624653e+00 2.293511573521815061e-01
1.646081468110527801e+00 2.451255082853584233e-01
-1.314348922959402144e-01 1.558705888534857920e+00
-1.006098565477119289e+00 8.922393877473324686e-01
2.058448254916793285e+00 1.065851814014604715e+00
-2.535956747028597080e-01 9.049348242060758496e-01
1.037558311317859472e+00 -9.814466082375845613e-01
-7.328566724843872393e-01 4.734684545712589676e-01
-4.772841870945512127e-02 -9.209924026100246852e-01
-5.690075890866057584e-01 7.744004925590632915e-01
1.783340183966285464e+00 1.811699310155558953e-04
-2.197374593992716951e-01 9.132889393068149841e-01
-4.191830535687304238e-01 -1.456725407554515961e+00
