1.256148130605532431e+00 7.277052560983577889e-01
2.775641244548265330e-01 3.849558417229398399e-01
1.600639054587026100e-01 -1.646555960295750465e+00
2.243210641596979915e-01 -4.788148964446909406e-01
1.129828023013549343e+00 6.807664023263354514e-02
-1.398559025029752823e+00 -8.502793984339943600e-01
-3.842826379682044990e-01 -8.246885631531192251e-01
-5.268512487436467495e-01 1.072221742396075372e+00
-9.617445013507996965e-01 -3.884364319752852124e-01
-9.978487324187892415e-01 -7.905274251685224796e-01
1.150714312031788866e+00 3.040654851258260405e-01
-3.756362333789196595e-01 8.576824505219164951e-01
-9.025484953995370763e-01 -7.384901013974606299e-01
1.664954347164117276e+00 3.809338817131255328e-01
1.467062975753994802e+00 -8.709557530985170271e-01
-6.142823146578288984e-01 -6.869748675164164542e-01
4.567288740340088582e-01 2.906328251509356697e+00
1.317121766140467276e+00 -8.493870488639729821e-01
1.227336450831292725e+00 7.917460547691587136e-01
1.405198671893640450e+00 -1.504462313114988792e+00
-3.572300684274597182e-02 1.273535574561418304e+00
-5.845689323316035635e-01 -6.597661243416852450e-01
3.697661843945145854e-01 -4.863889968869478109e-01
-1.111844986742548252e-01 -1.625205490819157772e+00
3.205204812185377672e-01 7.725262166052286883e-01
3.430995299536659382e-01 3.185424924206549657e-01
1.439378645654233180e-01 -5.603856400666209492e-01
-1.659117979581855584e+00 5.018888377080366059e-01
-3.717858054200062212e-01 -2.941125676747216589e-01
-9.479234163853087480e-01 1.727112060355351142e+00
1.295542835501012124e+00 8.067734900125955733e-01
9.234115700763648737e-01 4.715705124251422520e-01
1.613098640604544998e-01 6.997131636349948058e-01
-1.968151646676369881e-01 -4.087045686000221889e-01
2.926098203612421234e+00 -9.508746474614323541e-01
-6.345625342435904370e-01 7.776585939098139277e-02
1.818112086758477020e+00 1.719020703786123150e+00
-1.236762810914342037e+00 -4.845103674685160011e-01
-7.662051945995033975e-02 -1.212258233781388972e+00
8.010666850280201423e-01 2.829536334321669067e+00
-1.772106267635647159e+00 1.493689874700131703e+00
-8.291407178161357416e-01 1.055744518722533609e+00
4.992665824372066741e-01 1.274026683360163448e+00
5.327959345542060410e-01 6.743382599872291827e-01
-5.596761428220468071e-01 7.233206948820736226e-01
7.446850878249039463e-01 9.571460550964258629e-02
8.161456351930609365e-01 4.814337091250865952e-01
2.606782401628449652e-01 7.095334224052196603e-01
-7.498268554114891904e-01 8.237454323718653715e-01
-1.004388640730317306e+00 7.151910844121077693e-01
2.172267604535841334e-01 1.428398620789803342e-01
1.402961630494058642e+00 -1.051856265372097310e+00
-2.648887131830317543e+00 -3.253412940841602929e-01
1.325087986089014791e+00 -8.362055911151523580e-01
-2.147991302212824138e-01 -8.041865599318084312e-01
9.632166072189074502e-01 -5.451737161548110278e-01
