-5.675173815358168783e-01 -1.225331355901242647e+00
-7.110479919075031185e-01 2.217425795552447010e+00
5.946698060276073283e-01 -2.210810342531768224e-01
-1.675254339953732519e+00 3.870930987343814134e-01
-1.144239612884733415e+00 6.491688489177735999e-01
-1.913056114700686150e+00 1.508873672034083402e-01
-1.091303280219070304e+00 1.949177971817134702e+00
5.303190015534560153e-01 -4.524515642135077953e-01
2.192654172380157362e+00 1.201739629479453342e+00
1.058188719460882110e+00 3.715541347055505983e-01
1.208890750092966870e+00 -5.044028715001904750e-01
-4.816929237198965819e-01 -1.268106066112671959e+00
2.487589394178054414e-01 -1.294826444575012392e+00
-7.356161673814470836e-02 -1.612347778076461680e-01
8.256739906180737831e-01 4.104044054991056734e-01
-1.969079979747441478e-01 3.709120116819063506e-01
1.281843743706800876e+00 1.303027354203249999e-01
-4.043892907563039207e-01 -9.483716310193641974e-02
1.867939853397188876e-01 3.567949686260584591e-02
-1.157059599192287180e+00 -9.248003981031718279e-01
5.986654988495445640e-01 -6.173342469615685779e-01
-6.725013825116006316e-01 -1.314879099198050127e+00
-4.949867306095060426e-01 7.369626861860208156e-02
1.431755826703429602e+00 3.810597267713930481e-02
9.845293885887312912e-01 -1.114835970869558990e+00
1.070014964594276474e+00 -1.221260958143014497e+00
-5.844375115166311474e-01 -6.984531350339401312e-02
-1.313160471642260407e-01 5.963620014478072662e-01
9.869680276705802280e-01 1.119755286750168777e+00
1.060060959676820902e+00 6.551857602254493873e-01
6.799577578101135833e-01 -1.275602513606359345e+00
-1.459072728892105264e+00 5.543198975767696379e-02
1.623923756389410444e-01 7.399604157479853228e-01
-1.011331012661008222e+00 -1.821019507753868505e-01
-1.563139408022222732e-01 -7.393074287169814074e-01
6.411320678922595162e-01 7.861301825251220121e-01
2.990123983838507971e-01 1.088046592796288570e+00
-4.909176961499743252e-01 -2.448995320484378679e-01
-3.371343983485242807e-02 -5.641018862781199683e-01
1.306476827376676364e-01 -2.750025428492263169e-01
9.731680707293104138e-02 8.529489051039241820e-01
1.693133417097152649e-01 1.276680985053994410e+00
-6.685572840635430891e-01 2.306564971337561887e-01
1.279805860639915860e+00 4.239305374045420627e-01
-3.049052824157232888e-01 -6.976300681996140396e-01
1.651348390993638907e-02 -4.463207106561882243e-01
-1.429070958906901723e+00 3.195639206237430585e-01
1.166994033477492643e+00 9.567040380019008472e-01
-6.455967177449075667e-01 -8.246013288548652564e-01
6.968834554384583102e-01 -2.373531609258676400e-02
-4.603117210804722470e-01 -1.458721638238833718e+00
1.323808538205414997e+00 -3.909616002834970794e-01
1.287677844644482761e+00 -8.006820012401252296e-01
-3.170987153154378180e-01 -3.640533311304209874e-01
3.075838742178336194e-01 1.594562508948729418e+00
-6.502874676758451100e-01 6.137925896295843842e-01
