6.038618437950649120e-01 1.795114667468176994e-01
-6.270830238199425199e-01 8.861452817371558155e-03
-3.373075641246859324e-01 -8.818208144978806340e-01
-1.127502935337237222e+00 3.184334408459652543e-01
-1.813375565024810954e-01 -6.508436287358758676e-01
7.734608904131756724e-01 -1.217800487111185825e-01
-7.926434245227934605e-01 7.676063542162635256e-02
1.003303679065554510e+00 -7.658503123849502714e-01
-1.365360134126433478e-01 -1.220789413726220740e+00
8.986278267413548848e-01 -1.278742429010780945e+00
-1.608330423193706116e+00 -5.063287643472881294e-01
-2.368021182677850500e-01 5.439548518075334460e-01
9.569413629073382221e-01 1.019258645380466621e+00
1.744842036868602619e+00 1.153199831336240572e-01
2.184477638138560884e+00 -1.178325640632089666e+00
7.864254948729790806e-01 7.684476859984089581e-01
-1.092890036162690759e+00 1.039818440372373809e+00
-4.715653151310879587e-01 -1.148543942981834043e+00
-3.591827349857289464e-01 -1.306388591019386758e-01
-3.371455267687105128e-01 -2.345286311312582694e-01
-9.972343348633514459e-01 -9.099252974084246492e-01
6.284018691354051889e-01 6.176897389067116384e-01
-1.037329855498497100e+00 1.282673777631458290e+00
-9.640247519647198171e-01 -2.108399174483563399e-01
1.538442933520008493e+00 -5.828223984751391279e-02
-5.064150946241269963e-02 -1.130747831962057415e+00
1.399576655366509881e+00 1.013288813979929648e+00
2.613055700490103384e+00 1.596629722896079961e+00
5.920004386430925969e-01 -3.026892019785876187e+00
-3.326655441667951130e-01 1.047596947273909951e+00
-1.317396270314148132e-01 -1.979351902684363562e+00
6.187261825586212183e-01 1.606870926391556209e-01
-5.280558391933906082e-01 -1.280511774594178753e+00
-1.229367606539638169e+00 -9.609446388002799155e-01
-1.737266061845465615e+00 -3.749238152096183718e-01
-1.494521225856318969e+00 -1.096924264881071087e+00
8.695567430623897254e-01 -8.843403329248150646e-01
-2.404050292786430454e-01 4.155311798335105666e-01
2.409800512783736581e-01 3.348374861964958926e-02
2.780085545117778056e-01 7.081503480571600395e-01
-4.748469292405619879e-01 -5.113559781012493310e-01
-3.398236098651183923e-01 6.220988942580049086e-01
1.195594001843986787e+00 3.921743556832970046e-01
9.239472249551571315e-01 1.576447607284228614e+00
-8.026654897490130836e-01 -8.267102272504093241e-01
8.002016546875434511e-01 1.370127513980575085e+00
9.049421461380854348e-01 1.784410300694234230e+00
-4.504543541511081273e-01 8.459500957409480382e-01
-7.377705596292701007e-02 -6.067645794545530880e-01
-1.271419090037649413e+00 2.970615363803938980e-01
7.169600192926215421e-01 -1.665785627461983109e+00
-1.428483770063015301e+00 1.476621539566240537e+00
-4.432794970284266722e-01 1.169264053226863331e-01
-2.983195835926231720e-01 -8.192004771875219804e-01
-5.628127515026659644e-01 -1.489014029575483233e+00
2.463908526120401343e-01 5.571553380821986368e-01
