1.752581727854006344e+00 1.102447040156963487e+00
4.216810016602925426e-01 -1.833325360694760819e+00
1.225362493817338638e+00 1.355517825025131851e+00
-7.868247065082097924e-01 8.304483857367626065e-01
1.934218120652360096e-01 7.597860761319557010e-01
7.073229238191431900e-01 1.330113045854765641e+00
-6.922103116986880744e-01 3.132993888052976739e-01
6.774789155088313253e-01 1.119303535862192778e+00
1.148388652243236413e-01 5.057338174457116919e-02
-1.749690920124159499e+00 -1.173880290569381535e-01
-2.869050051406939472e-01 7.153973244284392852e-01
-8.129605883329092952e-01 1.531609418885513385e-01
1.478874902586325923e+00 3.774740176347059495e-01
1.366948794871978068e+00 -4.363117211221635011e-02
-2.415989884443061064e-01 4.091994483280280148e-01
1.346769361980001134e-01 -3.726210797279993492e-01
-9.404400838625998071e-01 7.188188931484136290e-01
4.799955703203438451e-01 -3.589865259495853556e-01
1.739113860335224304e+00 -2.735418440155237829e-01
-1.778064940401091754e-01 -2.359190014750438547e+00
-5.921665925562700217e-01 -1.813659140222141586e+00
-5.262936072504116325e-01 -5.845486864516187264e-01
-2.514088773915370112e+00 -1.080725121625062624e+00
3.689809193312589691e-02 -5.130759409887019062e-01
-1.305128965916891801e-02 -1.093627838177635703e-01
-1.411456546247005672e+00 -1.069546658994909860e+00
-1.807039859607371679e-01 -1.164080402182531504e+00
3.282446398079557515e+00 -9.209482630095462419e-01
-1.094793626817030185e+00 -1.451262383293452141e+00
1.184284136251612107e+00 3.039905849117022912e-02
1.483789324833726164e+00 6.828099066643977810e-01
-1.190630788402487594e+00 3.874827666846968888e-01
-8.190039669448389015e-01 7.103961671486758167e-01
1.562064179856239798e+00 1.720269030169951030e+00
2.463646652233840093e-02 -1.473330793949250817e+00
2.381368450866274245e+00 -1.428357959335863903e-01
5.718223753616221705e-01 5.592007091735922142e-01
-1.092146630125496065e+00 4.864301262846804086e-01
-7.013892616450335682e-01 3.137448772120026153e-01
-3.257878786964635287e-01 4.712804545344409513e-01
7.116432795046354620e-01 -4.473034359716306918e-01
1.195132964074700377e+00 4.342366937929442727e-01
2.730726041530687764e-01 -1.940985715723043681e+00
9.993007654943060480e-02 9.613634317921286865e-01
-2.660413182023239065e-01 1.275691277569006798e+00
2.221880770853878473e-01 -1.035421096594042745e-01
3.529271843578525303e-01 -1.164129268237964032e+00
-4.615948819050858520e-01 2.599962238402260817e-01
1.631817180487248997e+00 1.108714453619102702e+00
1.897054424175573517e-01 3.326029173670309591e-01
-1.081042243911541911e+00 3.973602109489271506e-01
-1.893407269188888353e+00 8.683335515114644354e-02
6.926341904136527061e-01 -4.182215248213647651e-01
8.088774286844813144e-01 2.338138291495069770e-02
-7.887917941859653448e-01 6.402287154830152982e-01
2.150443057793879564e+00 -5.887288554629289683e-01
