5.315779566442196957e-01 1.252153571909832896e+00
-6.678125514551607189e-01 -1.026908095524185910e-01
-1.809676171897190322e+00 1.073160173584839061e+00
6.959816460673015071e-01 2.401228814112308374e-01
8.108248447940795689e-01 5.674275257804605593e-02
2.582345417508028484e-01 1.512456180059220001e+00
-5.885868438836662220e-01 2.883507008742481892e-01
4.461489843283877321e-01 -4.965971602083240621e-01
-2.065818187651690785e+00 1.483009073305316283e+00
9.880937842194498222e-01 5.540645868613356395e-01
-2.546726130663658494e-01 1.282171721607391790e+00
1.151548812682503975e+00 1.216206702988278598e+00
8.427563580276412614e-01 -4.990113751899794003e-01
-5.366377926484822147e-01 -7.131783667647059177e-01
2.274140547807068646e+00 -1.273988845436907713e+00
6.509230910255677793e-01 -1.346515460541181097e+00
5.271739516628258793e-01 6.856860436091514188e-01
1.594925612185434452e-02 -4.155899223928619102e-01
-6.692090874555710611e-01 -2.726555122844711576e-01
-5.671990922776449784e-01 -2.653982767144496546e-01
4.768330389457808294e-01 -4.073427698708459999e-01
1.703638577682479727e-01 4.825279387997390979e-01
-8.883441375313224642e-01 2.247149994303013543e+00
7.839363997155029962e-02 1.960476199631475402e-01
6.324582114346241069e-01 -2.982843531661311776e+00
1.379535610595389539e+00 8.527179708451113616e-01
4.643153885833708472e-01 -1.579905416247122663e+00
1.783625053935792293e-01 1.574311909053404124e+00
-8.831306855727294458e-02 2.785445189070102634e-01
-4.238267665616267110e-01 7.617756423676531607e-01
-3.854346539842982700e-01 5.298719871973863738e-01
-1.549493547662524895e-01 -7.647590228654215228e-01
-1.134265489022477924e+00 -7.595678188058060387e-01
-1.466418545892258951e+00 9.320660557847796346e-01
-3.503868834725549775e-01 -5.055423695954581742e-01
-2.391725987591732938e+00 8.124482546993899712e-01
6.241778441102000530e-01 1.090286387917958510e+00
-7.810878245413404031e-01 1.751117417630856377e+00
2.196944813520860518e-01 -3.809794881625182955e-02
5.775659127915360180e-01 1.046250444264655632e+00
-2.024737606577811100e-01 -5.640537260507084705e-01
-5.917473995638284912e-01 3.209977238172147529e-01
-4.517585084415663976e-01 -1.009104786598405745e+00
-5.447281937956807152e-01 1.251678168107079880e-01
-1.677134093983689622e+00 -8.903657163296151145e-02
-8.922311615056202072e-01 1.159831871970204320e+00
5.887748523233717751e-02 -7.665032826512484521e-01
-7.132848655261679882e-01 1.561485830475314085e+00
7.748783871821314506e-02 4.210178426813699915e-01
-3.367023523109106686e-01 -1.832979244436397703e+00
-1.125311022631629854e+00 1.013807798949720507e+00
5.006416457822983057e-01 -7.559742547417633851e-01
2.389624891901085402e-01 -3.514126796115004669e-01
-2.356573776827331490e-01 1.062202622199237556e-01
2.479616534424167185e-01 -4.487949510393064445e-01
-7.016448628814897504e-01 -1.316567468236660821e+00
