-4.057568942416726054e-01 -7.697946119648737540e-01
1.106616332828198823e+00 -1.247537393785081328e+00
-6.606081566516547321e-02 3.202480383644944473e-01
9.620865105421043673e-01 1.292617000732493748e+00
2.231784840869742048e+00 4.599952499431190223e-01
-1.156043237856466455e+00 -1.529682841004170291e+00
2.145254162208642956e+00 -1.086298048732885269e+00
-2.000344550341060401e+00 -3.191009275584312244e-01
-5.190926905857896623e-01 1.144220745689605856e+00
-1.283175564921410050e+00 -6.254531416351550854e-01
3.617232107211980630e-01 2.124486105892217758e+00
2.762910031796621535e-01 8.398768273745563784e-01
1.224607227358247147e-01 1.590671872914049656e+00
1.275301789664048391e+00 1.152302879444919714e+00
-6.261600819130537232e-01 -5.462559625572132038e-01
-4.665367030043008900e-01 -3.704775907915471289e-01
8.637057850845342166e-01 -3.728594800595219638e-02
-9.531762421058006529e-01 8.130207980934091028e-01
-5.484699638489134443e-01 2.541313705805918199e-01
6.611586838403672450e-01 -1.075505880886569843e+00
8.552819449108903238e-02 1.179375649072199383e+00
-1.342921919380022922e-01 1.499717545322467593e+00
-1.100178992295106184e+00 -9.201928876821292846e-02
1.755385710725753334e+00 -6.759205879659405114e-02
-6.826717296841698923e-01 -8.128249705361313415e-01
2.961697284159311439e-01 2.117372282338453982e+00
3.723756422189644644e-01 6.684744749816197429e-02
6.664553830259292155e-01 3.166800658499900334e-01
3.157884239034416951e-01 8.296575820727732564e-04
4.271582593605093292e-01 -1.328601807249188527e+00
-1.643796085166002285e+00 -2.385492107676442097e-01
5.405481394773882231e-01 -1.476420576857149669e+00
-1.225080220027132905e+00 -6.584666146791496866e-01
1.793261837100059708e+00 -9.786244905136328720e-01
4.230474886838448967e-01 -4.718740926761557097e-01
8.611042316761228221e-01 9.235647767744880055e-01
-5.064728767913999619e-01 2.281389452441257848e-01
-1.059495057017348918e+00 2.025241007923773928e+00
-1.243458471052468983e+00 8.867259342972131364e-01
-1.414908836943750359e+00 -3.869322912401725323e-01
2.053923654882997274e-01 -1.633228345990843378e-01
5.853324693197741180e-01 -6.068332519608693465e-01
-1.526750761171036530e-01 -3.460900474901047463e-01
-1.355248093792503328e+00 1.438630758386289510e-01
3.678085157469359601e-01 5.227136275586593550e-01
-1.416390526835948627e-01 1.842605444388658364e+00
-6.297625565787328128e-01 -2.140236325642793425e+00
-4.582081279298000354e-01 -7.710329275052114628e-01
-2.884031768458881206e-01 1.163270081369664810e+00
-9.007775939989896008e-01 1.954609131354043960e-01
-4.471472739823900144e-01 -1.229413843803098816e+00
-4.773689251856237936e-01 7.753495788928485011e-01
1.369678599855005396e+00 -8.226386342062890211e-01
1.192765510836119258e+00 -1.441951917763658053e-01
5.937222650914060207e-01 3.948727441372258395e-01
3.728199257222373220e-01 6.616090386538905355e-01
