-1.450982556388725975e+00 -1.942578270243127403e-01
-1.128992033562210145e-01 5.240504989600008878e-01
1.022256529451901486e+00 1.377925241209133400e+00
-6.667536151298024683e-01 -1.366752616689347111e+00
1.315381163395780151e+00 1.588641072231216977e+00
2.556715836538066555e-01 1.032410928427621721e+00
9.582509553096195676e-01 -1.759800796968846948e+00
3.744977569842952159e-01 -7.401806275515857569e-01
2.156375284330053904e-02 -2.725869608689627244e-01
-5.915536433698009855e-01 3.403839824926514490e-01
2.075571264772998248e+00 1.157144990259249662e+00
1.498951671738348312e-01 7.549970897089227639e-01
1.589853648744720405e-01 6.711810282512742365e-01
7.733545296392847768e-02 4.006087285462633929e-01
4.530593824479131060e-01 -1.302983616658796251e+00
-4.525881232083539540e-01 3.880281272141656440e-02
-1.592889066600252201e+00 4.865645655987542728e-01
2.558360307344178519e-01 -1.381344225450555241e+00
8.641490199430901242e-01 6.082964736999198901e-02
1.824974996302221875e-01 -3.158099074966493891e-01
-1.076824750272604492e+00 5.601729217740528677e-01
-1.190862964266254265e+00 1.344238411982179304e-01
1.730203933616071055e+00 -3.510366844641109818e+00
-3.102616338613028990e-01 1.447986531013180367e-01
2.401995834564309429e-01 -2.290391953758849353e-01
-4.460827936121367077e-02 1.035183085200806374e+00
-1.297450124286270379e+00 -4.258531236144381671e-01
-7.876593124361543907e-01 4.330362995123158143e-01
7.977337894903044901e-01 -4.784550109544366547e-01
2.179794179356330908e+00 5.175664073928109010e-01
-3.651018151776244114e-01 -4.079833209685603257e-01
-2.591858129951460366e-01 1.145661072134336544e+00
1.000252288348592034e+00 -5.755298682466731819e-01
-8.895783871017048927e-01 -1.055044569137548294e+00
4.661891882017238364e-01 4.362758443602964831e-01
-9.086447183160099028e-01 -1.133946563468022917e-01
6.465186114051149624e-02 -1.685842523778293411e-01
-1.125840208243279017e+00 -3.509093740715772680e-02
-1.350564310972386606e+00 5.087967060480188541e-01
-6.021802910291350619e-01 3.019475136302258722e-01
-1.118368669039084169e-02 1.319520019623650509e+00
5.987225127710413264e-02 1.128649959406660575e+00
1.131938652583412974e+00 -7.831785549156869419e-02
1.648981215528802391e+00 8.399963513717736974e-02
8.876121250924055017e-01 7.129998246833931796e-01
-8.898087807472355726e-01 6.515847857644511132e-01
8.852133240059530950e-01 8.080835400903861876e-01
-2.441621677981576852e-02 -9.210732212086493176e-01
3.874148751628173071e-01 6.231117669998629260e-01
4.783448730688530381e-01 -1.857167241056625340e-01
1.966164170973519199e-01 5.274688241665198563e-01
-1.186023983424533412e+00 5.049452218501634393e-01
4.073232315979942730e-01 -3.817017621378950287e-01
9.245382254954247203e-02 -2.171405824046833466e+00
1.204207449056773793e+00 -8.564092058979109190e-01
3.706063693186548158e-01 -6.557153650635124675e-01
