1.697740044877854293e-01 -1.241144005755588475e+00
-1.096457932730668106e-01 6.285281670498162887e-01
1.804565503520065839e+00 4.150845294417506576e-02
4.927169356537023925e-01 -2.336230061185103346e-01
-2.469351519603192324e-01 1.615215305830687953e+00
1.648435569971115067e-01 1.853317790915764984e-01
-9.389669866146383992e-01 -4.151382433555456108e-02
-5.619820114128382116e-01 6.317664702092981033e-01
5.594261147183325900e-01 -9.161729884432641136e-01
1.402458254772915192e+00 -1.225039589957306191e-01
1.265559051022868697e+00 2.450651666703256015e-01
-1.929152287429926504e+00 -1.051311550199557354e+00
-7.910952867883506157e-01 -2.459361620230845258e+00
1.171298991173316928e+00 1.059677740317250053e-02
-2.082355321607909371e+00 -1.351723254918346662e+00
2.618622733549970660e-01 2.192713651327938273e-01
-2.582025460469123956e-01 4.418958335786540848e-01
1.374731181852874018e-01 1.406910450806025725e+00
1.657994278685774647e+00 -2.290809980303905480e+00
9.870248838789350554e-01 -1.208424683353259699e+00
-1.985993702236332481e-01 7.421570692178557360e-01
6.830635474578554689e-01 1.398253626758711565e+00
-1.143584088440235291e+00 4.815196934986611388e-01
6.905526053789519392e-02 -1.882994030913235584e+00
2.276846317843757295e-03 2.226162930617398228e+00
2.714920501767933980e-01 9.804348902527182386e-01
-9.331936314325289805e-02 2.295474879314741423e-01
-6.608758238655658701e-01 1.478364411923306587e+00
-1.376018145481113120e+00 1.036363637967685047e+00
-1.068697704833764472e+00 -2.458224759588659436e-01
5.545548251252677696e-01 8.798978920242842561e-01
-1.289430073138555732e+00 1.333180970208707627e+00
-5.872898643201230895e-01 1.094535476826656195e+00
6.138780175525604399e-01 8.992217716737042066e-01
-4.847209646935005112e-01 -9.341688695956593680e-01
-2.826630356319325132e-01 -1.550534174629233375e-01
5.047916156159243384e-01 -6.486601098522225550e-01
1.061221918037209333e+00 -4.842448504995830461e-01
1.716998615615768609e+00 8.154159949243821037e-01
-5.676976880383245438e-01 -4.538965703162280985e-01
-1.171255010116651674e+00 -7.548816084226463163e-02
4.559816649423195645e-01 2.357719925705928365e-01
4.358833008112622531e-01 1.190973777148307100e+00
4.419618576951506173e-01 2.151175530423968807e-01
-1.439623280227777524e+00 1.065975550191126248e-02
-7.726375743241005178e-01 6.938882394721360702e-01
-3.090529606018064812e-01 -2.835468163437314004e+00
7.976817617739051514e-01 -2.692420170156948345e-01
-8.042197558900100463e-01 5.640187880541275289e-01
-5.014816814369773557e-01 7.868471169611545024e-01
8.094879541430416436e-01 9.793383896723066584e-02
-7.512377494517565868e-01 5.713541097267000879e-01
1.122912145416604224e+00 3.442873303216378300e-01
3.121632310550972456e-01 -3.232300811356456638e-01
-1.602452484809980260e-01 1.496749287708421638e+00
1.193053406924957871e+00 7.699894058024696619e-01
