1.235323612364531920e+00 -2.781222817091063337e+00
-1.241161156435504509e+00 -7.128993371048457650e-01
-2.769106922012144256e+00 -9.724601911147641164e-01
6.748640237091252381e-01 -1.553856136021368961e+00
-4.066195259902876669e-01 -1.987381334700686342e+00
2.518534808459885199e-01 -5.078598799232035832e-01
4.218578501453587593e-01 -1.162856036847246699e+00
-1.044617906840753729e+00 -4.093040693430574639e-01
1.115198654495803243e+00 -9.670273274584777201e-02
-2.234540978885241724e+00 6.170259389332501954e-01
2.261078354667368284e+00 1.715381457262090403e-01
1.009208969567954250e+00 -1.912606122173969581e-01
2.336412773889751104e+00 1.946325570037419572e+00
-1.691609455392946826e+00 2.712946988921650648e-01
-1.255671942682149572e-02 -1.719316065741038901e-01
2.361249096764078681e-01 1.506006324955838083e-01
-6.253096338314406699e-01 -4.775448796058395784e-01
-8.051705722529821641e-01 9.297920973626508934e-01
-1.088368186577493679e+00 -1.944617387562339372e+00
1.133203093744759249e+00 -5.392081708367847392e-01
7.303841502571905009e-01 -2.339368712820009133e-01
-4.185964948727783908e-01 3.649229625055337017e-02
1.043216312837430687e-01 -1.062342115296100176e-01
-4.845675951823760069e-02 -6.466548593505584419e-01
4.349077360973936934e-01 1.143502107842155474e-01
-3.494365868087109250e-01 -8.801329450871970828e-01
4.146036937348998586e-01 1.961376045249630939e-01
4.983736683265734824e-01 -1.808733140236085113e-01
1.078835660627324167e+00 8.645421079188383429e-01
-4.008577701271590077e-02 -1.512416844825795303e+00
-8.638044950415757484e-01 -1.080477992448706903e+00
-1.102577738136266070e-03 -1.566770579196881563e+00
-1.515225640131821150e+00 -4.171814386687991982e-01
6.828198335419687348e-01 -9.979829327567127928e-01
-7.691329805341786674e-01 1.185836375167581780e+00
1.495108902757555036e+00 6.870001782271772939e-01
-1.102998979914880662e-01 -1.768633385325603324e+00
-1.687914661809631900e+00 8.635409442317932838e-01
2.302550543524682358e-01 -2.347829655974110530e+00
1.634776370316525229e+00 2.082896538880189552e-01
-1.238198004654141426e+00 3.069641936738203014e-02
1.072171660060466936e+00 -3.937329429612436704e-01
5.456815157064153210e-01 8.065957979283711055e-01
-8.205319799369233946e-01 1.652028600222452404e-01
6.559293315958818482e-01 -1.291079396452727845e+00
-1.888814676094600520e+00 9.674901850188656338e-01
-1.951256873866122232e+00 6.237550720148709038e-01
1.241429304433662839e+00 -4.541242160325955624e-01
-8.392620234145400371e-01 -7.435564819748255797e-03
1.636646678433952395e+00 -2.220923212894876930e-01
1.939739820129775749e+00 -4.818566234113775826e-01
-6.119469940541206743e-01 6.690850952843757637e-02
1.268132542963662512e+00 3.681563270129675214e-01
1.600499091847130462e+00 -4.913365565791057987e-01
4.158669037833297999e-01 6.660041734706468874e-01
-3.070933854008050523e-01 -7.679712930802816695e-01
