-1.480903628552566298e+00 -1.816785418693315446e+00
-9.060467113080662438e-01 2.098152620974055971e+00
1.168932131285822074e+00 7.701435662992398568e-01
-1.817062900079095544e-01 -1.506757106626507303e+00
1.106463915636892725e+00 -7.727867504315077962e-01
7.498064414608754946e-01 -2.283428605240373610e+00
-2.606005957726165612e+00 8.145864358350511925e-01
-1.256430959747167453e+00 -4.907163488340085533e-02
-8.995149457403111004e-01 -4.594004439074346191e-01
-1.842071246095933867e+00 1.105683621465348265e+00
6.450227343971316474e-01 3.706017095923092031e-01
-1.633851334051254156e+00 5.653994722993679334e-01
2.079711745397021527e+00 1.927998578412428443e-01
7.218604823575445195e-01 -9.285776530409548535e-01
-9.254944311379639799e-02 9.362686238560876673e-01
-6.756615770497528262e-01 1.136863496410439600e+00
4.298470072532158820e-02 6.980445066293552436e-01
-1.368409763929321787e+00 3.832292678857684431e-01
1.089273109798457595e+00 1.551864459331813606e+00
6.958211297694733011e-01 4.834256229887931022e-01
1.768825501394781341e+00 3.108914213708994789e-01
-1.364292188623799640e-01 -2.623289605694645865e-01
5.635092969834634147e-01 -7.480488737940799160e-01
-1.620637233581890602e+00 1.722577270336444588e+00
1.767210834713958401e-01 -1.509496017392428779e-01
1.039783110630891017e+00 -1.174522852361621628e-02
-1.460543602140308428e+00 -9.063360826567856687e-01
1.339947986934432622e+00 2.305595152773990686e-01
-4.566842761364793835e-01 -2.738394480709057666e-01
3.260323495868660548e-01 -2.165138116088654308e-01
-4.248859144948388122e-01 -7.782378927120326972e-01
5.985260233643506789e-01 3.833041394562978210e-01
5.178456513883933354e-01 1.237083369779788056e+00
-1.493549242661031395e-01 1.161130393932279015e+00
5.778304202696264991e-01 2.987239503046573708e-01
-2.427337110406110332e-01 1.064698266378540481e+00
-1.046111168779332301e+00 -3.625470946973858855e-01
6.280502572194941457e-01 3.840063823386273834e-01
3.539024188240418728e-02 2.928272929464819652e-01
8.942544219100867497e-01 -1.348405867296806893e-01
1.369181101252416211e+00 3.697451625318862511e+00
1.954275866942313256e-01 -1.422939784831728005e+00
3.757353290696662240e-01 6.449571569482835942e-01
-1.974021047395073225e+00 6.003699690336558037e-01
1.241107216473867458e+00 -2.251466063147576635e-01
1.174811548137069950e-01 -1.878881834203525170e+00
-2.407762738652149681e-01 5.654592571350437469e-01
5.478532808637585072e-01 -1.145220128394612624e+00
-1.608415872254631562e-01 -5.555137045946665353e-01
-3.404358142985439706e-01 -6.378520436688557560e-02
3.892732137554005267e-01 -2.051715121406151976e+00
4.688050010391166533e-01 -2.667653338334700572e-02
1.211260188521733200e-01 -6.252705208642983514e-01
-3.201614093862452104e-01 -9.135891856967076619e-01
-1.916594313908755454e-01 -1.680428417574527655e+00
-1.861671891870191609e-01 4.627796505094993185e-01
