1.779974075864288130e+00 1.188896054357418519e+00
-5.932564115404451860e-02 -1.754971153162920627e+00
-2.113659742131057950e-01 -1.277206961444709465e+00
-2.865539830210328542e-01 -1.183131284988285126e+00
-1.945055446906101271e-01 5.811080871964062755e-01
4.986248073911966894e-02 1.881798501196050077e+00
-1.165237827604780119e+00 -1.349620529746495823e+00
-2.127806318950293540e-01 5.530324684749907682e-01
1.716940448475091863e+00 -1.002604983702344521e+00
-4.515091932919438333e-01 1.616653416869471838e-01
1.658185109150261738e+00 -3.623587942388786232e-01
8.979108787982099660e-01 3.730817087716010172e-01
1.934329708736847730e-01 -1.742398463934566877e+00
1.070227853453493472e+00 -2.069062168746892638e+00
-2.381558910296860676e-01 9.432389467314289400e-01
8.077855667340372303e-01 -6.630226857082307523e-01
8.638658457297997417e-01 8.199227643252902098e-01
-1.136336938677130037e+00 -7.323795685504944641e-01
-3.871847082651100891e-01 8.576941572304620787e-02
9.608691186199597167e-01 -6.467511855575895918e-01
-7.947204082309460293e-01 1.814157465089721866e+00
1.809985186602204532e+00 8.631773855633899650e-01
1.703385944173559652e-01 1.285165155058151987e+00
-7.091253066508319547e-01 1.116989687434180700e+00
-5.025683830326163060e-01 1.323779072931988328e-02
2.703321203586042665e-01 -6.236961187838256926e-01
-1.724749579919103160e-01 -8.909249849074032390e-01
-8.201203371665897190e-01 -4.168541978917173485e-01
-9.274910865303916119e-02 -4.457318471575753560e-01
-9.458683758983796319e-02 -8.751545828165098184e-01
6.259920918646133536e-01 -1.706865774953909565e+00
-3.392105701922777574e-03 -4.450080368619707682e-01
-8.041696162870106690e-01 2.315530561620449568e+00
-1.816472936470210797e+00 -1.107056975232460216e-01
5.656763280774977920e-01 1.310774605846087848e+00
-1.182791202771885430e+00 -3.537150424901054357e-01
-1.218420571927477436e+00 6.484153206857910801e-02
2.145700952125900507e+00 -1.389833990447367773e-01
1.363447823775005396e+00 -8.661081330922385524e-01
2.413976989710477472e+00 -1.002392705998153888e+00
9.163254582434466888e-01 9.207671779822256264e-01
1.956281954778769094e-01 4.468752268733098276e-01
-3.253391338418076262e-01 2.819238269213470982e+00
7.506753038906193165e-01 9.028892881526594250e-02
8.306257069008167460e-02 -9.382363289777848614e-01
1.604051205120026191e-01 -8.993082778572090985e-02
2.714404508751608325e-01 1.081149895507675263e+00
5.750457019357326782e-01 -8.805918347781804822e-01
1.728710029441725415e-01 -5.470312436442009707e-01
-5.367097902502520057e-01 4.006205238213477182e-01
1.084660720503780151e+00 6.997818787610220470e-01
-4.423504288603087864e-01 -1.740044593243925408e-01
-6.574963555695514383e-01 3.840377434011930102e-01
-4.238549631143510021e-01 6.137600407621335297e-01
-7.945557227392457955e-01 -1.676932824241797126e+00
-1.856855896804616268e+00 1.990720655532150829e+00
