2.665339950461121266e+00 1.170449016060204128e+00
-2.366994724500892655e+00 -6.972162085545037247e-01
7.499782376562672548e-01 2.221585858411415093e-01
-2.806718843284727871e-02 -8.359661510437094156e-01
8.702191262010873229e-01 -1.187461722952523280e+00
-8.736397035049363602e-01 -5.564231446847587303e-01
2.101690957808426685e-01 -1.254854608026602314e+00
-5.547234861058196742e-01 -1.374434647048115243e+00
1.096130777304377690e-01 -6.438008875874277059e-01
-1.040560749747214464e+00 -3.657937813251624926e-01
-5.002758940391579534e-01 -4.224788124862110528e-01
-1.068305454830120294e+00 2.754283061558914780e-01
-1.857201238136950705e-01 -3.317160808200764199e-01
1.966265303117689323e+00 2.041966027033748424e-02
-1.416389175401403522e+00 4.857676377344025825e-02
-3.595114296147517985e-01 6.533172131767034374e-01
5.595580426277058095e-01 1.169091355450439240e-01
-2.667018697331141053e-01 -5.889973019945072830e-01
8.670213363396600537e-01 -2.057791797502764641e+00
-3.247036851135337021e-01 -2.577398866781931974e-01
-2.112611550111643255e-01 1.030416401262773896e+00
-2.304652758309426175e-01 3.033098589270475931e-01
-5.071780402544888711e-01 1.264423752828163439e+00
-1.203027570492345211e+00 7.606755594710518098e-01
1.986852031003303543e+00 -4.493446410902303678e-01
8.704807035084385358e-01 -1.908445790707268053e+00
-3.932762778969838002e-02 -7.588505383618840971e-01
2.188030323830185975e-01 -1.557823530947987367e-01
-1.708943076041663289e+00 1.017460925592014176e+00
-2.148568984164819229e-01 -4.970808121882867858e-02
3.058852261894643987e-01 -3.655997136149686244e-01
-5.997745103236727937e-01 4.100419144224993762e-01
6.152248811177661869e-01 6.391767463057304033e-01
1.066843528890122128e+00 1.425856125897889015e+00
-1.880973367019543596e-01 7.721721805134741379e-01
-1.647145757761044604e-01 4.680135302800473851e-01
-3.935984424411953508e-02 -5.517545042740665817e-01
7.865206254862858737e-01 5.079229341454528646e-01
2.122693013736329348e+00 7.835042915901448968e-01
3.723089872324872318e-01 -8.394548315385788051e-01
-1.562195460555292625e-01 8.940418369126860165e-01
5.081082202463101938e-01 -2.369049709642840007e+00
1.258809292294850168e+00 -5.267782092203325828e-01
9.416365408834085349e-01 5.554202851109265593e-01
-1.007895479344626199e+00 4.428399755220481793e-01
-7.824187002639675370e-01 -7.231016604974899176e-01
-8.982469319189750889e-02 5.195082067617942112e-01
7.492304934473370537e-01 1.170816799473904490e+00
-1.887410447821081583e+00 7.754647675523218542e-02
1.556722434377623143e+00 1.091465690606936656e+00
-1.328009809479699488e+00 -2.893808370207697767e-01
-3.995254841908368881e-01 -9.625403703128320165e-01
6.619294121351670945e-01 4.010655521201543228e-01
9.872408704494426424e-01 3.142942917243136680e-01
3.061861789344151874e-01 -5.344497146407841681e-01
-1.418419222153615600e+00 5.029053416270504867e-02
