1.402066928754346797e+00 1.412967299869884563e+00
1.356093597577926191e-01 6.346442426770750878e-01
-3.678879949852682518e-01 2.526434372220920932e-01
1.538098851387313948e+00 -1.352509334250228401e-01
-9.344522243429354003e-01 -6.107567678408983847e-01
-9.036486128534073625e-01 4.487766403153164441e-01
1.293319305818282139e+00 2.559473754414424290e-02
-2.739973470848700576e-01 1.173691320813690986e+00
-6.430005325894994073e-01 1.819676151443842205e+00
5.899600220137017903e-01 8.642567247211420389e-02
-9.221707663344718142e-01 3.044659773762422028e-01
8.940147905712706455e-01 6.182275159158913125e-01
8.256646418203008597e-01 1.718662106635366338e-01
2.877297371997086239e-01 -3.585802913657569757e+00
8.732407275595548413e-01 -2.252438516234678278e+00
-6.550304428755912567e-02 6.235889454324756720e-01
-1.074629052478967839e-01 -7.203087216900643242e-01
1.687467055173729191e-01 -4.216232763099027614e-01
6.540187487554042223e-01 2.161762609491137521e+00
-4.735813396850324652e-01 -3.659308352042430768e-01
2.260436213820535278e-01 7.468539862155586240e-02
2.295316245586176973e-01 1.093206913485754050e+00
-1.523823580058320526e-01 9.788276814054333030e-01
-9.470167013759435148e-01 8.958909792264317939e-01
-1.514682375857792973e+00 -1.521854948000973123e-02
-8.785690841469950829e-01 -9.471142655046151937e-01
-6.827392600022642588e-01 -1.335021729746709740e+00
6.727881870682479448e-01 3.755867437336387060e-01
-8.917565947749115374e-01 1.367918672714979689e+00
-1.058795203686468955e+00 1.936139197904963027e-01
-1.271599307016387570e+00 1.890754887011625862e-01
3.201329269188424309e-01 -3.206645944270054005e-01
-1.447928261810929929e+00 -5.516730310726956077e-01
3.137344978823533026e-01 2.563769483221240986e-01
4.295593227462549124e-01 7.645751796165516090e-02
5.901693140332057164e-01 8.919997309604807967e-01
3.139055111365730566e-01 -8.304263375952315451e-01
1.321548667218434225e+00 -1.433683884464939662e-01
1.173809787203077049e+00 5.417735723851092589e-01
3.213881526551900375e-02 -1.698570654001951841e+00
1.696817402648884476e+00 3.960015429965415557e-01
1.743587554047954624e+00 -3.310840254099910451e-01
1.431385672833807909e+00 -5.079456965169085736e-01
3.228671572106144305e-01 2.933048911833452746e-02
-9.969666486169155295e-01 3.346831147108567106e-01
1.796652952109911494e+00 3.593976630357709201e-01
-2.376472508070681666e+00 -2.110908017954541138e-01
-1.721924616584816992e+00 8.813228876827311487e-01
-8.161489643534882710e-01 -5.529356323149680064e-01
9.266989323916420274e-01 -1.034315357319068457e-01
-9.571218588605804323e-01 -8.799116357693590462e-01
-6.430501022061367866e-01 1.880987873350985051e+00
-4.493748859746035107e-01 1.948001186262025675e+00
-2.130614235061380590e+00 -1.305317239838876153e+00
-8.127041698122355884e-01 1.537217031557755798e+00
-1.400145680112833968e-01 -1.328477579219952798e+00
