-1.067748632420488342e+00 -1.677301247999495759e+00
1.201580258586463668e+00 2.777352099587727885e+00
-7.991473299901054039e-01 -6.348055519482359577e-01
6.828858185454979302e-02 -1.428420526197433649e+00
5.401766565844109413e-01 5.329477906889222849e-01
8.365185245646782342e-01 -5.342262049430687165e-01
1.942691413670722955e-01 1.003913850829653009e+00
-5.536455150511943035e-01 -2.272362687235335854e-01
6.557453823048656760e-01 -1.287258961921157852e+00
-4.187017130889552491e-02 5.301568017127720189e-01
-2.632578884151235213e-02 -1.183350155191317032e+00
2.366091443031291153e+00 -1.564930493856406590e+00
-5.182783935374105644e-01 -1.704783607596380923e+00
-6.207787093237699949e-01 -1.233557948568813956e+00
-2.132113711655622967e-01 1.153855498805227198e+00
2.000563006833026014e-01 6.896600572813322838e-01
-4.552611485985124662e-01 1.348351146177222626e+00
1.102067910344061374e+00 -2.301637375747168923e-01
1.053993901731497429e+00 1.127689137749176007e+00
9.325406663887660930e-01 -3.245931076870750553e-01
1.287698587367813507e+00 1.040086030101448955e+00
-1.695113773539542734e-01 8.817247332933493276e-01
6.146073640285931727e-02 -3.470602530319253920e-01
-3.689093615802407911e-01 8.724713552425152896e-01
-1.680461981022115081e+00 -3.891397452522380590e-02
1.588082243207917799e+00 8.303787714548559462e-01
3.708901747205952670e-01 -5.847799578498733553e-01
9.591050966809284706e-01 8.489721386077229148e-01
-2.850327577947239011e+00 -6.577318518743147102e-01
1.091268127819354561e+00 4.483863357620852530e-01
2.627827208108908796e-01 8.549366258907959981e-01
-7.538281087361186072e-01 7.896774152453671647e-01
-5.818958899973134535e-01 9.535962194733061947e-01
-5.420909699569037565e-01 -8.555399449074120310e-01
-4.696213422947803084e-01 -7.638672548451024280e-01
1.035446747289292091e+00 9.676627785283887784e-01
-2.788823999113067276e-02 1.249022946759058561e+00
-1.052871212866451245e+00 -2.376423093436207945e-01
-9.057932225745628507e-01 5.539089004978570152e-01
3.803364197414413894e-01 -1.185162131683562770e+00
-1.590681852530061668e+00 -1.386573042969527325e+00
1.182494802177558035e-01 -6.067146123222910692e-01
-3.199963545505122853e-01 8.229516532334426593e-01
6.975589467571631230e-01 -8.535869186998548130e-01
-1.749467288909695439e-01 1.531949077834636963e+00
9.313608643188663327e-01 2.184561364733234312e-01
1.557253789774544570e-03 -7.652257055599276381e-01
6.732304491526654999e-01 2.920703236326463101e-02
-7.690612251074233630e-01 -9.312877145119357047e-01
-9.520277388515413497e-02 -3.384226740603802491e-02
1.495652220994471149e-01 1.901484752565328062e-01
-2.993879281703229478e-01 3.545381139450504704e-01
1.416386547648434080e+00 2.571664941323992815e-01
1.284077848532423793e+00 -2.507685921771130921e+00
4.536432694788217201e-01 -1.270863007213625995e+00
4.840423138250292689e-01 1.632119569950357230e+00
