1.910327345772151020e+00 9.357522974636031665e-02
1.047496008727508476e+00 5.567746362080834288e-01
-1.635253782221765817e-01 -1.157310513805745789e+00
-9.694086312056124921e-01 1.170502626312224015e+00
1.330250331717059697e-01 -2.560007012725210029e-01
6.159527263477366787e-01 1.790562491868182837e+00
-1.199637757546055727e+00 1.203410914411349175e+00
1.612675086045195050e+00 1.567558462457849355e+00
-1.237982542767263050e+00 1.226518871674908473e+00
1.395691433530537706e+00 -6.266372296852939887e-03
1.030649536873886829e+00 1.576756075285126624e+00
3.689584399288702854e-01 -1.072316115231122247e+00
-3.673208668504010510e-01 2.405505372697010202e-01
-9.348559827591603755e-01 5.095531219653744864e-02
-1.498116063833279776e+00 -7.472049135588968438e-01
1.201478984333047006e-01 1.023787482687427586e+00
-1.108456915418229327e+00 -1.675472133056415958e-01
7.218491690417427886e-01 -4.294154739117500563e-01
-4.041994800481729100e-01 -1.956917174013566782e-02
-5.085495665164539991e-01 1.235596454764829266e+00
1.281019976196916543e+00 -4.057164886078748478e-01
5.781596407481897071e-01 6.089752653993137921e-01
7.847675810244506556e-01 1.537909809125772298e-01
1.133298337596341465e+00 -2.289932599502642052e+00
-1.002193485114639682e+00 2.117546644243550324e-01
2.739950124191385950e+00 -1.302545027166187586e+00
6.145519491230375664e-01 -7.081183027533269891e-01
-8.738327161019816547e-01 -9.269055520452504915e-01
1.298399002805668001e-01 6.704451727194757904e-01
-7.547491589848205340e-01 3.629485446901757617e-02
1.928324885077417616e-01 1.311485800922713996e-01
1.760842687822959274e+00 -1.199102374676401794e+00
2.666713712506174616e-01 8.868348337386200431e-02
-1.742274537156611736e+00 -7.036244276976983958e-01
-2.665050769256134822e-01 -1.439686974796494934e-01
-3.418198307658814467e-02 -4.236978959115679233e-01
2.435067904693376251e-01 -2.062599570915576649e-02
1.030107663280150243e+00 1.095464252796838761e-01
-4.938791475632915429e-01 -6.008687888242412178e-01
1.004507373545173277e+00 -6.084471712826111656e-01
-1.181819160846497851e+00 1.215849616270596734e+00
-2.625158954691424532e-02 -1.841727498858377832e+00
-1.344800707089185199e+00 -5.175458712458028687e-01
-7.888357813878993374e-01 4.508781649115067292e-01
6.723976397322647403e-01 -9.789887531628933826e-02
-1.933337359951402989e+00 -9.920220299262261232e-01
1.357249065124474185e+00 2.115464830103698457e+00
1.330362091961233562e+00 1.553077755517829339e-01
-3.733715182899525753e-01 7.530751914514768330e-01
2.504052870051959312e-01 -8.624196054670296707e-01
2.040140135830441626e+00 -4.398073484919933218e-01
-2.840308640748300029e+00 -3.415370586908277883e-01
-8.525227203511764884e-01 8.482105781979860648e-01
6.641549663922720059e-01 8.203238883126391379e-01
1.333420279438969624e-01 1.185210055786892341e-01
2.730844640714375493e-01 -1.000103397868766786e+00
