1.457976587632514864e-01 1.296219297781134205e+00
2.457903401835475954e+00 1.045700724450173980e-01
-1.511615529258117041e+00 1.234309812637974568e+00
-3.950925708462865032e-02 -2.572509640763324668e-01
-7.660349795632972469e-01 -3.634268097410087717e-01
9.316198374841098140e-01 -1.318285567079948262e+00
-1.109033676184792760e+00 7.787865510292363291e-01
8.337169373454371701e-01 1.819325378730396237e+00
8.600823567642768008e-01 -4.141882176651555669e-01
-1.189267268120570709e+00 9.234112170839710310e-02
2.328575084470289602e-01 -1.292822636630766908e+00
-1.404482778649283059e-01 -5.225358348986159918e-01
4.749355218564912384e-01 -8.770424283207740590e-01
-6.187547572972657006e-01 1.649646914877657355e+00
3.784732602493715570e-01 -4.601472333878960930e-01
-9.284863890363398431e-01 2.729574281887767184e-02
1.111957814214032947e+00 9.809079531339170988e-01
1.226998551134332649e+00 4.362257812020648579e-02
-3.990205985838686242e-01 2.503280106371292835e+00
-6.820235337158864208e-01 -5.738214876715770352e-01
4.064573934893366269e-01 -6.078310161549582702e-01
5.239361457107355458e-01 -3.274120879837947445e-02
-1.384246887850304919e+00 -6.156975818859381638e-02
1.586572737683898726e+00 -1.250053560466214408e+00
1.345554768162252057e-01 1.556682196296725607e-01
-2.356273906351342706e-01 1.461515517050955559e-01
1.069505816368097939e+00 -4.694296534928404929e-02
1.298585433266030487e+00 3.927780679357635862e-01
8.213185012861947687e-01 -1.970187771550441919e-02
-1.437088736557861735e+00 2.614632693394265336e-02
1.395404044740857330e+00 -2.186184298605897414e-01
9.266387273182045137e-01 -1.623628744118273959e+00
-5.833408401319561953e-01 5.915016267930571781e-01
-2.895594146479834041e-01 1.470286590920024450e+00
-5.270582135802663881e-01 6.621645244036670208e-01
-2.100752227530426064e-01 -6.089142754051592166e-02
2.832924712310823656e-01 -3.859567130211453367e+00
-9.173352779799910373e-01 -1.167093652060521958e+00
1.896841619907114307e+00 -4.493440146984279404e-01
-8.442712597952357623e-01 8.955683610644825654e-01
-4.431670545641925446e-02 4.837037941665964791e-01
1.424841374241437419e+00 -1.749991538189674456e+00
-1.181916128657584997e+00 5.830799934889860925e-01
-3.882215178866034455e-02 -8.154623607344779757e-01
7.825986105036844553e-02 -9.612695098461361554e-02
-3.366524604285034972e-01 -1.985929370432450769e+00
-1.384748550040781900e+00 1.198031339484404878e+00
-7.940074162556491899e-01 -1.798039228669551237e+00
-1.233351730591172091e+00 1.160162983189139574e+00
-9.508514818665515511e-01 -3.491713240364545667e-01
2.877635970613569572e-01 1.023436997107915358e+00
-1.643625008872798832e+00 1.638887233015555278e+00
1.001091097196623592e-01 4.677885676272878213e-01
9.887166318220661498e-01 -2.229321147556438676e-01
-3.593033316735211313e-01 -1.244761476202741024e+00
1.742046665679969075e-01 -8.998111672781184955e-01
