-2.081277635999853715e+00 -9.134430079932466529e-02
-3.113352680972750752e-01 9.732046242656579027e-01
1.343377756045274651e+00 -6.376421323441761047e-01
6.905447914084604788e-01 -7.111039630268275458e-01
9.434420529283463752e-01 -4.404991085526399064e-01
6.952681762845972502e-01 7.559162622512095586e-01
-3.078560730661361045e-01 -9.154641252884276881e-01
-1.074584712418052757e+00 1.922409224385158932e+00
3.296192823846103570e-01 -6.539917430015654287e-02
6.634620610988939404e-02 3.810834480371375066e-01
1.528640437882631403e-02 1.203126791479144364e+00
1.191553523505237244e+00 -1.433047912048868833e+00
7.460827660956447227e-01 1.607875245806734021e+00
-3.716736314922711726e-01 8.633125316777972014e-01
3.419049128067323529e-01 6.830614556578030738e-01
-4.843465820762912766e-02 -9.778103973597710441e-01
8.363104944624503156e-01 -6.950756136236189153e-01
-1.591971371568967619e+00 -8.614501976310423581e-01
-1.062417958837981846e+00 4.434653218178287171e-01
-1.446751340552018261e-01 -8.190841179213290135e-02
1.620896308598728019e+00 4.711031530396245781e-01
-3.510687865338736890e-01 -2.066744967084616746e+00
-3.584690796868665319e-01 -5.790312873461384013e-01
1.434696501961370663e+00 -7.007086869136739393e-01
-5.365170434621617801e-01 -3.233058804545156928e-01
1.185909890031500380e+00 -1.959496438080784220e+00
-1.363463694692544026e+00 1.063180158470057451e-01
-1.607132593211028915e-01 -4.501295579950110315e-01
3.010344148201929415e-01 8.719464855848636509e-01
3.341703207695111977e-01 4.453592703190423774e-01
-1.170523197192147924e+00 5.650243830725925065e-01
9.891231749729113565e-01 1.026221210824273117e-01
1.785430088044813735e+00 -5.970196683687788441e-01
3.171030422901670587e-01 -8.167781665641655753e-01
-3.073884232852719389e-01 -4.207128667633854291e-01
4.905887845202341335e-01 -7.959186657912160623e-01
-7.167646154621033494e-01 1.769749488490113931e+00
9.365846124072313428e-01 1.284311002659258794e+00
-3.081492549540600923e-01 -6.117222087378210160e-01
8.300676263916247910e-01 -3.840943905148561099e-01
1.060876988061772330e+00 1.205685141175414810e+00
-1.468259667460850793e+00 -3.131233766683068076e-01
-1.073792265499990739e+00 5.293717545131316760e-01
1.765510753238300479e-01 1.145164027418623109e-01
1.645866394300451230e+00 1.151547713402135020e+00
6.378707465510540242e-01 -1.642602350381311693e-01
-4.678991663420520308e-01 5.715249024068237427e-01
7.156440285714593674e-01 -1.038651869804749994e+00
6.701168393776625321e-01 2.609139349106842865e+00
1.146326885810255103e+00 1.972894099689142811e-01
4.801722335571800143e-02 3.719172207323292456e-01
-1.619273773629989754e-01 -4.470622351550366247e-01
-7.182439083428245885e-01 -3.693783305869811628e-01
1.667274643736929296e-01 -1.519687670989095185e+00
-6.003934469018044062e-01 -1.328612735565958491e+00
-1.374473752560037454e+00 6.200267573575346525e-02
