1.023280044424748958e+00 -1.201443835304074170e+00
-1.940332925861073532e-01 -1.849189375144826356e-02
-9.590393166261257374e-01 6.884266121881196243e-01
-1.527495757657040931e+00 2.182576922545667930e+00
5.517134826451565166e-01 -1.161354988750558315e+00
-1.334841827234273026e+00 5.186170415531495825e-01
4.536492884357817834e-01 8.121325900359792627e-01
1.245021154303858513e+00 2.327677563498148139e+00
-6.348024630401920554e-01 -2.873528943645445866e-01
-1.414395267230049935e+00 -1.372835802480734557e+00
5.536800477520571473e-01 1.150085707673718538e+00
1.164078435045214466e+00 -7.205339327708980557e-01
-5.405988327809978511e-01 -2.513895199976395212e+00
5.760361600891894529e-01 5.613129843947660680e-01
-1.064877679257638876e+00 -2.406699906191425986e-01
2.306141139292002151e+00 1.779649772130989849e+00
-9.287535168172517119e-01 -9.006140192002097811e-01
9.140565782532648065e-01 3.125648752219520876e-01
-7.173066259424418778e-01 -1.402420228153597792e+00
-2.646998957616686909e-01 -1.407527842560998277e+00
-1.538829968102039647e+00 -1.225505103163862658e-01
1.089690314184890818e+00 1.534313986705306609e+00
-9.514904679186810821e-01 -3.987217820699099358e-01
5.117948568255508146e-01 2.569979851616462696e+00
1.771835864091746426e-01 1.105887029920248121e+00
8.583133465019751052e-01 -1.396803591684864898e+00
1.257258854883067656e+00 -1.341585198131766798e+00
5.637744060164808779e-01 -7.286332540240220146e-01
8.492107665707128161e-01 -3.030974132133568699e-01
-1.022464623083170904e-01 5.981627443874090178e-01
5.775144631825130936e-01 1.404218092680509899e+00
-2.210013308304155655e-01 8.931932217753666414e-01
1.626961677455666333e+00 -6.009741344152055298e-01
-7.294652001953374487e-01 4.557619962345398901e-01
2.273274974149782857e+00 6.542917073619154422e-01
-6.807760014618711164e-01 -1.763844151197876187e+00
-1.583057500495760994e+00 -5.330137267157688541e-01
3.789996426579704258e-01 -1.558776153028329947e+00
5.175919624285857390e-01 -1.722960748403974396e+00
7.212112951203236699e-01 -4.768917826285027362e-01
1.634032888731060895e+00 -3.161053835796295286e-01
-4.556209476765824551e-01 -2.785924286869234212e+00
5.756691219595178044e-01 -6.573110885047054319e-01
-1.020419094019016232e-01 -7.006824275956620163e-01
-7.875741497752104525e-01 -4.777300041489330185e-01
-4.153502599735531819e-01 -5.755555737984194842e-01
-4.334280145506973492e-01 7.153863995984293123e-01
-3.353143455775886572e-01 -5.521178609572171547e-01
7.779406228370440157e-01 3.413427235492491052e-01
1.730159448169922565e-01 -2.475799165951234837e+00
2.269745075263351897e-01 2.302365783485355033e-01
1.346120918130314870e+00 2.171323722221686070e-01
-3.898963768085575987e-01 1.131265911548028580e+00
-5.718459131131161666e-01 -5.888200724005459019e-01
3.954721641186365599e-01 -2.023076446458770938e+00
4.005785073720452005e-01 -6.136731837066378148e-01
