-5.617098891427915186e-01 -3.151303666170610779e-02
2.169750142969271600e+00 -2.023901790606830176e-01
6.135026971002001117e-01 -1.600760059880492303e+00
-1.145634490832644792e+00 -4.712498588239594222e-01
2.459021351859171645e-01 1.372953737490590020e+00
-5.138436521788308786e-01 -1.432597359820686700e+00
-1.320056501907402202e+00 1.610653966755253963e+00
1.099338809870554101e+00 -1.185854816837940362e+00
8.243361798472943480e-01 -1.033087178177876542e+00
-1.250801361672268852e+00 5.208407590257166930e-01
-6.395522021563799786e-01 9.865464634211258410e-01
-2.752419857563273897e+00 -3.057900008264199387e-01
7.465764137445879411e-01 8.456567896782383187e-01
-2.350132806868814317e-01 8.209181818933738439e-01
-9.893446424472931433e-01 -1.057904856856380471e+00
-8.415348415500772949e-01 -1.073647573375319908e+00
-1.281052123222836459e+00 1.765326639629789085e+00
-2.472378556540667738e+00 -2.027984163508590676e+00
5.191922068136520796e-01 4.587584550881696477e-01
1.214972087264311718e+00 -1.065911986567551706e+00
-1.324049758468822890e+00 7.469669932757128095e-01
-2.451716539978185394e-01 4.619919308293946592e-01
6.720917862934350229e-02 1.365344314409938642e+00
-9.173517923530373486e-02 -3.860469660134367431e-01
1.277176035461422554e+00 2.174662339995805660e-01
-1.560705124214193829e+00 6.486342576865906651e-01
-1.673137509459929229e+00 -2.575392127171387546e-01
5.506581194200937945e-01 8.809229968522016563e-01
5.903766162876450396e-01 -5.510099173856487509e-01
8.679201755920487593e-02 -3.639467194750905521e-01
-7.067607504767429161e-01 5.835608448149259830e-01
2.004214456230900832e-01 3.257949445403209854e-01
1.673883895037760750e-01 2.028608235113384950e+00
2.212038421389308063e+00 1.569403995428148901e+00
-4.789541456801588715e-01 -7.867874244425333563e-01
4.563715059382435907e-02 -3.028537781582065214e-01
-1.029021515570070822e+00 1.679611245460914448e+00
8.860394334437792230e-01 -8.845028538853751954e-01
-6.414498483662081640e-02 -7.059661951411673186e-01
7.153412373607141994e-01 -8.960869015274335325e-01
-1.530544435328495823e-01 -4.079848198706085838e-01
-3.099963474082869652e-01 -3.603527919388399559e-01
-2.097696944159507915e+00 4.979261140752060943e-01
3.696439615293504732e-01 8.827660422691175901e-01
1.734218383903534333e+00 -1.559858804461443205e+00
-1.364771050070412439e-01 8.098057731670225134e-01
7.520175848167942600e-01 5.220274509136935137e-01
-1.130070451987749580e+00 1.207517844095077786e+00
-3.078851814176084556e-01 1.021584040493761725e+00
9.083434827313747739e-01 5.055732505791586950e-01
-8.554514015352672196e-01 2.342233623008892707e+00
1.476329555159975326e+00 2.903031638648111978e-01
8.000438826240072743e-01 -1.828833077947710217e+00
-2.890159204532817827e-01 -3.141372801704523376e-01
-1.002853798906640836e+00 3.300410506933666444e-01
7.930426819819824669e-01 -1.589803211352838197e-01
