-7.356312103924309564e-01 3.378268136879502559e-01
-1.597336933014878724e-01 7.490716480947867684e-02
-1.056958246226736398e+00 7.445966951946739742e-01
3.632139132901645584e-01 1.705145198358260783e-01
7.589004391220488532e-02 5.228298856817749085e-01
-3.525436523930142729e-01 3.850106420503775495e-01
2.055214678374915227e+00 -2.093176337481502891e+00
2.620663598118052384e+00 -7.066299720337947399e-01
6.153038816700996394e-01 4.021980205931950936e-01
5.157910493311487210e-01 -8.491375185953792259e-01
8.269653705445606517e-01 1.740933512638976888e+00
9.686436556112604235e-01 -9.517095876892895934e-01
6.898622432885985756e-01 9.783813001626794348e-01
1.191246195522095208e+00 1.702376498369000180e+00
-8.782871519291709506e-01 -3.123561515563612057e-01
3.096930693369881471e-01 2.142147045873613598e-01
9.143127332458592660e-01 1.796514060330881568e+00
-3.035532592093111437e-01 3.564078265348669672e-01
-9.009986992153793395e-01 -7.000790166066255260e-01
6.331298351310948869e-01 2.047532033137506868e+00
6.949800533610692721e-01 1.001035059355257051e+00
-5.804888181672946956e-01 2.505924579989981194e+00
-9.431284054946660333e-01 4.530955880775577316e-01
-1.640561104497631595e+00 -3.931896616696565205e-01
6.478790095537714233e-01 3.432996184564805486e-01
5.971797929669639959e-01 3.994409816827828030e-01
9.756444179766034230e-02 -7.708944343558442602e-01
6.984579907435217727e-01 1.068536862306018298e+00
-1.222531786959711431e+00 -5.436877026966798754e-01
-3.373228008794046939e-01 -1.086212458023000815e+00
1.802092645164213580e-01 -1.933713072947314815e-01
8.597774467446805957e-01 -3.003710671578183750e-02
-1.152382662182726003e+00 -3.759361853300007272e-01
-1.350141428266772026e-01 -7.325336473997896836e-02
1.422600308358398513e-01 9.043893919912452395e-01
-5.635817336559342250e-01 -1.328770477540493156e+00
-8.974413096603719442e-01 -8.257836825373182643e-01
4.825657436580760296e-01 -4.193755723283181247e-01
-9.406236471769635621e-01 -1.139274880218116959e+00
-1.768952965291082036e+00 3.128551283910958603e-01
-7.610155697082018333e-01 -6.523151025576165996e-01
1.330943444812263010e+00 3.003864542200042620e-01
-1.491695826574956918e+00 1.313701800687830656e-01
1.346277306127131868e-01 3.693890588204896686e-01
-2.004050464491766437e-01 4.787920168009080490e-01
5.656503260430849611e-01 -5.380953600957456562e-01
-8.133121136661186634e-01 -1.034502554280773534e+00
-1.575209986471042597e-03 -8.197906072085428542e-02
4.429618168345405560e-01 -9.327254856429190166e-01
4.412287314166581792e-02 -1.517326394814954904e+00
1.896644702022820095e+00 1.100579525424427052e+00
1.613876368024143249e+00 -1.642101375934411633e+00
2.658499496513804683e+00 1.726642978179672716e-01
-6.754054549317002332e-01 -5.405306443591312293e-01
-1.138034510829158075e+00 1.684248013150858037e-01
1.146023469869544398e+00 1.704567004435287858e-01
