2.875168889837428909e-01 9.030441154871214626e-02
9.260551656499477202e-01 -1.959441821330024647e+00
-3.217106943532960783e-01 -3.975803361517866730e-01
-3.438395718088306796e-01 -5.276547731406641129e-01
-5.809455146667664716e-01 -6.597637136207195052e-01
1.136419217160048234e+00 2.645690069548996881e+00
-7.413103533620861718e-01 8.509930329441213193e-01
1.999924003360687708e-01 -8.495111013216271045e-01
-8.154662483931903738e-01 -1.111462380666011329e+00
-1.488294920754564377e+00 -6.846704367675973679e-02
6.641890729466829457e-01 -9.793920030627599749e-01
-2.265378206782554804e-02 7.357984734279360284e-01
-1.277294798392383246e+00 4.125272076824837986e-01
-1.444544007408912645e+00 1.454931346369236003e-02
1.326078608912794055e-01 1.574922926117318323e+00
-1.107059690779562011e+00 5.673232894150718186e-01
3.385148283694994764e-01 6.470916139567703951e-01
7.243229954016505712e-01 7.768139890850330742e-01
5.350239822448455973e-01 3.099328276705028834e-02
-2.658760852091780480e-01 -7.806813166463757447e-01
-1.056356692270148834e+00 -9.693257289132457544e-01
9.336162622445254300e-01 -3.852075003488072968e-01
1.439087015502854339e+00 2.877984112412665385e-01
2.595608784939195668e-01 -1.452640961883041815e+00
-1.101196416418161128e+00 2.805535089374067703e-01
-2.005221575466751727e+00 1.556806856717569687e+00
2.161363856919902737e+00 -5.671832422079238212e-01
-8.612909438629291481e-01 -1.088284240709801010e+00
-1.981046672228901073e-01 -1.129887240369847889e+00
1.069899598359990378e+00 -2.241924091150132858e-01
6.924992025604288504e-01 -3.741504870759445600e-01
-4.232061442236241811e-01 8.606955730536424154e-01
7.410740030440787773e-01 -4.765571076207530399e-01
-1.253301322216167302e+00 5.203021281387570744e-03
1.248697077439356651e+00 6.836740661117119977e-01
-9.595079640787826936e-01 -1.635492345455609842e+00
-1.036128056517760632e+00 2.353254685185167117e-01
1.705830571623902836e+00 6.490424491001078877e-01
-7.127728955341451622e-02 8.643850872280340880e-01
-4.923209340694535974e-01 -3.652641892270112184e-02
1.048703265845943866e+00 1.303761912597802608e+00
6.900676401459945875e-02 -6.839255537397388729e-02
-1.484384847483951830e+00 -8.563983453397254753e-01
-1.199823380192292843e+00 -1.195504539542887823e+00
5.942633558246709358e-01 -7.134849105302690786e-01
1.073664078677802225e+00 5.222524756159784287e-01
-9.588893807333163100e-01 -1.699593128912107662e-02
-1.886432033843942480e-01 1.717167122232218235e+00
-4.164423168221294547e-01 -3.207504626367719824e-01
1.655319745957191779e+00 5.114536888833308703e-01
-1.693542761058614454e+00 1.800187400840864482e+00
2.307604796388675328e-01 -1.122198621576120797e-01
5.142243320007763296e-01 -2.579760986441541615e+00
7.802987561564795893e-01 -4.470744439288540373e-02
-4.733737856487261197e-01 -1.676799656878950273e+00
-3.482410557657917849e-01 -1.385519159363431674e-01
