3.401279248546189016e-01 7.362458679217892543e-01
-5.645266087003640854e-01 -5.650423753456186304e-01
1.462727167570876396e+00 2.512896794685381616e-02
1.134726337957721931e+00 -8.346352350841420575e-01
3.506849404483022847e-01 -2.759674257804683450e-01
4.665894188946247967e-01 1.628695004639262534e+00
-6.013252530066083290e-01 2.039415967129110663e-01
-1.526143292844845401e-01 -8.791684653890442791e-02
-2.292243951959293535e-01 -1.200834737007401287e+00
9.757080850890548218e-02 7.757377064232133801e-01
-1.132036821665015520e-02 3.552335316135193932e-01
2.106598272178650602e-02 8.444626688562456573e-02
1.603662307728680181e-01 8.064259447014435755e-01
-2.395633426895765972e+00 -1.665569325511747911e-01
3.995636631107454817e-01 7.780975559495044713e-01
-4.194404557433227820e-01 -1.899932202031087591e+00
3.694304797132952900e-01 -4.338343480607531055e-01
2.592772613777160617e-01 -1.401257329640160698e+00
8.032505376501836158e-01 -8.439413832512231428e-01
1.321126834201238998e+00 2.025022028666379204e-01
3.003028413020568110e-01 1.922858114007721442e+00
-8.907734224411288926e-01 -7.531899591240878156e-01
6.146588407139935706e-01 5.351181802450108993e-01
1.339033093637205241e-01 -1.161943391888478477e-01
8.926461162165015839e-01 -2.166123609531244831e+00
-2.960472093667280147e-01 -6.065057458331740703e-01
1.547136962785361280e+00 1.391744565927753641e+00
1.613956663188885754e+00 -8.885047704936981372e-01
1.354683839022572833e+00 -1.279972565105163662e+00
-5.069325488780341837e-01 -3.773558026294361878e-01
-5.422830244854160986e-01 1.045361939676709317e+00
1.149284003690322908e+00 -5.509624566968140263e-02
-6.212135451589988477e-01 8.469486301362545433e-01
2.710318926923183103e-02 -1.336057915302591326e+00
9.638571772891393330e-01 -1.445729441564296724e+00
-2.873453702069794224e-01 -2.744985563110974969e+00
-1.300922216283822319e+00 -6.086308737209059627e-01
1.270294047746813648e+00 -3.037362720434072690e-03
-5.102497652184575516e-01 4.492549402057820218e-02
7.678475923255915214e-01 7.490392285788951554e-01
-6.329577210151055011e-01 2.358671091085202676e-01
7.803582263761674707e-03 -6.552336807269355523e-01
4.281142090387076715e-01 -6.673532560230657218e-01
-2.317915141607655993e-01 1.817591537685229186e-01
-1.697289036410152496e+00 -3.889972824425304565e-01
-2.529645225658955221e-01 4.297209159587873084e-01
5.911200650062718998e-01 1.323078201912537777e+00
-1.301166246124243031e+00 -1.354075730182731752e+00
-7.775582570967441987e-01 -4.643268834749554874e-01
6.014046162590148681e-01 -6.707608949526024933e-01
-9.084885673762669311e-01 4.966812981537849225e-01
1.179597682675348924e+00 -4.389430590608855293e-02
-1.949083848456918622e+00 9.318619629185029840e-01
6.428260083411797554e-01 1.729355567778427138e+00
-1.009489197297612328e+00 -8.791460443858996054e-01
-1.940896900216006804e+00 2.589811236725225729e-01
