-7.517465145713736474e-01 8.544486866385757606e-01
-2.095574788365181795e-01 6.232278333951885019e-01
7.591129086465373543e-01 3.983756914717980213e-01
1.129701071072428453e+00 3.050982929941542299e+00
1.460514469357453882e+00 1.233349884359293380e+00
-4.187230439546092420e-01 -3.623999872695619628e-01
1.055840067797328752e+00 -6.932567092575377954e-01
1.565422937193600983e-01 2.426532791273530165e+00
-9.544821987557834397e-01 -5.202228733356077939e-01
6.300801430148341709e-01 -2.117642376511870428e-01
-2.829654951565613863e-01 1.633564313613941721e+00
-1.208039339606842288e+00 1.151861795234804697e+00
4.622841890914822782e-01 -3.769410208094303716e-01
-2.370544414863375415e+00 -6.081157321670575822e-02
4.044550062044184879e-01 1.125961229869941287e-02
-1.416761368631866747e+00 -2.035154698528474082e+00
1.727318507910937939e-01 -2.226214430935023803e+00
-8.506029368359450116e-01 -1.766779127496123980e+00
-1.033549459290975969e+00 -2.439774439111411786e-01
7.423538033510156398e-01 7.145054753114291057e-02
-3.772055717141863940e-01 -1.401565007988432310e+00
6.665319524263340067e-01 -1.659117026732915279e-01
-5.651963851098188441e-01 1.492458013703501507e+00
-1.020049480012744370e-01 1.612153106041291251e+00
-1.314408573608578878e+00 -4.553986273866884593e-01
-2.881073577706768085e-01 -4.867196382047206948e-01
-5.510411031562267858e-01 -1.533956279882439544e+00
2.361156136203015621e-01 4.466213957895180942e-01
1.014415159238195724e-01 1.615426754088398198e+00
1.513671295280063278e+00 8.912491221024347876e-01
1.141629135517994387e+00 -2.209764900512178609e-01
-8.748495114417943475e-01 -9.769318910957734969e-01
6.579498284279983178e-01 7.581339317540957135e-01
-6.391459424652499166e-01 2.115119158500906149e+00
-7.201006822537802110e-01 6.515838164320406634e-01
1.049120894287902450e+00 6.018311700668670383e-01
8.466018708443385776e-01 1.910516352719999311e+00
-1.000482234492718003e+00 -8.045628912459589221e-01
-1.388864057516365769e+00 1.855040271920427308e-01
-3.199312610915095445e-01 -2.394258117776282724e+00
1.098015596348579814e+00 8.448815621310218349e-01
-2.328317071466689051e-02 1.592033031580318836e+00
8.898217498376211898e-01 1.035501861643760124e+00
-6.841934819883979113e-01 1.574501686627317043e-01
-8.926473281277306215e-01 -1.218663921264273142e+00
-6.462865611915968866e-01 -4.524834734422730764e-01
-8.958456199754000204e-01 1.954201128019190659e-01
-5.317405483271140376e-01 -1.324902204345290491e+00
1.466299338554979625e+00 2.161796544053446567e+00
-1.980783639825171694e+00 -1.201389443195178597e+00
6.690283575355293784e-03 6.595396649412913481e-01
8.236070999066466558e-02 -9.033859129051893810e-02
-7.580760194146578534e-01 9.869022416250745611e-01
1.519729838327419369e-01 2.190440085092463018e+00
3.888375745550083917e-01 3.135075432186498756e-01
1.699932141732642288e+00 8.682259480729570544e-01
