-5.766069918599563832e-02 -4.760920601306303790e-01
-1.119543610352709884e+00 2.220399930982914494e-01
-4.131955847570180640e-01 2.999320256997300982e-01
2.151474452066756804e+00 6.738376041357877488e-01
7.341666829727299115e-01 5.734841955600750163e-01
1.654163872517166456e-01 -5.659048808992048762e-01
3.551074206370730124e-02 -2.546259405995594971e+00
-4.692392567426193623e-02 8.135202178066995582e-02
-3.096371133682311871e-01 -5.283935880546444253e-01
-4.793395490890267063e-01 3.537421406248036915e-01
-4.925523861709749096e-02 -8.871946109996990959e-01
-2.715717781203089154e-01 -1.056961994360600121e-01
-2.389822112975847901e+00 -8.803757518007750971e-01
-8.589918024099143512e-01 -1.149396114481720854e+00
5.657587305030286062e-01 -5.360499638059234018e-01
-1.022832143493939278e-01 -2.940464290693337590e-01
-1.254801825690472494e-01 -1.254840605943194687e+00
1.357511475229154385e+00 1.192931718961783405e+00
1.464834401661155638e+00 -8.138451940648322447e-01
1.730137325700721040e-01 -8.661068954206541104e-01
-2.577560608753768800e+00 -2.317964819944153543e-01
-3.914357547229891932e-01 2.870560155634138688e-01
6.148478770954791672e-01 -4.733605413755314073e-01
1.794549876449908377e+00 -1.151329025588289090e+00
-2.810460453940579750e-01 2.656257515307087758e-01
7.877019694727791510e-01 -6.311975128021810599e-01
1.360646033260197174e-01 -1.385779508193752507e+00
1.299435162607500555e-02 -2.563744309511205577e-01
2.802699823778003266e-02 1.591737919280030278e+00
6.194770039882535606e-01 8.085561125587225062e-01
7.376205275125558014e-01 -1.631750058149411098e+00
4.346148211098404546e-01 1.455312881965661331e+00
-3.057778154011762672e-01 1.653661390196951020e+00
7.102194845016464031e-01 -1.318351560590347527e+00
-4.839742541895102751e-02 -7.718762232831731518e-02
-8.215808810246638672e-01 4.222152629738225582e-01
-1.588963642575622170e+00 2.444560508777025021e-01
-4.590828758141977106e-01 1.541270274666006745e+00
-3.593705534903668397e-01 -1.275404187470310591e+00
-1.060616639562499131e-01 -8.335120553966649526e-01
-2.467494503427743527e-02 1.366476362217465157e+00
1.021062815726271777e+00 -3.972870040099030775e-01
1.348476318371339522e+00 -1.721266428754639977e+00
1.042826881803130823e-01 -7.021760208113521085e-01
1.555868122142347598e+00 -5.741289562369455979e-01
8.800567812002121348e-01 -8.796436496448488684e-01
-7.528889758200985050e-02 -4.610675285204601237e-01
-1.567550339115028057e-01 5.201773175762491874e-02
-8.668896574615104350e-03 -1.984618298475133435e-01
-6.871453991226691982e-02 -2.545846823398942860e+00
-1.335193791416613707e-01 -6.307443021047881571e-01
8.230290432583521609e-02 -6.531709514962136254e-01
-1.315025610726101135e+00 -1.955198113337660581e-01
1.290427309130903755e+00 -1.603235436056781094e+00
-1.586159037401368987e+00 2.532556350595840389e-01
-1.508052040639437541e+00 -1.667407074080169638e+00
