3.708191997345194335e-01 2.452385589935761057e-01
-1.737685174974816782e-01 -9.140131507768963770e-01
-1.949589469579122936e+00 1.303767949314461883e-01
1.120821583815692746e+00 -7.110728641221968349e-01
7.919537775757695686e-02 8.519163532790769988e-01
3.880640651741566471e-01 -8.602409109993084391e-01
4.263227663867152351e-01 -7.232338809560930060e-02
1.444209756188914895e+00 -1.406128324687456965e+00
-1.221606523947413869e+00 -3.881730862543650296e-02
9.068183701789052087e-01 3.275009295705842705e-02
1.767033640351696633e+00 -8.721897896424267438e-02
3.548917165269775409e-01 3.791861139800378061e-02
2.940813058859334528e-01 -2.401931871847900468e-01
6.222437492191748021e-01 -1.251316319611801786e+00
-2.823498913075259686e-01 -5.482601718828100656e-01
5.939167987874683918e-01 -3.971424266966554484e-01
1.097158682957736664e+00 4.477159247682451770e-01
-1.155894325530858024e+00 -1.064679676195896318e+00
-8.226067589093853938e-01 6.574457463642436883e-01
-4.850043769705334462e-01 -1.184377153160034668e+00
-1.253023011647836249e+00 -8.441114130253715153e-01
1.151842798557248582e+00 -9.519436441786744973e-01
2.673421335282903932e-01 -6.946836764001107500e-01
6.363788921565796119e-01 -1.047471866129281309e-01
1.434076071655824777e-02 2.251581737543540684e-01
-5.936133263417560091e-01 5.187583125322644539e-01
-7.818445471050174955e-01 1.027962456289574611e+00
-1.089994600955583870e+00 -3.685914128855923289e-01
2.014500002693878411e+00 -2.984077625005089329e-01
-3.696129090025290775e-01 -6.315656282572855718e-01
-1.017391538261330108e+00 1.413285697717725775e-01
-4.365409248292861921e-01 -1.030535880106226543e+00
-1.647432948912625594e+00 2.757798296027063611e-01
1.309239411324365943e+00 -1.405766488439990081e-01
-7.418757131457611731e-01 5.531842687387074076e-01
-1.290365864025507792e+00 -1.078023225712359867e+00
-3.506060568099323427e-01 2.427815598122083252e+00
2.308650988801459469e+00 -6.094096060277659488e-01
-1.427370113082788161e-01 -5.607931726282001650e-01
-3.655934207019646137e-02 1.247169008807332835e+00
8.725002248042609265e-01 -4.436307806645687357e-01
-1.511849394980981920e-01 1.402222195652446102e-01
-6.019096758590074536e-01 4.363358076469794899e-01
1.105968382850359255e+00 -1.268982058085728504e+00
1.471628475918507761e-01 2.087800592299025870e-01
-6.855695893672797414e-01 -5.113220601326309289e-01
-3.946038837206678473e-01 1.313951576758948248e-01
-1.581015551776191463e+00 2.585547703510845396e-01
1.259140547668546439e+00 9.712375003501187987e-01
-2.963512418473149279e-01 -1.002922322116210463e+00
6.578077782171302124e-01 -1.790437631743970956e-02
-4.814133145363655442e-01 -1.075677223766587608e-02
-1.345391133051931365e-01 -1.164328863035581030e+00
7.873746918708318665e-01 -5.756264717447113766e-01
-8.933016847932538917e-01 -2.420608641904399283e-01
1.779799544052418636e-01 -3.090880229388005551e-01
