-8.510279052669813549e-01 -7.328040596267374474e-01
1.453855831892830741e+00 2.264739733223708917e+00
9.234647664035209313e-01 -4.101097112667624889e-01
4.678849321551554752e-01 8.250613316453552226e-01
-6.052000422867728213e-01 2.279392659508541752e-01
1.751734648943267469e+00 -1.975048113960374552e-01
-1.758764384932038904e+00 -4.582201488521188137e-01
-1.005284864269547329e+00 -5.181127675080851036e-01
-5.471633809762294770e-02 -9.206212103789555012e-01
7.234537177644447814e-01 -1.782868834698123406e+00
5.233971887474528906e-01 -1.519296854927835616e+00
-3.993214156036828388e-01 -9.178020918242824067e-01
-1.704340781603730370e+00 3.969302809260101816e-01
-9.168194180909686741e-01 -5.805786214953403412e-01
5.332206948026115834e-01 2.004533101837831510e-01
-1.198576966742187055e+00 1.265958379377415177e+00
1.128135572413508259e+00 8.581015969332965732e-01
-8.246861725272760513e-01 -4.296065238334167424e-01
-1.534866366794916726e+00 -1.126990015476929535e-01
-1.030223659452507601e+00 1.920628802540350621e-01
1.423256764015619957e+00 5.302484910775497884e-01
-5.572399872440687574e-01 1.461437007114473774e+00
-1.914942002166898916e-01 2.639063430315793823e+00
2.404747752348552314e+00 -7.798857236082253896e-01
-2.958740730602385516e-01 -1.572054930214847879e-01
-1.639689833993767776e+00 1.938919025722120271e+00
-1.307156948699069288e+00 5.244609517103440144e-01
-5.849458871552032369e-01 -1.501308418346350149e-01
7.027903444993281734e-02 -1.225732870890724024e+00
-6.710281211395533463e-01 -1.726069027211368789e-01
1.943959517060837028e+00 1.691504371951777497e+00
-1.042823576391903595e+00 4.708269703108097781e-01
-1.261058858642305047e+00 -2.704013088301915890e-01
1.225352747973214917e+00 -5.161754143538014455e-02
4.348527557398447208e-01 -5.656980889701259674e-01
-5.623607687565498892e-02 1.101319556145244349e-01
1.818765489964218274e+00 2.350581149491588195e-01
-1.358276805520156838e+00 1.521340344204599404e+00
-2.170153251504978176e-01 -2.254177009938625187e-01
-9.189892969762279984e-01 2.136499728770295814e+00
-1.199015285555497412e+00 -1.084280519861081871e+00
-6.834028789280304217e-01 1.074020011189887436e+00
-4.354685468355096178e-01 1.021657860618129909e+00
-2.723786746600846076e+00 6.905652231887252634e-01
1.322028550992841556e+00 5.701717567729045477e-01
-2.969417140998675375e+00 2.389456328793874373e+00
-3.930653379400632086e-01 8.098627373460254297e-01
-8.594542246490707860e-02 1.162608938636757877e-01
1.134106774710264665e+00 -1.064627455112570731e+00
6.213187887256195197e-01 -2.136156287803841758e-01
1.422077648850441411e+00 2.845444125188116846e-01
1.236204241462599274e-01 -7.489064827743274755e-02
2.156268615529133736e+00 1.908582258875156923e-01
4.613468181556770187e-01 3.648664364944881333e-01
-5.365886850857346513e-01 2.292778915790786076e+00
8.619881243283329386e-01 -6.861507452181573319e-01
