4.492654081885776862e-01 -6.168373475894047830e-01
1.863938737174139382e+00 6.166505638179720084e-02
-1.595065996523057084e-01 -3.840708668833702766e-01
-1.351490595529009742e+00 -1.150029986375201929e+00
1.233097151009548281e-01 -1.116362625149839527e+00
-1.373270132294923118e-01 1.724546093259361479e-01
1.603549140083702640e-01 6.612313387346052673e-01
1.191193942835347519e+00 1.538138654881985867e-01
-1.525458855238506217e+00 1.649071365335588457e-01
-8.739812256711421146e-01 -1.716523820960853319e+00
7.641838712057839045e-01 -2.721121024432416879e-01
-5.890216169267129542e-01 6.609927194170873710e-01
-1.698803723220659867e+00 -2.246574811526557969e-01
-1.039985579765045354e-01 -1.305982345864731275e-01
-7.089900142118374937e-01 -6.953774004485345772e-01
-2.680208967771249284e+00 2.566661209655912452e-03
-1.204301834066888732e+00 -3.337681693340071587e-01
5.577016417752838073e-01 -5.471121196617019233e-01
-8.449299856649838958e-01 -2.674065564742936774e-01
4.545277357279111641e-01 5.381708279687179575e-01
1.322499448637799224e+00 2.317958991064465568e+00
7.809184447405844720e-01 7.590836972111856262e-01
3.966779669005037756e-01 4.175158032367941585e-01
9.187749706677562633e-01 2.675078580739055911e-01
-3.472181616365032086e-01 5.351166497610680972e-01
2.322068375439841070e-01 -8.119226167111273096e-01
-2.875309871197648248e-01 -2.123472794561124921e+00
1.319520504394567917e+00 -4.432499596709920109e-01
2.008470134368897930e-01 -6.407016299656023151e-01
-1.554496165450659273e+00 -1.768528874166327647e+00
-7.026323252600306102e-01 -1.111073497160091295e+00
1.073615663712697010e+00 -1.740946381340663152e+00
1.421820120211224614e+00 -1.776341727754758404e+00
-1.490117682735258298e-01 1.082114398097425489e+00
1.181959450921163057e+00 -4.651346751334094476e-01
9.755617136602477979e-01 6.103747929828282626e-01
1.483289985833751157e+00 -2.466951116310734715e+00
-1.554758277805216915e+00 -2.030389648444255457e-01
5.883750606584522425e-01 -6.224244994377821083e-01
1.217341234696148744e+00 -1.318020541448990723e+00
-3.083878391822614251e-01 1.013321795851786833e+00
1.136553541269669010e+00 2.104371756798731230e+00
-3.230533079555153453e-01 -6.921798265215258761e-01
-1.249620403205873753e+00 -1.731211746952744379e-01
1.495869465912948559e+00 -1.694972945301961575e-01
1.483761896100076472e+00 7.347401154988364436e-02
-1.714557155946377032e+00 -1.007129916933946268e+00
-2.002786461830587950e+00 9.601803560167211371e-01
2.390783761492781601e+00 2.316432400714317996e+00
1.024984327609535617e+00 7.071655095538371683e-01
-1.760916130577439898e+00 -1.061949030754629320e+00
-3.844611253629246495e-01 3.117015785660212090e-01
-6.916957081776249350e-01 -6.532388647531838233e-01
6.641937863645931417e-01 9.266160575215717232e-01
5.914312184427548968e-02 -1.488919074118857599e+00
-4.278220133727015928e-01 -1.513879045321142036e-01
