1.664293392967075569e+00 -1.673985655446809551e+00
4.287808983673483398e-01 -9.931141050297326300e-01
-4.231645933894205291e-01 7.198127065324053664e-01
1.679734807102101490e-01 -1.458822452197125752e-01
1.330886126513781686e+00 1.098975814725915212e+00
-6.725420941211618375e-01 -5.462532564120800016e-01
-1.326089288793420140e+00 2.617970590356758276e+00
-7.787965519593362806e-01 -1.547089938705293433e+00
7.460969031387180150e-01 4.489380600460888826e-01
8.429186391564266745e-02 7.608650326093561178e-01
-4.344999902897447308e-01 -1.003828173674740531e+00
-9.354902948817545028e-01 -5.823589317277359789e-02
-2.053570244764964248e-01 1.313971368421915420e+00
-4.973098642367226180e-02 -8.438010049626394338e-01
9.721682037395383558e-02 -4.560909646430783004e-01
6.095471200463372652e-01 -1.548259933631240814e-01
8.623908037782793690e-01 -3.389829153741453355e-02
4.804454069929273152e-01 -6.098064606016677658e-01
-4.869339997010870835e-01 -1.380541973359735719e+00
9.978826575302537361e-01 4.888566728040671938e-02
-7.561687315033662760e-01 -4.929095859893818654e-02
-3.277545347522909935e-01 -8.283408468825591564e-01
-1.069801791851137773e+00 -3.189180490186599992e-01
-6.262563988604050724e-01 -1.698932311309599319e+00
-1.874109403368568572e+00 1.278993483410066467e+00
-1.798440204173794799e+00 3.687982595573899847e-01
-6.411464065943019985e-01 4.829625868648765308e-02
9.756774839812365485e-01 -5.242558960404146706e-01
7.340849037438427205e-01 2.023488302435475727e+00
-8.688834821058725177e-01 -8.729337456552216379e-02
-1.386824224419261009e+00 -4.866873760750776157e-01
1.545246077298926934e+00 -1.464211344459545261e+00
-1.158592599338725382e+00 7.569960003001956483e-01
5.759560351990956617e-01 -8.254928486774282259e-01
-1.681932008758550312e+00 -9.961178548015308110e-01
4.303567153489274988e-01 -9.400166289723050905e-01
2.412921235966510314e-01 1.537075158979708478e+00
1.187512967752140103e+00 -2.841254244782910554e+00
-5.424548214832439763e-01 -1.011534050374236049e+00
3.504279087798501946e-01 -4.570984293135117449e-01
-1.026926069761613103e-01 -1.268056666443057923e+00
1.030777711372466099e+00 -1.424863416412202932e+00
7.575899138530451937e-01 1.342390255236925567e+00
-9.729204335240755341e-01 -9.448205604056123530e-01
3.964292954443193739e-01 1.947405515557476541e-01
-2.212652924789551556e-01 -8.614333742613544675e-01
-2.133875066684832511e+00 -2.721774410567509572e-01
-7.636187731824527480e-01 1.233881130007843385e+00
1.168238532906892058e+00 -4.331381495270271720e-01
-1.516001638215407066e-01 1.514653004741762510e-01
7.619545945473306103e-01 3.054679982927321347e-01
3.576279515790147800e-01 -2.129862889778812551e+00
2.579836299744758810e-01 -1.604779242081814772e+00
-8.010639509338166597e-01 -8.033405806625223411e-01
-9.409509566144949599e-02 6.799730396221804751e-01
5.316024021456230431e-01 -3.509204118447279419e-01
