1.434037891069584181e-01 1.922119692695040349e+00
-1.315527888636375042e+00 -2.087234131315546914e+00
-1.544722849871573045e+00 1.116447316158640374e-01
-5.624711742638959996e-03 -5.008899797521007002e-01
-5.167775047392041410e-01 6.885272127792265717e-01
-1.161045483728909034e+00 2.206326857276114939e-01
-1.236711512244047961e+00 2.946403162773486017e-01
1.137159000672347098e+00 -4.224739190317906568e-01
1.023042362716839238e+00 1.969061008466158613e-01
-1.204469101913479445e+00 -7.731493334999227640e-01
-5.608807645789382068e-01 2.693798470416798319e-01
2.753288802943593128e-02 -1.605977657165303052e+00
-2.819693050634606291e-01 -2.040279870857205413e+00
-1.126115895071371886e+00 -3.178193400197741325e-01
-1.011320140003939272e-02 6.093795818800132880e-01
-1.109166691126049153e+00 7.634508066771631407e-01
7.547723908604571375e-02 -8.277252858471516317e-02
1.987556664403944628e+00 1.184489945314739057e+00
-1.041722195295522041e-01 -1.669128598921253870e+00
1.033791461095372233e+00 1.312125842890506711e+00
1.068133449137077307e+00 -4.760887442382506496e-01
-2.075549194489542781e+00 -1.834592626325920184e-01
1.895547748313660463e+00 1.219729286765589560e+00
1.231523293697377036e-01 3.134529678706564404e+00
8.298867373389838820e-01 -7.486291800553748210e-01
-1.515422351957278480e-01 7.112250840167766430e-01
-1.079432423215395120e+00 3.029790414034400636e-01
-4.232054419886290830e-01 -7.499317853064105810e-01
4.487268179575100158e-01 1.122269827847956147e+00
-1.293874942178046883e+00 -3.518996536197369074e-01
-9.967299234627424731e-01 -2.056163025275921097e-01
1.730948518993122187e+00 3.945972823864296042e-01
-5.096333259381486541e-02 3.057984943824091362e-01
-2.128337586725040254e+00 -1.120947290216839143e+00
-2.041243475388950124e+00 8.959496128436119644e-01
8.328366858531630612e-01 -1.296477647492343954e-01
-5.299566294309672188e-01 1.983676107454067195e+00
-1.111306308138017895e+00 -8.217384772659751535e-01
2.908293918505812092e-01 1.435136272037758065e+00
1.757217590747956359e+00 6.958923662864047177e-01
-4.538723474164613192e-01 -1.149245739201450567e+00
-1.068084136175433629e+00 -8.524285840979071160e-01
3.697664188691917597e-01 -1.312062867657769250e+00
3.473640285091930680e-01 9.675241327129660007e-01
1.047056207244280834e+00 -3.157807153907894130e-03
-1.094549218637539623e+00 6.348332519743257185e-01
-3.878866637558943675e-01 8.728210885623562953e-01
2.476616490731565756e-01 3.525061892963409771e-01
9.873941983843923520e-01 8.362011000746569778e-01
7.280068784468876064e-01 1.478756005723540712e+00
-2.905461550217590894e+00 -1.358615563520856773e+00
-1.212589667327052645e+00 -2.586357059657088953e-01
-4.744651395627406121e-01 1.179229855802977900e+00
-2.007224143438740283e-01 5.591157632671651667e-01
8.300973678366192487e-01 -1.179495350185477243e+00
1.380524542975026137e+00 1.531400279031541745e+00
