2.941449076940617080e-01 1.149467417791457002e+00
1.097061091734544025e+00 -6.028884305267024901e-01
-7.705855533039016603e-01 7.831741450986099418e-01
-3.711144957879002892e-01 -5.204541712686183708e-01
4.101734406376450481e-01 -1.650032883036461895e-01
-6.633829925214681511e-01 -4.036307746934197221e-02
-9.029261264258724440e-01 1.107988938737321627e+00
-4.697419323729783991e-01 -1.148193532043791487e+00
-1.289044718446519022e+00 4.857618009360291089e-01
1.704746368462747741e+00 -1.088087769049784992e+00
-3.248264236608059408e-01 2.468198504608380695e-01
9.836480492642996065e-01 -1.756976887224554473e-01
-8.812379666425788072e-01 -1.893450886933913391e-01
1.344163006347890432e-01 -1.562129582881947476e+00
-5.164297175929233319e-01 -2.339344605942708655e-01
-2.522882555541252625e-01 -2.733896680075412089e+00
-4.636685288936743810e-01 -7.546166814657410127e-01
2.165303520879086618e-01 -1.346647564722845081e+00
-6.706924768094256750e-01 -1.079041994469178256e+00
-2.001194983373605699e-02 -2.667033310230281229e-01
1.838496763716156446e+00 2.297307964107972444e-01
5.812737617289875924e-01 7.672708035486783817e-01
7.222181184759656203e-01 -2.754832715446481894e-01
8.402290421966455147e-01 -4.276484908128001527e-01
5.170605110310284580e-01 -4.015713668397843245e-02
1.638011372697988910e-01 6.222908089100513962e-01
2.094993490990024188e-01 -1.057733813000212519e+00
-1.554804849662549671e-01 -3.831157133230115863e-01
-9.109331409675250346e-02 -5.376945144428250112e-01
-2.333463148955204625e-01 -6.074616842050555299e-01
2.686401166211154767e-01 -1.509690926428915114e+00
1.368655301060999641e+00 8.803088907578375810e-01
-4.689456402542411251e-01 5.272186829484637460e-01
5.349889674263051953e-01 3.280530050046480128e-01
-6.783448366912676608e-01 -1.675503191865972630e+00
-5.532656518971025283e-01 1.707923273844969003e-01
-1.605708755898077600e+00 -8.719840057908164743e-01
-1.383964406118360246e+00 -6.404118875437153635e-01
-2.234084004003641377e-01 -7.155081730863189771e-01
3.608502705693077961e-01 -5.216745664142446309e-02
-7.564781488666755260e-01 1.926653443066415949e+00
1.034285698905738959e+00 -1.176117816831507179e+00
-4.653744935530569338e-01 2.581067031567013892e+00
-1.491752332929981995e-01 -3.279776966782216863e-01
-1.655360467475670116e+00 -1.724001057844341434e+00
7.785061265365089689e-01 1.352728328584090534e+00
9.623354844854368206e-01 2.418296818684785077e+00
3.590887351349059675e-01 -3.165474976138673013e-01
8.964850613492177933e-01 -6.386116304821251033e-01
1.194158673233979728e+00 -6.215171598713233880e-01
1.544034262519313971e+00 -3.777943547598078267e-01
8.427261386594889769e-01 -5.618803233808150610e-02
-1.673678781077592159e-01 -3.280174814394584137e-01
-2.420031612612266070e+00 -1.605346349812728224e-01
-7.022887232338800301e-01 1.026821565836003147e+00
1.093849234497120460e+00 -7.816896081173303479e-01
