2.194409242653762249e+00 1.370791486653878621e+00
4.182781731327749886e-01 1.101707439555278167e+00
2.188770914417435431e+00 1.882857235415943409e+00
-2.308909416298254025e-01 -8.345981208680082197e-01
-2.040063431113485315e+00 -1.621733000529619884e-01
2.239674947582848685e-01 -4.429607327413454532e-01
-1.310843153027767827e-01 5.123760733254636435e-01
6.426215146374957277e-01 -5.969062815631588359e-01
-1.105451477812975147e+00 1.681969610334522303e+00
-1.934866831500868578e+00 2.260215667953775043e+00
8.520449361597153271e-01 7.767492688593987671e-01
5.337020082936979604e-01 3.778344673205080162e-01
1.182146719934343559e-01 -1.607310637263893727e-01
6.917964153848658038e-01 6.177675469275090148e-01
-6.208133566707849660e-01 2.594476331554519954e-01
-8.360521016895844371e-01 4.250514175268896994e-02
-7.334320686089209618e-01 -1.553707083265279398e-01
-1.996979403512673557e+00 -5.041748739671466639e-01
-1.422178765174330062e-01 -6.820959869055509550e-01
1.197814670613829513e+00 -4.499906655287406743e-01
-7.430689623831092661e-01 -1.713663519545439273e+00
-3.557398947548748303e-01 3.295999268538182259e-01
7.744822633434784720e-01 2.464380064167269457e-01
-1.818617232944081674e-01 -3.019257396431184182e-01
-1.267418010571646825e+00 -1.800786308822406756e+00
1.942247030361699212e+00 -9.287540182819065127e-01
6.531714302898151692e-01 -1.185080292418882131e+00
-2.846329175384300636e-01 9.519020927379920893e-01
1.555532899405952962e+00 5.742394035193225665e-01
-6.023900175970230420e-01 -1.840117102645713598e-02
-2.778998398319537655e-02 -1.650286058548544599e+00
8.612034767880424324e-01 8.309632864042411082e-01
-6.605675469207551720e-02 5.717406322197413626e-01
-1.465062786006102069e+00 -1.754653902402838916e+00
-7.020536482572818926e-01 -3.466909747591746544e-03
5.908269401832556555e-01 -8.850204509217487470e-01
-1.035141302377530215e+00 3.035045774385300987e-01
1.220468511553028101e-01 -2.143766486993136322e+00
1.416552335648872285e+00 -5.459163900683051684e-01
-9.089996840414387158e-01 8.572275301582717999e-01
-8.436668611270801144e-01 -4.971567746775713004e-01
-1.676351672660084113e-01 1.476935151622076114e+00
4.142386804655883714e-01 -1.585795570471551397e+00
1.275366140816162730e+00 -7.741920993122183847e-02
-8.647981052706250615e-01 -6.098213194791383129e-01
-4.018591794734781009e-01 1.786347319745465123e+00
9.622617911085966647e-01 1.841714919592591648e-01
-6.168145541937126719e-01 1.546521472634926120e+00
-7.228162793815948728e-01 -4.217935452619457903e-01
1.604686714140429182e-01 -2.065897220602510576e+00
7.761979919152247609e-01 1.230602848799843052e+00
-7.660493079820145379e-01 4.109593338232963577e-01
7.796808103372485643e-01 3.420049301741112102e-01
-8.268156877482836231e-01 -2.359191776933743656e-01
-3.160581773419596785e-01 5.778883034059294488e-01
4.895040827093510849e-01 7.521887730521598092e-02
