1.495551225979320220e+00 -3.328397408358756415e-01
-6.094095788145118542e-01 -3.510220601420672160e-01
-2.857055406060349800e-01 -5.139291205078887481e-01
-1.168861052756945407e+00 -7.333763671559154762e-01
5.630797594015207741e-01 5.063027422506402031e-01
1.015604733546321414e+00 1.302867823861005636e+00
8.387395667770266572e-01 6.592170120655448384e-01
3.538002657460162514e-01 1.862194490146710235e+00
-5.998592335015108246e-01 8.044568378546517184e-01
3.980395636957554384e-01 1.000367438451031932e+00
-4.687821172793576463e-01 1.001671357080998526e+00
9.544563286533735980e-02 -1.345649463221824327e+00
1.515706977475676842e+00 5.202525788183481881e-01
7.741331444485496371e-01 -3.319986348443809687e-01
1.037185750178817978e+00 1.732114134575350350e+00
-1.209897200208857715e+00 -3.828880952210796801e-02
1.724270339795524187e-01 -4.101516358999420797e-01
1.314424685741137688e+00 -1.827655920454692162e-01
-2.187824321931405580e-01 9.468547680115185772e-01
8.096368931099177102e-01 5.452479772748003439e-01
4.260159665419352426e-01 -9.428294544281939915e-01
-7.221598619403534203e-01 -1.167618520771458585e-01
-6.105251750266363908e-01 -9.165807969666146804e-02
-8.881918553000744954e-01 -2.933305927625327936e+00
8.146523442885335031e-01 -3.584712699320243279e-01
-5.309827534337081545e-01 2.305932260718468463e+00
-6.088295638870592219e-01 1.326991710655908430e-01
-1.049330691108094404e+00 -1.914006695625510623e+00
-8.512679638584041975e-01 -1.100739568978922195e-01
4.069501514596458036e-01 5.392471898653886653e-01
-2.399450028976415628e-01 -1.666775853104335847e-01
1.497275071135009961e-01 1.050074830294580819e+00
8.635473324242236570e-01 -4.600157144422571953e-01
-1.310810249900296875e-01 1.124747011172022138e+00
-1.490430751796913311e+00 1.679296987808520880e+00
-5.205494439883950886e-01 1.580128551661362790e+00
-5.317387144025633589e-02 -4.080011021947806960e-01
-7.016656543525987555e-01 1.038172126304108378e+00
2.024284062718090027e+00 2.538128114611390096e+00
1.467053363587556281e-01 -2.090642989295024901e+00
-1.259147274713806164e+00 -3.448376882624767936e-01
-1.050391462788404340e+00 1.301167098923573240e-01
5.251780682680753376e-01 2.767898115935751857e-01
1.528563423922995046e-01 -2.060999006551109403e-01
-7.236202103467089808e-01 -1.958884264199788894e-01
8.834541688613646304e-01 -2.776960770791259137e-01
4.408277553742652455e-02 -1.979993513225137836e+00
-5.214718320289790654e-01 -1.769897273428388873e+00
9.213546500825036123e-01 -1.752531211090385954e-01
-9.326674597409759793e-01 -4.360126868871178063e-01
8.155117592877929589e-01 6.744212823414350889e-03
8.226644083999912205e-01 -2.183953057318289037e+00
-1.819037150928846325e+00 -3.829723772133055704e-01
1.127780766761653064e+00 1.037834813240878340e+00
-2.089016024472387378e-01 -9.814708166328970362e-01
-3.525140920524909016e-01 1.214894378728391539e-01
