-1.139130143215605795e+00 7.898040024032654260e-01
-8.613157867652568300e-02 -2.487292677202636582e-01
6.911423314752793146e-02 1.973845295146044343e+00
5.612868082689694699e-02 -1.170855044648701160e+00
-4.815476858519106007e-01 1.194399942760536321e-01
-1.182464889697010468e+00 -2.261862647587789266e-01
7.908046806289710240e-01 1.580606067768546355e-02
1.714784224684519298e+00 -1.331205274600235633e+00
-1.767060159618361492e+00 -1.107453619223679908e+00
1.566364715256182816e+00 -8.915552375434011578e-01
-8.689432351887690364e-01 1.914018403383279665e-01
8.707649629628980148e-02 -7.703106384466644752e-01
1.158819498881797250e+00 8.214818782993216217e-01
-3.810289943611389063e-01 -1.480862596897362327e+00
1.856765658197797875e-01 2.134153078547749161e+00
1.873815668695690828e+00 9.175325593561717286e-02
4.577380576831356351e-01 3.246504764631084061e-01
9.536427393208312120e-01 -4.180077955839663351e-01
1.477045294916649043e-01 -8.381864722060446971e-01
-2.113710653972610543e-01 -1.082493603104593971e+00
3.663059027281307944e-01 8.756189385632519306e-02
-8.897513070841261973e-02 -3.905701993459144705e-01
-2.867993851677099748e-01 1.138782701315784962e+00
-2.081343551660673530e+00 -5.440081653666845041e-01
1.526849371151858481e+00 -1.929330576950154086e+00
1.331133714251347300e+00 -6.293690547394221735e-01
3.077557696616597394e-01 2.976634399620109228e+00
-4.582690134305150154e-01 8.006670630529151289e-01
2.081487849579595206e-01 1.539803282553989350e+00
2.012595096256950988e+00 -2.977580326157906465e-01
2.567558970836878451e-01 1.199293833798356523e+00
2.103532172245167059e-02 1.344524395118939397e+00
-1.090529872270521672e+00 1.379215131136049655e+00
-9.992225615042416020e-01 1.649790507374659099e-01
3.203933658047582456e-01 5.320527556281867687e-01
-1.145150431418826137e-01 -3.402404640379219636e-01
1.892394012559992789e-01 -9.384006569880716242e-01
-2.269419575184007165e+00 -1.597054749317359024e+00
9.122173089214710151e-01 -4.395610564315956537e-01
8.010288578282019900e-01 1.891913406122921470e-01
-1.772199831274010595e+00 -2.035596144899473048e-01
-5.158806379401944531e-01 1.862031347500839429e+00
1.045188625697450302e+00 1.786241418850279539e+00
9.502948098973390545e-01 1.171014516131699823e+00
1.707870835893054551e+00 3.926156733026980317e-01
1.438267038376397133e+00 -9.672878530697465171e-01
-2.737575384497310083e+00 -1.055921388658640492e+00
7.494237841002309164e-01 -2.379150521856683742e+00
6.238820663240923770e-01 -1.569312718848306476e+00
-1.474013829757778060e+00 1.391445195540714996e+00
2.054319686702591241e+00 -5.990510019490011828e-01
-2.927185351705699143e-02 9.000378141326683679e-01
5.341344777623820983e-01 -1.216211118823856019e+00
-9.165131679695133204e-01 -1.293049646446505552e+00
4.023230606359263217e-01 -2.144089957615344044e+00
-4.539104743637605299e-01 3.615491905058583755e-01
