1.195504084948787682e+00 -6.802279983007182285e-01
-6.534109861738756075e-01 1.117290544732432611e+00
-8.161922470925476736e-01 -4.211242973365167397e-01
4.288992407480131108e-01 -6.622457196218477504e-01
-4.981563707017481746e-01 -1.170451939838494715e+00
-3.052983607922228337e-01 -3.107506570670820478e-01
-5.840975901927014657e-01 1.217905098532964941e-01
-2.658246454701168382e+00 -3.995821003843305110e-03
-2.480177708941153081e-01 -4.723226690065638333e-01
1.024039645177721836e+00 4.915320761336572364e-01
9.535458027012035931e-01 3.123421955441664788e-01
-3.940476758341710517e-01 -4.348149100155634939e-01
2.214038262079625619e-01 8.483679637229639414e-02
-1.127936796821419785e+00 -9.677488912510967545e-01
1.746168314340812211e+00 -9.700902325607972942e-01
1.815271296502253717e+00 1.782935283875997978e+00
9.934820684351614029e-01 1.626807533589422095e+00
3.100035538851193540e-01 1.425682264006796762e+00
-5.810925598638773115e-01 -6.323937991919982293e-01
3.117635956660710916e-01 -6.548052455063481381e-02
7.993774410956034915e-01 9.913777712738051084e-01
-1.524172985290878524e+00 -2.952152368134212668e-01
2.089336975003888153e+00 -7.834120908074315714e-01
1.781138887159691153e+00 9.310430620337332985e-02
1.762131604041820565e-01 -4.329610706296321276e-01
7.804400360239942547e-01 7.735458513202124742e-01
7.297071380431151555e-01 -1.656560964290911542e-01
8.939029976390281407e-01 -2.538177690719242707e-01
1.783620023975296121e-01 9.197788981827828003e-01
-6.345424857024631327e-02 -1.842742436047576371e+00
3.605615513008291195e-01 -2.967293723058637145e-01
-1.052254617845543166e-01 1.495946970546173205e+00
-1.165652423911000657e+00 6.321730191234256058e-01
1.796486089707619582e-01 -1.065926711052320508e+00
-1.806096785547966821e+00 -2.649080211232868631e+00
5.356851190460378831e-01 -1.487060229212184004e-01
-2.105712296132424555e-01 1.261650249220857445e+00
-2.247303248332863213e+00 -4.559424119516309881e-01
3.790145047845281945e-01 1.951260379075244744e-01
-2.307188299437448464e-01 5.756512263636508475e-01
-1.519824109682771374e+00 -8.204975511930685528e-01
-9.815910756204857535e-01 -1.836893203191398483e+00
1.690836383077454486e-01 5.697515482350398175e-01
-7.849899272888161139e-01 6.876540455568372900e-01
-1.630771034793668584e+00 -1.910861651175595199e-01
2.770221207143742925e-02 4.446506474684630006e-01
-6.702418620006000971e-01 -2.476466766103653239e-01
4.044568123592898190e-01 2.082958083167563423e-01
-4.124632721270334312e-01 -1.391355652740206450e+00
-3.478315692001033854e-01 -1.994562129836043196e+00
-1.655145451399316459e+00 -9.613714597133888873e-01
-1.651704354433577215e+00 -9.366351981822194084e-01
-8.632891311600550122e-01 -3.971005563641814839e-02
-6.842991797522063324e-01 -6.912580625626720821e-01
-1.287838177128336481e+00 -4.683132695179831329e-01
-1.801242527173361418e+00 -1.211589765298193955e+00
