-7.414099912541416426e-01 4.218646201796235062e-01
-9.428159200495761505e-01 1.198357875430398511e+00
4.729716595710743432e-01 -4.686369542945232891e-01
2.588060343255969009e-01 1.533527870258195369e+00
-1.371363128632929085e+00 1.074862711978461505e+00
8.831915088371636857e-01 -5.076297048524184286e-01
-4.546717925800153326e-01 -1.701062984276259238e+00
-4.467439041358798879e-01 -1.781694370910356762e+00
-3.928753873669267316e-01 5.748924920999953780e-01
-2.082460255539717586e+00 4.952388249989068125e-01
1.818454004578524963e-02 -1.747349991715658968e+00
-4.036258437003399646e-02 -5.053084102577563019e-01
1.674433849375006389e+00 1.773085886867606931e+00
4.055584291883952419e-01 -8.146080330470701902e-01
1.853057627449622713e-01 1.338665363373744643e+00
8.164408324921682558e-01 1.703885220261205813e+00
2.017147683295056060e-01 6.790634829189370336e-01
-9.364924242394517817e-01 -4.270089410208725567e-01
4.491117796735926704e-01 -2.839203231469055733e-01
7.017840338076961615e-01 -4.908252561835860783e-01
-7.068297674447121537e-01 1.661042063462980500e-01
-1.352566905119146901e+00 -7.339013823526180369e-01
9.233829951454217144e-02 -1.537051383767620072e+00
7.996654911157691226e-01 -8.229341307311811571e-01
2.521423798775055847e+00 8.855453992934093632e-01
-5.960597352027628970e-01 1.791195662426963597e+00
6.372246943470710745e-01 5.059331662819218645e-01
3.963142572459814605e-01 1.551771995299228990e-01
-1.462651439046601443e+00 -8.020385303002548483e-01
-8.184148466180939385e-01 -2.946281954559035743e+00
5.198832288465209395e-01 -2.782564193732476321e-01
-1.220764091388634842e+00 -1.202608380847367542e-01
-2.996232453382434713e-01 9.639726645469353095e-01
1.599499218363428232e+00 9.459249364217966471e-01
4.999493451103985131e-01 5.693757858506618419e-01
1.406995734062836123e-01 9.252323177013395128e-01
-4.847392204016209294e-01 5.879783670427626285e-01
-6.895777962409215256e-01 -1.934630660311886130e+00
6.569306814675355266e-01 -1.862949805925919466e-01
-2.511164491626717066e+00 1.075330024369125503e+00
1.911462259905113870e+00 7.603086060425070514e-01
-3.927866529331645595e-01 8.861755895371456471e-03
2.379278213067852199e-01 1.668405806395220736e+00
3.241370233206590790e+00 1.685696797844375983e-01
6.112366315805883854e-01 -1.308006966699687634e+00
1.358168968705125490e+00 -5.742613087549550133e-02
2.418665480953952063e-01 -7.501899073053056588e-01
4.627757970961456913e-01 -2.018917559406932849e+00
1.743912662479946585e+00 -1.850624985487417273e+00
-1.996353289060025585e-02 -5.766444069745781942e-01
-8.559405075617984027e-01 4.171741313481211466e-02
1.573173964226999733e+00 1.157648054826455608e+00
1.900002237880021427e+00 6.964497936485750662e-01
-1.427145411098289518e+00 1.414013578387882442e+00
-3.208767143678961098e-01 9.878526216662668613e-01
-4.997396929856510184e-01 5.666882144860502235e-01
