-1.003122172671892659e-01 9.048483231202500976e-01
-1.972415955546932276e+00 2.230003823825530418e+00
-8.751918989013713901e-01 -1.813526774003587916e-01
9.973191595309763846e-01 -1.578083195262341143e-01
5.210507656991740788e-01 -2.339161010516079275e-01
-1.574610529597494368e+00 6.823116925257899368e-01
-6.619529403861024175e-02 9.874480824250511102e-01
-1.621822458863698413e-01 2.325103689725617484e-01
-3.797564042328074319e-01 -3.374907524909083745e-01
-1.238637894826674524e+00 2.236141103161974064e-01
1.336958788241326523e+00 4.855097625778501125e-01
7.306587385490426190e-01 -1.729360663515950858e+00
5.657988862488307902e-01 8.881879065786331406e-02
-4.269044325961345865e-01 -1.923999336941244476e-01
-1.876866796081803290e+00 -6.696916972292032977e-01
-7.092299194938695983e-01 2.375285936263775710e-01
3.043483238568207017e-01 3.239564068345405778e-01
5.750438183659927205e-01 -8.006669762293648906e-01
-7.648572030557474477e-01 -1.168533599789483235e+00
-4.299473263077031593e-01 -3.775057330781464993e-01
-3.424097016222794054e-01 -8.106924608188780246e-01
5.165549021158574172e-01 -7.996551389244971331e-01
-1.525193671434287968e+00 1.189049667549588296e+00
-7.790561427000002315e-01 4.674385894022030363e-02
3.430439879488672572e-01 1.611067176605751827e+00
2.968880062696189537e+00 1.058152297535217778e+00
1.374622188960667790e+00 -1.120129751819066266e+00
-1.123227650555161244e-01 -1.049276785153321789e+00
-2.969593117648061109e-01 -2.434756398775513198e+00
-1.533457641661953863e+00 -1.116785669732385466e+00
8.932658769958347067e-01 1.348866288068079955e+00
3.493048662312565056e-01 -4.501931613977495639e-01
1.294797473781035047e+00 1.016151048178399297e+00
-3.770744619534888709e-01 -1.008603932693115102e-01
1.195347209423033297e-01 6.028735048270739139e-01
1.278946901400179081e+00 -2.586605756793290967e-01
-2.243658978870716858e+00 -2.666925458177982655e+00
6.721998756102949280e-01 -1.233738423792712702e+00
1.281940440130748149e+00 4.282571893455338619e-01
-1.110269929841009917e+00 9.249714020374442125e-01
-1.454667288821301252e+00 -5.725011640883799213e-01
-1.992417242929249710e-01 5.526293808352575887e-01
1.765186979318303373e-01 -1.018447954852078202e-01
-1.291956813638917234e+00 7.230601233706993591e-01
1.548218060096151927e+00 5.553965154798031767e-01
3.248934047936389291e-01 5.988877692894937210e-01
-4.314168845423231868e-01 -2.223257511600882641e-01
-2.718570393929765072e-01 2.351232195477390152e-01
-4.070246555826046581e-02 1.592318405748848198e+00
-3.599884195377980323e-01 -2.963139756325582908e-01
-1.241355784758012781e+00 -1.269977313108682448e+00
1.010127272356052597e+00 9.665274765479844321e-01
-2.402648013383437586e+00 7.633653611293786945e-01
-4.722362523382993005e-01 -1.358353871402108837e+00
-1.432263769992029534e+00 -9.919971512781041723e-01
1.350484442534993779e-01 1.230502278139484096e+00
