-1.871599592914711563e+00 -6.081846314104346618e-01
-6.333362672845471719e-01 -4.793439777063452922e-01
3.500017256611320793e-02 -3.859658368725830124e-01
-3.217418763370780144e-02 -1.563683633087132652e+00
1.900231702598145445e+00 -8.154620459592053505e-01
-2.590311968605287229e-01 8.891885635517050579e-01
-5.618128694720931487e-02 -1.988861423885482371e-01
9.902475643596859722e-01 6.352615382363530072e-02
1.228918575428940896e+00 2.219595061358508314e-01
-4.237676802775776630e-01 1.035525247746226229e+00
-3.836340915355716530e-01 -1.968535547148782872e+00
-1.037243205203401519e+00 -4.902725994715016050e-02
-6.389373539682400294e-01 9.207238187919407624e-01
5.100399967684503544e-01 -6.665499119307274345e-01
-6.931821419470053369e-01 1.026130411213702853e+00
-6.107720003439736089e-01 5.367284565150360898e-01
9.092263796396868880e-01 -6.231725763712573363e-01
1.254529704480185359e-01 1.980070214741554979e+00
5.630737164553354379e-01 2.049098007796738230e+00
-2.392275507323752493e+00 5.182834361690734637e-01
-1.001037479499537752e-01 -4.052994539678482777e-01
-1.335320781960525727e+00 -1.129486862474298747e-01
8.272543027513636904e-01 -9.842863104611180303e-01
8.179213834535705718e-01 -4.889964000135071931e-01
-9.315808423919227921e-03 -5.316528892397924810e-01
7.067498617716719833e-01 1.848699794571990462e-01
1.348371467944467605e+00 -2.278855962790093670e-01
1.584269482018873632e+00 -2.428459392449671572e+00
-1.896817964416204472e-04 -6.052103437932742080e-01
-4.380963003037562364e-01 1.397904563022329238e+00
-6.413901848996046429e-01 1.204249234570522908e+00
1.158948096022768492e+00 -2.338176478502386857e+00
-1.102554703962646210e+00 -1.141176815395562455e-01
-4.611227183596375290e-01 -7.895774349286259763e-01
-6.808510232161699705e-01 2.899246337442639154e-01
2.403725433325532845e-01 2.725334764117669506e-01
-8.348866276956964372e-01 2.703143482349988913e-01
5.271085992152657607e-01 5.409341272147489832e-01
5.350798084439171987e-02 -4.413021845924463005e-01
9.739207237803564343e-01 2.329967839998854373e+00
-2.023580645282009982e+00 2.795451391798350338e-01
-1.222933062787344483e+00 6.734580188968890546e-01
2.350879389473294334e-01 1.446694724171315283e+00
-4.441897557584017497e-01 -7.308273636737573353e-01
-1.913305177215486770e-03 -9.005258444228418646e-02
-3.855086950578564542e-01 -1.531144769358087521e+00
-5.838539312457795283e-02 2.219361387167379185e+00
6.529556007684458874e-02 5.866967735262481609e-01
1.893459444077901788e-01 2.932424209144513516e-01
1.651365798409623942e+00 -2.748803351128873418e-01
2.236164222908817667e+00 2.401889616173678420e-03
-1.572616459234016606e+00 5.484318996213662922e-01
-2.232578949075168795e-02 1.107522040952432008e+00
1.363662919039718480e+00 3.981946850520033387e-01
5.625822531001075655e-01 1.032900861190771069e+00
2.236105205475370783e-01 -1.344293118660905006e-01
