-1.860525383912129682e-01 -1.115152531434571825e+00
2.059719767758340092e-01 -6.328905204319347222e-01
7.646350111141650974e-01 3.342869007415175120e-01
9.809867514622289120e-01 8.872196693364114983e-02
1.042212903690424158e-01 1.907326785594623195e-02
1.602113982438409634e+00 -2.840631341643942709e-01
7.792184056280180293e-01 -8.370506802177871686e-01
-3.540702563067324449e-02 7.692706491186790396e-01
-7.741666339730673974e-01 2.569547824000030012e+00
6.329910063592066871e-01 9.642421195633568698e-02
8.356187402215393689e-01 3.764015945172810018e-01
-2.239720015861607905e-01 -3.035948432584845147e-01
-1.958934193067369822e+00 1.245395935879219707e+00
6.553961322251302679e-01 1.612633322175427431e+00
5.623214808321762570e-01 1.155240867168773722e+00
1.302174566509128439e+00 1.280530783712732434e+00
1.791386552100265650e+00 3.855218339690112406e-01
-1.908741430110719506e+00 5.701857921132422735e-01
-1.734018905917389108e-01 -6.728765640400485859e-02
-7.233231053150086520e-01 4.315127477992464905e-02
-1.490977295963419991e+00 -2.322468023922549030e+00
1.631619065803080915e+00 5.441540601823898760e-01
-7.118702345028170564e-01 1.662594600406314682e-01
-1.445069085230680228e+00 -7.822227306669389257e-01
-2.581827140228241668e-01 1.223798397734802590e+00
6.534968060058583550e-01 5.918774778790011348e-01
3.186118733643112932e-01 7.100310550783127395e-02
2.040367964773697196e-01 4.660682190319702656e-01
-5.921187151146151129e-01 3.605275893164349155e-01
-5.601870272964170061e-01 5.909865245131940004e-01
-1.806037106916478008e+00 1.688251503716137192e+00
8.564778011453835216e-01 2.340645387262250132e-01
-2.593881734884557200e-01 1.167324982379735587e+00
-8.501414328884164540e-02 -2.218094937583285020e+00
1.739048790547569778e+00 6.110923596454190809e-01
1.349281849698023006e-01 -2.052533004897467706e+00
7.940928923687029517e-01 -4.296356350176646077e-01
4.976363764576211685e-02 -1.191623434914450552e+00
7.953425254928480070e-01 -7.884707393528340713e-01
-1.315668538327031012e+00 -4.799522416060248986e-01
7.118931346925542192e-01 -2.151146644740276059e-01
-6.360690578900195513e-01 -1.077700337239177575e+00
-2.879355808037414644e+00 -1.186297065825820285e+00
-5.651454842498224718e-01 1.175750969301343041e+00
2.735311000488791500e-01 8.448496499580004926e-01
1.578538648747890960e+00 7.090968495825568374e-02
-5.002904515992981915e-01 4.435601980061408822e-01
-7.383982499084130735e-01 1.907417872882640975e+00
1.083813875714612074e+00 -2.601905245261382782e-01
-6.502898397318047641e-01 1.774776489300987858e+00
3.578636140728896353e-01 -1.902736953795052699e+00
6.371061808431992268e-02 4.186550829992004980e-02
-1.231189832910105919e-01 -5.004176531081599988e-01
-4.274547669104706293e-01 -9.081683712600464864e-02
-6.879125009847733563e-02 1.859336769473172168e+00
7.314554358524308908e-01 -8.715364852209747104e-01
