-8.750794866040609854e-01 -2.778721296013678815e-02
7.918283862244264171e-01 -1.924610897351567151e-01
1.858161050240745515e+00 -7.107296768554126620e-01
-2.167684588136302715e+00 -1.197583953654070887e+00
-1.127595805471997670e+00 -1.785632758606111592e+00
9.648185569015446106e-01 1.565950456089852505e+00
-6.760303781045237104e-01 -2.980777968691706858e-01
1.283457643097452583e-01 4.398541355321650137e-01
-1.692549823139546827e+00 -8.814071419785485251e-01
-9.821167852544885335e-01 -1.120538737061836931e+00
-1.217161820619424573e+00 -3.598418173282638133e-01
3.534499683501128309e-01 1.036359884818402577e+00
1.484140185942715240e+00 1.179673494968276559e+00
-3.216776242125298335e+00 1.825103328852644147e+00
3.585043761990308053e-01 2.500475626503934415e-02
3.364536784181836326e-01 4.414796365496954644e-01
1.107937178359256425e+00 3.599395771020935109e-01
1.832784078390056859e+00 3.747901855472135502e-01
2.700991589178422525e-01 3.894638028756505221e-01
-3.304922754545334684e-01 -3.601952736424491874e-01
-1.168455509661036507e+00 7.137862357096611543e-01
2.256784397370969586e+00 -5.281577727999478000e-01
-3.694943067439118156e-01 1.490589198045819019e+00
4.085963959411165192e-02 -1.214026215110701301e+00
-4.802244329413582480e-01 -7.696994874486353666e-01
-1.688654445280972416e+00 1.193790350710083992e+00
6.550649752160103700e-02 -1.224496182568006519e+00
-8.849689288325280900e-01 1.383404572007356004e+00
-1.306169723836556606e+00 7.387059063838690154e-01
-1.240223077565276277e+00 -9.932350397361840999e-01
7.681370279670054479e-01 -1.418915037509302923e+00
-5.630349817036512938e-01 6.338703830091227953e-01
-1.311091783216871143e-01 -9.087363740489481367e-01
-1.494197266569485372e+00 4.372429030958118745e-01
1.563445319019213464e+00 4.526811135874553860e-01
-9.597119635866806220e-02 1.075365481609397850e-01
-4.493395165055598106e-01 -2.369929023534071144e-01
-1.473587155068864230e-01 -1.375234411292060255e+00
-4.926703202555462319e-02 9.471182554966277589e-01
-1.060204852904153006e+00 2.567584085986948650e-01
-1.275871891383921208e-01 2.532836513806882572e-02
1.493850011341186113e+00 -7.042990691008271797e-01
-7.489621988478500914e-01 -1.425240426575093089e+00
-3.122953175406393833e-01 5.584082350893335711e-01
-5.057588623865760802e-01 2.101994356522269847e-01
-4.794769932692466430e-01 6.765936106950251605e-02
-3.301017658845614156e-01 5.471009745551896897e-01
1.132061838905104700e+00 -6.065998367867979635e-01
1.167478558792734100e+00 2.292604981152583488e+00
-9.378327365447034492e-01 1.564175444200051279e+00
9.213912723695533158e-01 -1.230063023575045156e+00
2.482730861562875979e-01 -8.407348050288097063e-01
-5.219777898391978477e-01 -9.374943906326266285e-01
8.231925237999444533e-01 4.570222246531073229e-01
-2.565569233696535445e+00 1.205835558513360939e-01
3.643408583222998987e-01 -6.693979211867058243e-01
