-5.074673353970232670e-01 -4.474624766300560053e-01
3.624103538108157108e-01 6.233949119487871560e-01
6.426360709888694067e-02 6.268480126873162694e-01
-7.433517730611314267e-01 8.170716497062706640e-01
6.004136796889719685e-01 1.002962784952416142e-01
5.843582872371290149e-01 -1.019070544544584012e+00
-4.799586896527500146e-01 -6.098553101325633330e-01
1.222366411992110158e-01 -9.060215141867479227e-01
-2.683732127113145835e-02 -1.313359489712469186e+00
3.457294042406860446e-01 -1.938642978940676498e+00
-4.662334485806644002e-01 1.918304480295746905e-01
-6.731971027584404688e-02 4.558653716893476537e-01
5.955187076674492985e-01 -7.488457379451637363e-01
5.321348260071059322e-01 -1.946500735103262825e+00
-5.525684136994760826e-02 -1.005574908501017051e+00
3.023109259535875504e-01 -2.728821363185662818e-01
5.240522495986038587e-01 -1.244654871494608184e+00
6.856620005093144732e-01 1.839383292216577148e+00
1.521671515870835489e-01 1.975492215469503599e+00
-2.046510167690753987e-02 4.593551352062374415e-01
1.437687053427715078e+00 -6.113871108705680735e-01
4.765452806799761465e-01 8.158828625462042350e-01
-2.757630165437122138e-01 2.704764037435533619e-01
1.451792266990604041e+00 -5.164334231781524398e-01
-1.167856769755586610e+00 1.049081644773674826e+00
-7.145441236464860069e-01 1.301572469281156996e+00
-3.202616522896017393e-01 -1.213343650610417379e+00
1.673627091192964711e+00 -2.903902029753667735e-01
1.115823840766436481e+00 5.049766702560271048e-01
-3.122552603288873962e-01 -8.600346407458406284e-02
7.654504837723955513e-01 1.183692616164550904e+00
3.646377073650120537e-01 6.828508337429368691e-01
7.964107688307735522e-01 -3.105724076823230262e-01
2.885086687489127888e-01 -1.405017757378073107e+00
5.301757954557172470e-01 2.489867122561563173e-01
1.740799752876390494e-01 -5.398396949194284034e-01
-1.335027851833035628e+00 -1.601981707643232333e+00
-8.191273916727715224e-03 -6.867233655068296638e-01
9.846490415351383252e-01 1.364695413870758434e-01
1.061233997837582183e-01 2.305257562328039356e+00
-2.546518166846792330e-01 -1.060642928334348145e+00
3.491216187248921132e-01 -2.556739758793011852e-01
-8.372172152754142616e-01 4.273657530431270168e-01
-8.961959724235790681e-01 -1.125393998309485166e+00
4.997195981365653017e-01 -1.940597240825299788e-02
-4.952119397103098009e-01 -1.070785326907183421e+00
9.470364140221496085e-02 -2.682544807692710531e-01
-9.648377050747751760e-01 -7.205437194456850714e-01
7.658898025034964752e-01 -7.161443581036914807e-01
2.372370554740853843e-01 -2.181012629792172586e+00
3.935661027409590590e-02 1.719521261108770460e+00
1.127439183916680410e+00 -7.364082858387803465e-02
9.162860194801994429e-02 -3.434445329032344008e-01
1.384425083521744648e+00 -6.740038213147259150e-01
6.629553668006132883e-01 -7.189657699026513749e-01
4.481522907163723035e-01 -2.220407686969984862e-01
