-5.932678563419301332e-01 -4.435099490912990938e-01
3.454420106883990815e-01 1.831192340146041486e+00
-7.351969713341863222e-02 2.751796029868772142e-01
-1.881491878889471669e+00 6.113017471499094802e-01
-5.297919910254677012e-01 1.465150563322084598e-01
7.349822090516043849e-01 -1.786916692728722333e+00
-1.761798627349909774e-01 -4.797860189225871541e-01
-2.664796898405952796e-01 9.761344449653555078e-01
1.939901059391997973e-01 -3.038268533772710556e-01
3.325316633911949982e-01 -4.771766400841978562e-01
-1.988734747330009878e-01 -9.924131127648935236e-01
-1.339461766956277833e+00 -3.606673280589069996e-01
7.438586699404046154e-01 1.567684681780947831e-01
-8.529839222309156810e-01 -1.373611540061977054e+00
2.288405968359285073e-02 -8.099590740043869364e-01
2.639968927208380833e+00 -1.305060583283099929e+00
2.565779698260428621e-01 -2.885520343797858822e-01
1.983008801695889944e-01 -1.110822458483125663e+00
3.886206966149123310e-01 -2.863547950996186753e+00
-1.992872028309866428e+00 -2.523249779809085824e-01
1.476452708645316525e+00 -4.215211955542112754e-02
2.531552033760826048e-01 -7.424407661429871519e-01
3.619367762348681405e-01 -4.054592132267675897e-01
1.319017440108773531e+00 5.761006586502596116e-01
1.899726894463738658e+00 9.598849907010865712e-01
1.344444231685796298e+00 1.093030715134289510e+00
7.645238406166933176e-01 -2.368735865206763880e-01
8.576610042602681450e-01 -9.032180999590780912e-01
-2.852972111625305396e-01 2.617228834715686903e-01
-2.063269920649914990e+00 -1.803248892565717217e-03
-1.950356641011101733e-01 7.753550635193022511e-02
7.802676683509482958e-01 -4.406914898976231343e-01
-1.990934213457997704e-01 1.157837461948374669e+00
-3.835858075969494907e-01 -3.805462097667582921e-01
5.711239970265106214e-01 2.598815398619386041e+00
1.665096349728004244e+00 -3.366507096281945999e-01
7.054929138411890621e-01 -9.179699784971612209e-02
1.544120253706222634e+00 8.467836731534686967e-01
4.267929328813408474e-01 -1.782621880328561226e-01
-1.357233058125371983e+00 2.909397335295102471e-01
-2.378540347014955203e-01 1.516860689151453334e+00
4.413332698877686089e-01 -1.806299300706582234e-01
-5.962565904349787643e-02 -1.140474767614975571e+00
2.193360567857140508e-01 -8.629658131105627517e-02
-6.248750099105754297e-01 -1.631759257524533213e+00
4.960953382113471033e-01 -2.255231241419480281e-01
-1.603106137363786710e+00 -3.462211092045480720e-01
8.400567712246068686e-01 -1.847923798374632831e+00
-8.293921384305355526e-02 -8.447187675877131374e-01
-1.485798364283340112e+00 1.526577267827924134e+00
-1.981132453950089634e+00 1.321655591384808814e-01
-3.639800100406959810e-02 -7.138943108041319041e-01
1.082194635702257601e+00 -1.485574194501922074e+00
5.248008068954556071e-01 -2.326827036354941480e+00
-6.192040283361919251e-01 1.725656606886631472e+00
1.390162539211227788e+00 -3.407248169813251182e-01
