-1.485267063609139404e+00 -1.971185704419070872e-01
7.231892148858801717e-01 -7.220483346366827204e-01
-1.261365213703093957e+00 9.445104233667264149e-01
-1.697960686014983844e+00 -5.020497510920193251e-01
-2.919249984295264888e-02 -2.589533264749317443e-01
-6.562128871875456682e-01 -1.131282737839639507e+00
-2.440496456870832720e+00 -3.424217045884700439e-01
5.522732263790836038e-01 3.401389984050153248e-01
2.056632278810332171e+00 -1.261340854712171278e-01
-8.526137071667531930e-02 4.709018960405801368e-01
-1.458890069234265674e+00 -1.079659318130592016e+00
8.255173101381676481e-01 -1.610439850197756817e+00
1.226339877443312965e+00 2.199931027029053687e-01
-1.804704354634855401e-01 1.809759158916846578e-01
1.195502654572215828e+00 1.466950986476971197e+00
-6.988033811727755173e-01 -9.717194283435334756e-02
1.689986519106839280e+00 -3.921748346563571630e-01
5.131927101269658786e-01 1.212201031814380769e+00
-5.583696113325467003e-01 -1.347617488768117211e-01
-8.887334840159402116e-01 1.405966929045098790e-01
5.991271856073621116e-01 -9.701117717929608197e-01
-2.519406566331462982e-01 1.098520320580768095e+00
3.861596633409350443e-01 4.054953428980503927e-01
-1.832674833610308029e+00 -4.323649091886737073e-01
4.543100966208377667e-01 -1.400740737435064220e+00
-2.200697350274963160e+00 1.367196273594383227e-01
8.876535085774276412e-01 -6.266352767825246195e-01
3.450821989102142995e-01 -1.420196472808700205e+00
-5.387169086784133754e-01 8.400687506261328430e-02
-1.024226150432369309e+00 -6.772268696474793570e-01
-7.945571677992911974e-01 -1.089097060171321907e+00
9.380740724101067629e-01 -4.877956835574973928e-03
-2.578684782624856897e+00 1.407242649833208237e+00
-2.001027380455381866e-01 -2.273822509586545415e+00
1.134176209000942320e-01 -2.782666435402325611e-01
-1.156073972936805694e+00 -2.876650621159826393e-02
3.805030457882984107e-01 -8.065999722947335155e-04
-1.054566145007716615e+00 1.745246574676058426e-01
-1.138359425666816582e+00 1.611736889795341465e+00
-7.253716694151770561e-01 6.399972741776103202e-01
-7.115132900427920681e-01 -9.539771502126610098e-03
1.012008625758156199e-01 -7.178504954850729591e-01
1.268169102847084728e+00 -1.567883044668728187e+00
7.696660052905205385e-01 2.336244374639675700e-02
-2.672351797684442420e+00 -6.924601671773192302e-02
2.839537709353606165e-01 -1.135348125398811359e+00
-5.751269674999764936e-01 -2.202688225837075464e+00
-5.441230190476859657e-02 -3.225664759335920562e-01
2.371036626869529318e-01 1.317443640556585915e+00
-1.279508229805375485e+00 -7.836451739940178962e-01
1.080832451383861637e+00 -1.031238727783853282e+00
3.241158080391601803e-01 7.805841406982290120e-01
1.562080813731010070e-02 -8.163600456946357165e-01
5.645192409591249794e-01 -1.318426764947935981e+00
-1.293447004050350735e+00 -6.247075542280114968e-01
-7.575070526469089571e-02 -3.047021673254457497e-01
