-7.575527236728120117e-01 -3.865722457689047542e-01
-4.004934014561574718e-01 1.153622285521820778e+00
-6.411851672647599365e-01 1.477328373806474415e+00
5.990641612743331512e-01 -4.490632958205705849e-01
6.399091041076668818e-01 -4.994801994690651337e-01
5.612392338769965627e-02 8.096369924562558662e-01
-1.188357277221215647e+00 2.231958058874689843e-01
4.209586074206156381e-01 6.910491715811631908e-01
1.441392195486691064e+00 8.550879226845802261e-01
1.730775072819828786e+00 1.325926878778175277e-01
3.444927055895131707e-01 -5.798576682283624883e-01
7.604093174897259555e-01 -2.276854830336318414e-01
-3.639778915955969030e-01 -4.590926832271720603e-01
-4.324349112784234839e-01 6.418999139426345701e-01
2.258119003067208475e+00 -1.119642368204697869e+00
-9.918722965100256195e-01 8.286867060670020102e-01
8.572060078419476703e-01 -3.908904199247058564e-01
-4.569102456101876708e-01 -5.791919854980472904e-01
-1.348215398901056461e-01 1.204883200606026161e+00
-2.887398219835969615e-02 4.192508538215840574e-01
-8.282216173832346318e-01 1.074198646165205551e+00
1.430007839398306890e+00 2.484380356923574784e-01
-5.366659012715668808e-02 -1.519885061078509736e-01
1.469902452837164919e+00 -1.548404708516924355e+00
9.145906609342518978e-02 1.566564943854286573e+00
7.195575259546543867e-01 8.801745830062196463e-01
-1.214597896248222675e+00 -8.541786525739749614e-01
2.021521505679461317e+00 -4.592692672105059271e-01
-1.502262682660868265e+00 -1.342714491727347470e+00
-2.316305112794060650e-01 -7.724496483035748762e-01
9.136055401661581643e-02 -1.395175557118812915e+00
-4.106598238468818218e-01 -8.941129932136225866e-01
2.340441067195337510e+00 -4.911975203982181237e-01
3.884721824338577267e-01 -4.267897444009227104e-01
5.495007846929786943e-01 -9.833060068065559989e-01
-7.648655814376119355e-02 -1.901209840022036468e-01
-7.654480669472273346e-01 1.495548178232551262e+00
-6.935245208259164240e-01 7.074174615477526462e-01
1.003879722654015483e+00 1.311380163174109770e+00
3.310318605506620271e-01 -1.085559294522897567e+00
-5.184871878773170684e-01 -1.161318819881875353e+00
1.614553722232828337e+00 1.593335761673648987e+00
-5.949078865016853568e-01 6.126235793717308420e-01
-9.945668145213422129e-01 -1.204419978795113755e-01
7.944251534483540711e-01 -1.756719640273453065e+00
4.276825444090726069e-01 -1.029302194453012520e+00
-2.063791530241659011e-01 -1.407892467638676981e-01
-6.975292731588019768e-01 1.773440889115981967e-02
1.626006587688773486e+00 2.778879187172449416e-01
-8.116085362025026173e-01 -9.042474277138901062e-01
-1.017515821142916943e+00 6.186703932330762656e-01
6.077346929413297572e-01 8.271166824091950864e-03
3.561983859910338723e-01 -1.987701487249768362e-01
-1.196755944840076635e+00 -7.689535020924888054e-01
9.126840949707112904e-02 -1.444105999168305621e+00
-2.338672409665488571e-03 1.133590202119901580e+00
