5.502440487845597916e-01 -2.643022860830047005e+00
-2.600577053308252284e-01 -7.839425865444762387e-01
6.032359937070737310e-02 -2.032068924411629673e+00
-1.154974179921339328e+00 -1.583279411819964455e+00
6.065669598638995241e-01 -1.060730978794769408e+00
-1.019008814924210915e+00 1.236608232669777152e+00
1.594952300854702187e+00 1.318161130884865084e+00
-2.853165472784363610e-01 1.503333609687564687e+00
-1.711864807747069672e-01 -1.396449757415715309e+00
2.009461671217198653e+00 -1.655839202318700742e+00
8.419106590396264744e-01 -3.429888874003503840e-01
-1.958233467536427908e+00 -1.580978243269691441e-01
-8.587143217016460772e-01 6.686958611727041035e-02
8.313048656255438429e-01 1.170779080587769583e+00
-8.134138047101817648e-01 2.185858295351238434e-01
6.176162314771809214e-01 1.295959335067993434e+00
1.730100489001601127e-01 2.660735127612665063e-01
3.151527398161002580e-01 -5.593062485702637865e-02
6.119560988715871952e-01 1.838278167787016137e+00
-9.232927117763914948e-01 -4.022716813253429669e-01
9.254449382673859414e-01 -1.651432095809465928e+00
2.096581021429062830e-01 -1.928477756598497406e+00
-1.245406522931111537e+00 -8.737697343342859524e-01
1.106940314712157925e+00 -8.378551647106800004e-01
1.357752492177120462e+00 -1.236751420755359154e+00
-1.327846629512218657e+00 -4.382094888612618755e-01
1.237545362911295133e+00 1.532669681630907998e+00
3.170075621088324080e-01 4.997994314294048057e-01
1.882863628372069664e+00 -7.191094134339833799e-01
2.614462006538339489e-01 -9.796812906576889135e-02
-1.445097118141548176e+00 5.980460831546557943e-01
1.962413371094232195e+00 6.571743152393229037e-01
-4.320665443986609344e-01 1.136481763146030888e+00
-1.126942378689057556e+00 1.850418979837019709e-02
1.262180719646323945e+00 1.378744151963240849e+00
-1.686956068992315094e+00 1.428003966801263180e+00
-6.248610582689464454e-01 -1.994937669479922349e+00
5.913195755502931306e-01 6.211680619424404526e-01
-9.565192673233492704e-02 -1.070678284421877180e+00
6.545738955614986976e-01 -6.007745645784985378e-01
5.308223156226307138e-01 -1.409123093591190701e+00
8.819746693983909758e-01 -4.763746479796292510e-01
8.575801392318154193e-01 -4.622622853357849504e-01
-2.174730963950401996e-01 -1.210157997204115432e+00
5.773066522808593115e-01 5.751119949209492210e-01
-1.218871277989897056e-01 -1.936642683998137382e-01
1.185094643911731027e-01 5.362326370167276313e-01
-4.068682469053553352e-01 -3.041583136135699306e-01
4.121907672494422581e-01 -1.040801315661177284e+00
-1.300416408703906734e+00 -1.605736637952617452e+00
2.178994646686011061e-01 4.404861031372050428e-01
-4.680738888482904175e-02 -1.028531006068491793e+00
9.687829751437896375e-01 -7.874828411081700175e-01
-5.339101960425948201e-01 -1.601134749155664450e+00
-1.468906025144093741e+00 4.638322353608178017e-01
1.502052995425803728e+00 7.633711283892044008e-01
