-4.459430331235612055e-01 -5.860256836113915402e-02
4.110675361214432000e-01 -1.195546621551565103e+00
1.297379274909119973e+00 -8.316392254056534927e-01
5.634162073265930326e-01 -3.239337978944283325e-01
5.248979718418695928e-01 1.627152690632900356e+00
-1.597641119879838145e+00 2.282242766179652271e+00
3.264970879121233960e-01 4.096649251891183452e-01
-1.919383613426006274e+00 -1.599145651326917550e+00
-1.332602033603974556e-01 3.015322300359967178e-01
-7.877932510478284911e-01 -3.847700271326719851e-02
-2.290946625291460648e-01 3.549470104109163637e-01
4.166144189205719939e-01 1.777819132253080636e-01
-2.727114826382516857e-02 1.832701605205710793e+00
-1.238391059454548443e-01 7.943320028846079239e-01
-6.989034767151091065e-01 5.946741592116859820e-01
3.542176834803697494e-01 5.933544854095269827e-02
1.065460401205595264e+00 -5.553975428088540056e-01
-2.044758627176585658e-02 -1.478313244959404305e+00
-1.600891924922743348e+00 7.446552883479001794e-01
-2.197903042243488647e-01 -1.871003045468631054e-01
-1.427753526126845085e-01 5.772633595306118220e-02
1.341069247060582281e-01 6.332788244433331659e-01
5.217660109203279273e-01 -2.498874761402183203e-02
8.455568731160025830e-01 1.246291392117383934e+00
-5.703864399185525347e-01 -7.298540643878421719e-01
2.736610910241599637e+00 3.309695379703719853e-01
-6.747689421511988694e-01 4.160103533878875548e-01
-1.303962500928345314e+00 7.200833797285366433e-01
9.782935730958859377e-01 -6.434827614070800506e-01
-2.276136590295018802e+00 -1.030009075994730572e-01
6.317767358557315749e-01 1.518097100730275928e+00
-1.620489043625386039e+00 -6.784379482518833049e-01
4.255247100799677135e-02 -2.356222367642392790e+00
-1.399219616932976029e+00 -1.803240044630543659e+00
2.217101359488389267e-01 4.200720857390384810e-01
1.061140650449864664e-01 -9.274394386037130289e-01
1.111726052705071188e+00 -1.921248273755908342e-01
-2.026236132998201697e-02 -3.460803324531664948e-01
-2.501285631955897371e-01 7.255787783973796090e-01
1.132316198078392178e-01 -1.148460799215621719e+00
-8.543234527242060672e-01 2.154595754772294480e+00
-2.069101268251375192e+00 -2.552372308549198943e-01
2.610073160675250858e-01 -7.555694179623310136e-01
3.701400310680756367e-01 9.361134781830562357e-01
1.173799014389040218e+00 7.196633336320348850e-02
1.275183033226433116e+00 -1.771654998446286822e+00
5.535177077630902831e-01 2.195477434397374028e-01
-5.080874274631510534e-01 2.553516108838445597e-01
-1.476353148884225475e-01 -1.060984871531041041e+00
6.848382465766789107e-01 9.936117810505271097e-02
1.340670221188619282e-01 -8.458226306425209451e-01
2.491913684627134362e+00 3.699454030296862594e-01
1.103253620241953614e+00 -2.416232396802386537e-02
-5.455210480357061131e-01 -1.037831874443244207e+00
-1.452717059517946163e+00 2.710654589393512559e+00
5.411843216940620538e-01 -3.705054589228737871e-01
