-5.926351995533342132e-01 3.769688998568275218e-01
8.340271999849705464e-01 -1.306708306648122431e+00
5.794536174020211705e-01 3.548942550479871061e-01
-3.606859623306772344e-01 -1.317290910498719950e-02
1.340302265392810055e+00 -7.413683518620766133e-01
-2.780988285832939333e-01 -7.683321336012599589e-01
-7.114552081642139258e-01 3.464696874787513425e-01
9.766510335802601750e-01 -7.334072219932652459e-01
-3.708603783399844755e-01 -8.764457628282560364e-01
5.235426709681539892e-01 1.095281915384314964e+00
-2.340187030738297036e+00 3.424983473600085038e+00
2.760584353843189009e-01 -4.836319360723680405e-01
1.673613533673502518e+00 1.160946190134188732e-01
1.016715639740699118e+00 2.867024717076807061e-01
-1.883374940152668264e+00 -4.232348267236105688e-01
-2.432584064783753774e+00 -5.710465760903250532e-01
3.322562258925949030e-01 -9.373918261084841497e-01
-2.849346588160794891e+00 1.924638369867097965e-01
1.501105500686618521e+00 -9.009434986734653483e-01
1.147854178484168708e+00 1.014464584186461904e-01
-1.914647914288864161e+00 7.419484773195540450e-01
2.163015364896296866e-01 -5.832809978474473578e-01
-6.761976555625208440e-02 -4.534218911944899039e-02
-2.169489189931220086e+00 -1.205649682832989900e+00
1.683960794879448608e+00 1.485242801225594711e+00
-7.897372966417687268e-02 -2.499205984953193571e+00
1.553017930246325617e+00 -1.576732668363160839e+00
-1.452160184376166008e+00 3.266581459555829847e-02
-6.944165238711287325e-01 -2.108877012337950774e+00
1.502799890958581797e+00 -4.954530679186078812e-01
-4.735188464652283491e-01 8.144807337738354525e-01
8.852139428944558741e-01 -1.325842645221165794e-01
-1.122109051133431956e+00 3.628230400074691775e-02
1.450433299061008319e-01 -1.349753310235524140e+00
1.603248004824400219e+00 1.244896751194605633e+00
6.440755004550771101e-01 -3.108010661399045471e-01
1.047020867848413195e+00 1.475388024899043637e-01
8.070953711016299881e-01 7.008612524924406895e-02
-5.246235017807611145e-01 1.125288340018950839e+00
3.440322804027272641e-01 -9.446368784126906171e-01
-8.801575345645996640e-01 -4.422146223623350525e-01
-8.705188603985318796e-01 3.512687178115658226e-01
1.179302950301409414e+00 -1.301402158427642286e+00
2.510936049872572462e-01 -1.534551634785074281e+00
1.341776304509049167e+00 -1.863189037724005959e-01
4.941107039971995296e-01 -7.250876611842546060e-01
1.148891154126795877e+00 -8.942419552086598999e-01
1.905072327530905829e+00 5.322832068986323162e-02
-2.119463435384927763e+00 1.924861408998103984e+00
-1.196353126179048765e+00 -9.491345580926848768e-01
2.278668885435512770e-01 -1.354036367447935540e-01
9.388056418325613217e-01 1.695435068957241276e+00
-3.209185319606450704e-01 8.618134943175901341e-01
-2.541064824236352604e-01 6.942736388511707712e-01
-9.701463854741441128e-01 -6.770689278135625377e-01
-1.060247849644235574e+00 2.263581817978876920e-02
