2.060200559374318896e+00 4.580168987233853434e-02
9.418346677932770694e-01 5.911212103289636977e-01
9.063697362724342232e-01 -1.066728997653353384e+00
8.288499469747653281e-01 1.037606538880156970e+00
-8.025373731394472299e-02 -4.904883255964740951e-01
-1.144402469850750226e+00 9.568649884066632305e-01
4.360365073246660894e-01 -1.242064674009843994e+00
-5.154587858260931688e-01 -1.677216060429348454e+00
-1.854427803869083791e+00 -1.114925809652575150e+00
9.008155815289495827e-01 7.715222088971928072e-01
-1.598527524890501095e+00 4.566831858897786312e-01
-1.620941394235297262e+00 -1.514243525900177190e+00
-1.751934418695459295e+00 1.374556853037248283e+00
7.202176280509725581e-01 3.622729457998954405e-01
1.262783476256910786e+00 3.413550823220456998e-01
-1.194883152695314754e+00 7.423450820835596486e-01
-2.009603699360353435e+00 -4.165291253218689205e-01
1.129827656031884113e-02 6.356840174968723112e-01
-4.103046723368662663e-02 -5.065098399855125777e-01
-5.123920253429205263e-02 -2.882515491130501206e-01
2.128521386609252275e+00 4.482070672906877662e-01
1.345288700372619939e+00 -5.613091462034160983e-01
-1.663796103471606447e+00 1.042105839355704111e+00
-2.661090097921962050e-01 -2.001890812312570489e+00
2.107923625681400015e+00 5.461235875251060357e-01
-4.401385533623998758e-01 5.223986979652106739e-03
5.697438206226649454e-02 -8.750711226685642385e-01
5.043988288152881916e-01 1.430344372593786773e+00
-6.864664046272814790e-01 8.844549682098153121e-02
-7.048945357712054459e-03 -1.308779308282810971e+00
-6.403581241439564309e-01 2.058776673195829576e-01
7.029445006748182845e-01 -2.323732580054201913e-01
-5.995853124244014953e-01 7.914396797719801535e-01
3.989339104150349535e-01 8.546981137880061974e-01
-9.452829091248164950e-01 2.242952657221148449e+00
1.067831541178964505e+00 4.497391489527452491e-01
-4.627426415577545193e-01 -1.306449752813733989e+00
8.867543209794573889e-01 6.074355536628316399e-01
1.582212365685293776e-01 -2.036182897605531006e-01
2.164599034079658590e+00 1.640966354925146586e-01
9.096667822665223391e-02 -5.641707725248220617e-01
-1.416724545617679576e+00 -1.570062203469890560e+00
-1.797656102148907475e+00 2.545825669503632316e+00
4.522775058291300110e-01 -7.282187004326570734e-02
1.368402373702803043e+00 1.346891339111695896e+00
1.126927430338996228e+00 2.874355909217066185e-01
3.107426942492647060e-01 -6.660918689331054576e-01
1.130011997304392946e+00 2.771105680771586699e-01
-3.421860906962865267e-01 -3.364014208749408485e-01
-2.150382505908559339e-01 4.602239223073735508e-02
1.391212547664707699e+00 -9.836647636125088745e-01
-9.688696052716345708e-01 -9.750966901499874551e-01
-9.535770469003624905e-01 -4.764070524915191007e-01
-1.221565794296534113e+00 1.926991567209711820e-01
9.451395986743883482e-01 -1.049213404226780222e+00
8.377205924926848235e-01 -4.329147184238856805e-01
