-1.190796179645862707e-01 2.775229005229097323e-01
-3.706966836887121142e-01 2.115848548329016587e+00
-3.145320881875600105e-01 6.808322443788163980e-01
2.237967738799342854e+00 -5.266714881867080172e-02
8.786301358104795511e-01 7.435257678194906461e-01
-1.150326983868831032e+00 -1.074925381007828529e+00
6.573687406699271762e-02 -2.237189924260361007e+00
8.154915564630227376e-01 -1.020089312310655361e+00
1.765588676807070989e+00 1.525341748514307261e+00
-1.133065106328177141e+00 1.149346334938833140e-02
6.739730054065221632e-01 4.696226566901519628e-01
-1.271820965630174438e+00 -1.052797437931854985e+00
-1.250203439752970880e+00 1.808355915325845498e-01
5.812984086912772463e-01 1.261018096724629833e+00
2.016272185817076235e+00 1.233848218243746908e+00
1.729420776181165076e+00 9.048095227720542866e-01
1.179003650234845102e+00 9.587552310670006683e-01
6.018334576044523931e-01 -1.145842217407238017e+00
1.573840564684792831e+00 -1.716390145745099405e+00
-2.001305497537713696e-01 -7.072532893929757147e-01
9.910382082214836963e-01 1.221601955919260768e-01
1.319503377600917071e+00 -4.192524181872588906e-01
1.178239060079844469e+00 7.366852014767195644e-01
-1.008106996906148023e+00 1.034447520009934784e+00
5.035107826042221069e-01 6.053528704737782817e-01
-8.218899882044843341e-01 8.364438672323865065e-02
-1.329300128539083303e+00 -3.353495190089171851e-01
-6.868307497296417541e-01 1.017253586265240949e-02
7.327758690098797878e-01 -5.661521734682714024e-01
9.593510187815057488e-02 -4.127883271811201849e-01
-1.921637714914238959e+00 8.888729758651418844e-02
-1.763944554182659052e+00 1.864494421665005675e+00
5.755698285985592078e-01 -1.609336946613340924e+00
-2.582737780668268091e+00 1.524910514553555529e+00
7.355094442435269331e-01 -4.285747156157131144e-02
3.940561005903047143e-01 -1.149342895223016692e+00
-1.590635122998005579e+00 5.112200026165790723e-01
-9.539964764401535069e-01 2.849556199887042784e-01
-7.763417300094477280e-01 8.429422956940921807e-01
1.344093745795631678e+00 3.056165654151800082e-01
8.113155967130091240e-01 2.210568839098428218e-01
-1.381770324850596587e+00 3.701793360744572853e-02
-2.218183999813579721e+00 -1.082386763551133724e+00
8.675238684495671648e-02 -9.203022669722438209e-01
6.865524343757994918e-01 -5.656547984295189346e-01
8.680821733740389234e-01 -1.727890058218007452e+00
1.437589287076130429e+00 1.607707144541339783e+00
1.035494880363015513e+00 1.575809368382667941e+00
7.093715229869783367e-02 -2.819461772353361040e-01
7.718863440728693792e-01 1.913629217282187822e+00
4.586353232402847202e-01 8.312139737894344016e-01
-1.089426240976259841e+00 -7.114125657404996028e-01
8.939709761938402499e-02 -1.174479934050944641e+00
5.085230801228511899e-01 1.401194652412038222e+00
1.261721458769526349e-01 -1.339203732224057974e+00
4.005274383828145712e-01 4.762569254234770288e-01
