-1.009929888719439894e+00 -7.042255062530395904e-01
-4.191926515296957589e-01 -1.351808869040886096e-01
-6.617590916542284152e-01 -4.890542686119653260e-01
-1.608168949959355443e-01 -2.288970854873916827e-01
-1.314552074148567007e+00 -5.482593948975091891e-01
3.888462732801625799e-01 1.572279064854100517e+00
-6.053419219723177314e-01 -2.439904093633723237e-01
-4.641164483110613026e-01 2.315438589178231421e-01
3.848079871442626754e-01 7.521060166246507084e-02
2.314642631203164047e+00 -9.498254595755638574e-01
-1.218950865569510045e+00 6.777605267779688303e-01
-1.412244727080496531e+00 1.284642795143403404e+00
5.206002325617096194e-01 9.145126458938280800e-01
-7.193271324051466742e-01 4.857464832184930081e-01
5.192973866260365279e-01 -1.723451965558380483e-01
4.587283444289311785e-01 -6.568497829376311881e-01
-2.085688233672477132e+00 -6.167194694426024748e-01
-4.289345524530691067e-01 1.869163168477339376e-01
1.106705100251737628e+00 2.611909321472715373e+00
2.738644913983323548e-01 6.098756658068553715e-01
2.112605646356778166e+00 1.701182461562431802e+00
-5.618105358371412450e-01 -2.581308278402631440e-01
-6.834556776216761387e-01 1.511943451616676981e+00
5.788177869235827666e-02 -2.009374183364549538e-01
1.836978146538033707e+00 5.500816426606527365e-01
3.351382652460949685e-01 -5.224167235984938928e-01
-7.526438843624484454e-01 -6.174060418916994530e-01
1.151803562275059561e-01 -7.735107408203879542e-01
-1.384119871950001190e+00 1.116214963840929553e+00
1.922640547271184941e-01 -5.365719214191180253e-01
4.224257973158589419e-01 -1.049744561722399050e+00
7.357180809368302210e-01 -1.496268981616313942e+00
-7.693270234158087195e-01 -7.015701520584853856e-01
-3.218137831685383143e-01 2.611517707151611134e+00
-6.847201519294567884e-01 -3.254137482325055591e-02
7.782902293789369930e-01 8.676916133719241309e-01
6.412533766211369057e-01 -3.155659686525111307e-01
-1.335504985498454089e-01 1.296658572288676314e+00
5.637571756799476530e-01 1.157059381409573318e+00
-6.836838966609860846e-02 -2.547499428109874509e-01
-1.320486077513377321e+00 -7.014554425363520584e-01
-6.256789722728780534e-01 -4.233151797814090900e-01
-1.422886518170062953e+00 -8.094017348696570524e-01
2.605711597884655673e-01 1.487351083435307419e+00
-1.150674110817073714e+00 -6.389756264032375732e-02
-1.030032574003454160e+00 9.418742079626601926e-01
-1.040416353014547379e+00 7.687500427678384263e-01
7.518970600263243931e-01 -6.055754704637578145e-01
3.398445412975034108e-01 -2.735362387656725125e-01
1.420213164953084251e+00 -1.677569358910223074e-01
-1.397645548166782103e-01 2.381853990381930686e+00
-4.702118688701939497e-02 -4.092103718891312303e-01
6.121701097287742810e-01 1.449983935394431711e+00
1.487456123732873392e+00 1.746701268777403948e+00
6.767182403042408811e-01 -7.046292836113767777e-01
-3.729334030266657218e-01 6.578803988266005431e-01
