2.843475588083090866e-01 6.157622503755149079e-01
1.327320949880957723e+00 2.284946350301877427e+00
8.480748051449000791e-01 -1.127887827844795465e+00
-2.731185136235101396e-01 6.377123720584182420e-01
-1.237074016358067796e+00 9.696593744073896959e-01
-1.856140889590643495e+00 -1.085058761855710596e+00
6.275502088914677312e-01 -2.247800582726464103e-01
-1.947039158114555191e+00 -1.124854144625510255e+00
-7.570311783357314139e-02 9.095331057861730240e-02
1.263425869261307621e-01 1.725447736937372467e-01
3.833538725880157594e-02 -9.357168858347847396e-01
1.478606608916347209e+00 -7.259910225600494371e-01
-1.768810285874621524e+00 8.390559872809467690e-01
6.144630234375761946e-01 9.540994638760507129e-01
9.504624468707330021e-01 1.270707415054903811e+00
1.819699435734087878e+00 -2.381496836935445283e-01
3.934540143358634112e-01 2.092788309216188303e+00
4.239275276758685540e-01 1.356637846307357620e+00
-1.319927707177203979e+00 -1.624421357181070835e+00
2.988698579503974440e-01 8.736460118514524087e-01
-1.801928886731082979e+00 3.406372579961748914e-01
-1.870966592223384239e+00 -1.647269976549606385e+00
8.580316018458791216e-01 2.401565478496412886e+00
-8.377088757317477929e-01 -1.775400667209368621e-01
2.111830035254473881e-01 -6.331894150279956390e-01
-2.009033634318339256e+00 -9.341277441474975241e-02
1.207740356583396402e+00 -9.772353037558566546e-01
-7.179899641478507677e-01 -1.724943120908874361e+00
-6.191359997102540147e-01 -7.035955349471616493e-01
1.200585389241943357e+00 4.207318734928504611e-01
7.687632615849179230e-01 1.698066740158555632e+00
-6.827870793611288125e-01 -1.162529307189219097e+00
-1.194230655000703800e+00 -8.409583855800404351e-01
-1.045117407681707133e+00 -1.993478082342342028e-01
3.984385141329036539e-01 -5.286024687944645105e-03
-1.596991782002672222e+00 1.288208856951575498e+00
5.981133426734949188e-01 5.328829100608553082e-01
-6.430490199151704944e-01 -5.467546962010628731e-01
4.040990605587698736e-01 7.445038956501179861e-01
-9.478379681086316344e-01 3.093692327311067802e-01
-2.900151986722407038e+00 1.250342638302636811e+00
-1.250848204581005652e+00 -5.010053312595915687e-01
9.119520351700375338e-01 -1.724487571503694250e+00
7.966187815637958136e-02 9.304425169906438420e-01
-2.179195357027306490e-01 -1.642647436224584645e-01
4.171397407312546490e-01 6.753878362048364448e-01
9.937579633431293802e-01 1.114012446358638719e+00
3.261787929712142153e-01 -4.668838544330512486e-01
2.430046830721980730e-02 7.648990013490365447e-01
-7.942011032414653116e-01 -1.835010438007939060e+00
-1.991966211598561187e-01 -9.542546554253759084e-01
2.888766682378089423e-01 2.322823607722462880e-01
8.119857848982562354e-01 3.383522988412038801e-01
5.414166492559651100e-01 -2.137316530851278151e-01
-1.323508470703967710e+00 -3.352180722529056189e-01
8.763978921017120949e-02 1.242100785405384489e+00
