2.172375529045830866e+00 1.304331569930206491e+00
-1.652578033927590173e+00 -8.015376109201534094e-01
-8.689201337351596388e-01 -3.905663385562416767e-01
1.107201014455198515e-02 1.462899034757454642e+00
-2.060445896611423078e-01 8.773325851744134818e-01
-1.531325540673337537e-01 -5.868987274372536866e-01
-3.478568469536224561e-01 -5.575740231640028410e-01
9.198884301174118372e-01 4.666732816321314536e-01
-1.394236434028291782e+00 1.177287167078346908e+00
-7.997856171121351387e-01 1.125641255888180092e+00
-3.409104633123820061e-01 -1.782870093462004257e-01
7.364825718087480988e-01 2.035576087878177454e+00
5.569627018340889135e-01 -7.835524433149286816e-01
4.921582622286351794e-01 -6.308385690405373669e-01
-1.426718459272619810e-01 3.562708707534513741e-01
-8.901741230708093422e-01 -2.460930502331229175e-01
9.636236993869107259e-01 -1.242446864332068968e+00
-7.141766156784656872e-01 -1.110060283818391946e+00
2.696200864295180133e-01 1.587516389207971779e+00
-1.299025799767295375e+00 -4.930597682597139264e-01
1.494167049496818223e+00 1.329940160116962033e+00
8.893071620019088463e-01 1.025246659121385795e+00
1.633493636981466490e-01 -4.621021853626075537e-03
-7.438625159092135397e-02 -8.983735678681977754e-01
9.231678867178255699e-02 9.559464130370165513e-01
2.099301488676128535e+00 1.191401074756861966e+00
4.388855893043812073e-01 -5.898042871410019705e-01
1.527205564292060780e+00 8.024216751942403469e-01
1.061623937817390173e+00 8.132262574990116455e-02
-2.208691435580450779e+00 -4.359191775890711718e-01
-9.575795205621623341e-01 -6.075509950904615097e-01
2.699237739352950971e-01 9.811005813356983574e-02
-1.406058571464611884e+00 1.625050537779293702e-01
2.695908608156525332e+00 2.561025474030430571e-01
1.470693764436369788e+00 -2.178368525785549792e-01
-2.502219050139738443e-01 -2.777353966672380797e-02
-1.971125160552800404e+00 -4.914595943927930755e-01
-3.107464904012075535e-01 -2.403038494500917999e+00
5.700573640394411834e-01 -1.000627256222150541e+00
-2.117876562312570154e+00 6.617224846664820914e-02
5.093789170862844662e-01 5.671740547881299888e-01
1.602867062868596482e-01 -1.079800630022925922e+00
5.550733275287955681e-01 -1.640391953949255299e+00
3.944404257601529795e-01 3.763170967388432264e-01
-8.785166815482310376e-01 7.288410753933306507e-01
7.859603838398681042e-01 7.282003713582115845e-01
-7.182493656275950045e-01 -1.084320630744808556e+00
-2.718231300502438330e+00 -2.710165174723283554e-01
-6.408636838197306895e-02 5.719793904980850080e-02
1.969052924925145109e-01 7.474683927871254019e-01
7.452736533001284025e-01 1.320877433648437016e+00
9.490764433022184088e-01 1.131175010628926003e+00
-4.149685638476700023e-01 -9.391584512044823807e-01
7.664665812661000666e-02 -3.866833258919640803e-01
1.669902455661434193e-01 -1.305261530227585842e+00
-4.004203281486251598e-01 -1.094681622114988873e+00
