1.293300279790196239e+00 1.542532202960318566e+00
5.521200397192165266e-01 6.486318771275992878e-01
-3.478908362227007278e-01 -1.407021747831552760e+00
-6.943362861283202125e-01 -6.895797256887287174e-01
1.469814196948083351e+00 1.209491874380274945e+00
-1.574036286502222159e+00 2.657395663237655636e+00
2.367727469955941966e-01 1.072872185393688449e+00
-8.443962520145915918e-02 1.566968961949847916e+00
1.273473754015544301e+00 7.927920033995654592e-01
9.357509719147993899e-02 -4.935103184830775813e-01
-2.027547765902580679e+00 1.089140635966915571e+00
-6.728432620107991369e-01 2.995698567117389688e-01
2.029706852773056625e-01 -5.419288798259089823e-01
8.699924984587820154e-01 1.073293078339954132e+00
-7.870916104831136850e-02 8.855641025166922642e-01
-1.132177039147791886e+00 -2.643616290527978641e-01
3.285666446911781891e-01 -8.712332851269122269e-02
-2.094082685343695918e-02 1.358407641176763603e+00
9.060977087579561440e-01 -9.911949682423696339e-01
5.931775645832763066e-01 4.186685585046611702e-01
-1.507195887249827143e-02 -1.129935569109247417e+00
-4.274069515393205676e-01 8.851116080433386601e-01
4.572642116064914997e-02 1.132853791630250795e+00
2.775918556031993778e-01 2.860318835285735051e-01
-6.243050074698535123e-01 -5.601841214026470617e-01
1.403449875137271208e-01 -1.263689863885389508e+00
2.203861113346167855e+00 7.572301970701998952e-01
-7.681096573790282545e-01 -1.403916636970926335e-01
9.746735977074286184e-02 1.280739566605342272e+00
-1.039944479672335165e+00 2.393478850975243044e-01
-1.198588558081818967e+00 -4.460475598608640846e-01
2.872826140211727150e-02 5.599773886360496222e-01
-8.839289959641812855e-01 4.376559130338336656e-01
-1.533181973373048956e+00 -1.137321391984831842e-01
3.302881938719901544e-01 1.363141838297600716e-01
3.891005416110349668e-01 2.125931324728604077e-01
-1.836096497095448254e-01 -8.542816483088695456e-01
2.100867642981588013e+00 -7.154128918533293469e-01
1.243705752734390185e-01 6.135048317579430144e-01
-3.030925072924917640e-01 5.030022530383067014e-01
1.037819830142360011e+00 -5.511293629239558678e-01
-1.221579365706510600e+00 -2.829651222230400998e-01
8.960336435895015494e-01 -7.575965928590219223e-01
-1.377215211244698256e+00 1.728575789997139900e+00
3.259309527101506010e-01 1.098926064651468915e+00
-4.390051291310281267e-01 7.230487549603725750e-01
7.872836789249646472e-01 -1.441684100018871373e+00
-9.321670411285842839e-01 -9.761346345495621746e-01
1.596026889025435658e+00 -7.700141661468130616e-01
1.007761612153939002e+00 1.031532150423238037e-01
-1.375210607193931178e+00 4.728897873489165127e-01
-1.464352136005490912e-01 -3.137000075675484556e-01
-1.492105956312768766e+00 4.030080188612423231e-01
2.372277662881132898e-01 9.097962745790783012e-01
2.524795687003058564e-01 1.943790071507754957e+00
-1.529684467964987249e+00 -1.708558814122368430e-01
