-7.405582550796381280e-01 -1.313285327286464410e+00
1.336851052483568170e+00 1.307028605093464968e+00
3.295991801985456715e-01 -5.163058298495886156e-01
-2.176248847144456544e+00 8.024404825008454312e-01
4.450187873492282287e-01 6.920377857401919242e-01
-6.420023010622324389e-01 -4.172366355080602690e-02
8.030322689606683717e-01 5.522491939575771558e-02
1.104388861069787842e+00 -2.704847607568264811e-01
4.370998354867473568e-01 -3.795709723016318371e-01
-3.057958061931949356e-02 -1.193292561290495435e+00
1.070658129893850452e+00 -1.115838906747775638e+00
3.855356790244633958e-01 -6.680220401588763401e-01
1.597793744056446252e+00 -1.169276052167165902e+00
7.129371824190233742e-01 -4.950622043808393102e-01
-2.323791203077635315e-01 -3.553806882909013587e-01
2.279065047864493598e-01 4.639611524749616689e-01
-5.088225999883074779e-01 1.186219951814607987e-01
2.191112046616054521e+00 2.094258702047734566e+00
2.782182661658946093e-02 -7.900194207737614160e-01
-3.014936634905949764e-01 -6.064806527381397805e-01
7.366454337128734986e-01 -1.716150442685094202e+00
-2.020039580962623482e+00 2.645617688332122519e-01
6.131705957720946509e-01 6.629588386425161461e-01
-1.433813788632458674e-01 -2.874113855130736028e-01
1.948082612514515366e-01 8.121979831907050196e-01
3.034341350212256816e-01 1.386108163364520252e+00
-8.681615890850350459e-01 -2.742299646256721180e-01
-8.040166796127332649e-01 7.405239919189264292e-04
-8.766502143512593104e-02 1.678410921571675818e+00
1.161674011204491652e+00 -1.065411748308054962e+00
-5.433235450113411691e-01 -1.178836667477346278e+00
2.667401168638007247e-01 -3.493593161436260308e-01
-6.660676925666424442e-01 6.246497939236660413e-01
6.222748358745094910e-01 1.463966729689143653e+00
-4.180307491277961973e-01 -1.758335586606640355e+00
4.969151264887883834e-01 3.641805864319236918e-01
5.647590017723150835e-01 3.715811607554662110e-01
6.526516533294004496e-01 1.261397217651000768e-01
2.622830557762373949e-01 -1.023941204575703479e+00
-2.954166504440053909e-01 -6.374527152906801428e-03
-6.480767640880653879e-02 -9.102997126411646045e-01
4.699295595728211761e-01 7.886650581844317776e-01
-9.226221205856758312e-01 -6.323610851009714429e-01
-4.370250509218565060e-01 4.477818007668670774e-01
4.565344099607359096e-01 -1.785187184353803636e+00
-1.470776786448418083e-01 1.177709036128013059e-01
-9.138960573062333559e-01 6.380843439756039848e-01
5.846405493198805203e-01 1.330968882161474243e+00
-1.654427759971027201e-01 9.417933302715894017e-01
3.222121192158999836e-01 -4.741574165856317080e-01
-8.234638167377943407e-01 -2.603217812891545635e-01
-1.103525352709487262e+00 1.969651841479096444e+00
2.902028047259505028e-01 2.793829795125725379e+00
1.714832630953681436e+00 -1.621510530158405405e-01
-1.719355459617431192e+00 3.220309392880508770e-01
-4.959484648383514216e-01 -1.660050470874032902e+00
