-4.928839200284631517e-01 -9.534957377962945957e-01
2.740939684641770582e-02 -1.539475790167913249e+00
2.123715469274250478e-01 7.633601193858990767e-03
-7.592403540755240376e-01 6.809164263611944268e-01
-8.761356496984580577e-02 -1.599422579884221207e+00
1.218210234640227707e+00 -1.809425807776919193e+00
-1.267166872622920715e-01 7.216589045065961994e-01
2.415081827703027262e+00 -7.990184317721468199e-01
1.439896543505399418e+00 1.553413752730093134e-01
-9.772180772956711170e-01 -1.039826343466029535e+00
-2.137661560085621915e+00 -4.127715776096255521e-03
-1.147049694599229369e-01 -3.767960446267849539e-01
5.474030693388048929e-01 9.070501546366011025e-01
7.675234418542350445e-01 -2.148387409102402168e-01
-8.449241440988516372e-01 -1.736830750902371989e-01
-1.275319643457272667e+00 -4.602558367501114467e-01
-4.843720238620571883e-01 -1.400162063560495440e+00
-1.898592515047839324e+00 7.959552022449634112e-01
-4.283145616938006661e-01 -1.549031682835175339e+00
1.250888228957639736e+00 -3.260313785543642595e-01
-1.600205485519208493e+00 1.529005377576989622e-01
-1.366605859865583472e+00 -2.827426275609513096e-01
6.626322521729339776e-01 2.863309741237247685e-01
1.258837352821759459e-01 4.987884378123353946e-01
9.126731905618225005e-01 -5.982806954463834592e-02
-9.635941150530925592e-01 -8.669141084960432231e-01
5.817404205940720496e-01 -1.517988321510391314e+00
2.478557820322379313e-01 -1.004778246277990006e-01
-1.336797517591582496e+00 8.426846009981994734e-02
-1.219188621810417317e+00 1.347814287980985348e+00
6.869904739280164874e-01 2.143510136237763763e+00
2.021600628476574735e-01 4.079313138701782249e-01
5.663265523079978880e-01 -8.115655117136136298e-02
-1.338203762080166781e+00 1.517958817494978740e+00
1.041860964157570235e+00 4.356347898891147624e-02
-1.230770950502161565e+00 6.228741388339180396e-02
-1.115390196536421907e+00 1.958499773057543192e-01
-2.794773217584835656e+00 7.697860437222844299e-01
1.054462825729198139e+00 -9.094288505222397623e-01
1.445990699423272297e+00 -6.818650768945062612e-01
9.598999560654328800e-01 3.997338906861770957e-01
2.908510464885817326e-01 6.063999970408511242e-01
1.553757624690869400e-02 -2.031493100112244488e+00
-8.086895088800561959e-01 -1.820069206615178847e-01
-2.282552019726434178e+00 3.057668885929721858e-01
-5.404135010698645630e-02 1.050180168417989224e+00
-4.399367322279735260e-01 5.308682389181158534e-01
7.899497430394915032e-01 4.101095082591448282e-01
1.512602995097343417e+00 -2.177156938391042296e+00
1.139408920788437807e-01 -2.162221325448223652e-01
-1.714057224582538508e+00 -5.804205139116320744e-01
-5.687588741626002919e-01 -3.209621840326335601e-02
1.368046616424139605e+00 4.690221140976066350e-01
1.842165448199887257e+00 -3.383939397432587093e+00
1.247427660222867773e+00 -1.330315820964718343e+00
6.124715033606189518e-01 1.185414591772233850e+00
