6.009100966074562011e-01 -2.598852370165861458e+00
1.661189396301747001e+00 2.366058796271405529e-01
-4.208148835966784573e-01 -5.576801242625228222e-02
-5.509576791631051046e-02 8.337295597538399994e-01
1.185671999250934139e+00 -8.471935518701281254e-01
1.540842325030485238e+00 1.922891247171729101e-01
-1.375661027539893055e+00 5.588942319903306144e-01
5.353701722825986442e-01 -9.136916413864386299e-02
-1.904215864972321981e+00 -1.974040122860826418e+00
-1.244051707115157585e-01 -5.648346376907265043e-01
1.219108812865295904e-01 -2.201496225829998876e-01
-9.833756778647580188e-02 -4.369738069807775349e-01
7.599747519754272984e-01 -6.774092530963319314e-01
-7.058333738263468105e-01 2.428255467445537441e+00
1.068025709762916442e+00 -5.565810530904182762e-01
8.635970811780956380e-01 3.095341508099557770e-01
-4.225951598956887573e-02 -2.036886779877803699e-01
-4.185122655491548514e-03 1.571506797369314645e+00
4.114353548681348172e-01 1.221823978150516909e+00
7.987051437555952038e-01 -1.442298125973541012e+00
-1.771041072579644160e+00 -3.319771577711474464e-01
-1.368289561142585486e-01 9.233536731384612839e-01
-4.994842700419322434e-01 -3.026625465808756646e-02
2.229480212335334943e-01 -3.269846672239568042e-02
5.430372247747021763e-01 -1.297229797155130537e+00
1.034140802967292161e-01 1.050907893750210320e+00
-6.252278619843173457e-01 -7.846072556232921436e-01
5.878236366051811101e-01 3.638638471631277516e-01
2.055597198585517316e-01 -1.528926590073620639e+00
-3.545996534487297347e-01 4.142525773975752612e-01
-8.905123217836619087e-01 -5.017895920861138448e-01
-2.824505412545971761e-01 -3.871036568887550183e-02
7.894540965075486083e-01 -1.262441338045634798e-01
2.407907193948344293e-01 1.195521862776039557e+00
5.993786808449064196e-01 -1.832937321510044182e+00
-2.144789601570003867e+00 1.453322744504631281e+00
1.322751252906251507e+00 -1.213436468096903420e+00
-7.640080249156036007e-01 -1.584201061003709610e+00
3.458649620829982174e-01 -6.192089161426068689e-01
-8.157282541455792568e-01 -1.792704699392588530e-01
2.142123249205127034e-01 -1.796264795557107607e+00
-7.744532909435929424e-01 9.173659315946460779e-01
1.402087993834209678e+00 1.441287706292985416e+00
5.114744127879634894e-02 -6.866827731981594019e-01
6.841492694861935064e-02 -1.498168167953227992e-01
-4.334582599849706175e-01 1.199395250747780972e+00
-1.880537110613101026e+00 -9.975033679382558915e-01
8.895251861044759512e-01 1.072524747167824088e+00
6.750160061778432974e-01 5.083665066457273424e-02
-1.317016455585241275e+00 -1.182498181788141922e+00
-1.281002123038216034e+00 -8.928963696801691663e-01
5.639164173737891694e-01 -6.272056787891132634e-01
-1.917260691355437696e-01 2.792409844231277805e-01
-1.221250671665413234e+00 4.470997319937303205e-01
6.262561062187781413e-01 6.718354267434976101e-01
-1.034328386325285454e+00 4.351179983005412644e-02
