1.860784256986927621e-01 -2.071034708346777276e+00
1.434817235578778716e+00 -4.506316519387791319e-01
-1.493334447327416825e+00 -3.116332362368792741e-01
1.744001902851194941e-01 -7.746253365275408420e-01
7.418845784874869564e-02 -8.607017520413356992e-01
1.953393895805061620e+00 -1.466072295733198416e+00
-1.763366219807333546e-01 -1.929635467878817234e+00
1.600364626768536525e+00 -4.333855162058977695e-01
-5.136006501125134349e-01 7.101532664795601191e-01
1.354060071426814622e-02 -1.617231782907825322e-01
-3.937668026752991213e-01 1.179858483377080214e+00
-1.504424309011210270e-01 -5.453138966283764821e-01
-1.106251989657005996e+00 -1.214822288195393646e-01
-2.030499764731946044e+00 1.802232941179402192e-01
-1.128904322841636082e-01 1.017641853425611975e+00
-1.125311883143383485e+00 -2.165313566389009126e-01
-2.144415588842752129e-01 2.443204466801393027e-01
1.857858571353435129e-01 9.066935281296532867e-03
-1.063454654858652900e-03 1.554917118100792306e-01
4.166307598441540971e-01 1.897302335271643381e+00
-8.176943772573660452e-01 5.330676058861312239e-01
-2.372462745192313704e+00 -2.257785182245685363e+00
-7.237569896399145275e-01 -2.476945624870905860e+00
6.380714828927372961e-01 -4.865420000935761768e-01
1.600119446705841275e+00 -3.418720091165674546e-01
-2.752780813895936984e-01 5.938784127648671918e-01
-7.527563587926427990e-01 2.698873340882713134e-01
7.913661826615362438e-01 1.477782061509450885e-02
5.298256548963078405e-01 6.472661940172048656e-01
-4.933287243041320491e-01 1.732778740174086174e+00
5.593927432399931066e-01 -1.040371662981456113e+00
-1.047573755447730459e-01 4.714662546238686247e-02
1.384075118638607438e-01 -8.169959091240388549e-01
6.319170485100048529e-01 3.083476185408086101e-01
2.845303000338290644e-01 5.368435804681814805e-01
-5.206714680913632209e-01 -5.288805272733064777e-01
-4.297964670250053465e-01 2.025406914986602303e+00
-1.103732673153307475e+00 -8.121002881064833812e-01
1.018589631109924509e+00 -1.858950611518947360e+00
-4.704565593594116080e-01 1.242538652189815046e-01
1.395282631155827791e-01 -2.002190974596588458e+00
3.663396868275246021e-01 -9.528781253317101241e-01
-1.401173933989532383e+00 8.007024403832162518e-01
3.759033841677347776e-01 -1.205889481163340549e-01
1.161466365190072958e+00 5.990281739451589482e-01
7.396583641150219490e-01 6.878671874784929585e-01
-9.456605761798324572e-01 1.149596475066269885e-01
-8.464312274081597920e-01 5.668573549706166226e-01
1.933304691882520299e+00 7.898241673003106866e-01
1.601235662493523559e+00 1.114129474214052173e+00
-2.111234948903181419e+00 -4.657350664236633575e-01
6.277634187613636563e-01 -4.768524042265111507e-01
5.886166988727027372e-01 1.454733577292377789e-01
-1.533650814752346436e-01 -4.926652827528414935e-01
-3.876747336778135211e-01 -4.149912630517072487e-01
-9.014979119543963249e-01 -9.808756555283956735e-02
