-1.277010923587297009e-01 6.006759785625712667e-01
-3.323609596118295983e-01 -1.068570510007252006e+00
-2.042463559379408822e-01 3.387529531981323672e-01
1.935272622339093251e+00 3.404497404935644123e-01
1.121510047935085908e+00 -8.699587533090652469e-02
-1.392453258893430190e-01 7.793855320224811756e-01
-3.670906812167736843e-01 -1.972890088593844127e-01
-2.135063557701180614e-01 6.619971782075008138e-01
-1.251856951630009041e-01 -6.000199494859007610e-01
-1.453889442781810315e+00 4.682429503180361441e-01
2.323472602095177475e+00 8.583342383788956642e-01
-1.278103914586053325e+00 3.611926836219730430e-01
-1.984600021589975546e-02 -1.497521272111196344e+00
-3.422978984686803061e-01 2.218241064899132642e+00
-3.571797437905408490e-01 5.439745294148005117e-01
1.071193035338833477e+00 -1.607322141154991613e+00
1.587556688399877070e+00 9.832038861378189498e-01
-4.829765480809978806e-01 -9.381470753575594790e-01
1.218313027831190887e+00 -2.296462886498644718e+00
4.978765215682406930e-01 -3.929236727747278390e-01
-5.210963825054659715e-01 -1.340250735125847248e+00
-7.511618948515417227e-01 -5.489103457890165405e-01
-5.513133800700765752e-01 -1.774984836760966855e+00
-4.783097788220733171e-02 -4.672619624310894171e-01
-1.612441671562976131e+00 2.650208667427246256e-01
7.318110894851174164e-01 7.888696262659810055e-01
9.809379117424298355e-01 -3.227571645896068486e-02
1.536197718286157698e+00 -9.256196630826975247e-02
8.376324365824920903e-01 -1.651202703981283770e+00
-3.717372317480482358e-01 -1.033421730446583364e+00
-1.287376160358876150e-02 4.880148346058284514e-01
-4.886264345691445632e-01 7.069289517871872874e-01
6.162570300302000481e-01 -1.008961266154410286e+00
1.743045399667227491e+00 -1.821457289765220366e+00
-1.684079903243439758e-01 -1.038047477107774341e+00
1.122835743302523365e-01 7.362374968417257914e-01
-6.021163104421861645e-01 -2.126757167265948656e+00
1.498479331600709008e+00 5.625814273933075205e-01
8.816945663412438794e-01 -3.615306653600807579e-02
-6.087509019619331552e-01 3.475022157140785217e-01
6.736013086288256124e-01 -1.367633226797213331e+00
9.122061046880842738e-01 1.135495509818244646e-02
4.947197233076048306e-01 3.317825992130991886e-02
1.497408532313813989e+00 5.218192489236542775e-01
-1.054074152667985008e-02 2.908650195284891993e-01
1.637268886638571785e-01 -1.113959130341794168e+00
-1.676671441246246896e+00 7.912802637033660158e-01
-2.347618388916719034e-01 -1.082141197121072151e+00
-1.419599987669449392e+00 -7.083530945030043491e-02
2.261734171532683302e-01 -6.430090594942947657e-01
6.230061913179513189e-01 1.885765415132259759e-01
1.731240033552129409e+00 1.020237603895475020e+00
1.601931504736366252e+00 3.505296699768307711e-01
-1.911027069707260218e+00 1.392380765108232499e+00
-1.836573650721949891e-01 -1.774153418199664101e+00
1.064108341058351170e+00 -1.363786641765306618e-01
