1.254193713689532697e+00 -2.259479950373656454e+00
-7.483436372961080885e-01 2.091813201949168644e-01
1.182720125341612638e+00 -1.079792597080526884e+00
-4.035132334247861219e-01 -5.428841697507152952e-01
9.802806096854083107e-01 2.317078665780961371e-03
2.744476982690041034e+00 1.461863562880573175e+00
-4.198933539910951196e-01 4.734025870773623801e-01
-9.227160163775168789e-01 1.419479523723428394e-01
-1.621871713595535835e+00 -9.237208815862111289e-01
-7.398025923969104856e-01 -2.606305525581309457e-01
6.815359583208706606e-01 -1.311963403279673201e+00
-1.805401684861925204e+00 9.550500418117032764e-01
1.792045147823988049e+00 1.532309264037579721e+00
2.375968349009250691e+00 -1.332818546499825674e+00
1.544308556215727157e-01 1.478729993135184717e+00
4.950680912410845291e-01 -2.332005893508652505e+00
-4.029922246700095023e-01 -6.568854964591815948e-01
-1.583778155011024369e+00 -1.837416804266371440e+00
2.215177067129509569e-01 -9.450053125242416918e-01
6.162471366680111196e-01 -6.762336139556790471e-01
3.400217843262114126e-02 -8.633126042340902861e-01
-2.547657651622480479e+00 -5.195974670760712399e-01
1.242850357535640216e+00 -4.348557135803793328e-01
4.944338044186428749e-01 -4.146816691937143529e-01
2.459043942171013519e+00 1.643450214438663959e-01
-3.460416841478264893e-01 2.087261611507456593e-01
-7.999358739144859509e-01 -4.626226426206296316e-01
-1.050921688456483594e+00 2.187784738830407694e+00
-2.141675783820533141e+00 3.180125029634168210e-01
1.138631157991664589e+00 1.233125239413257690e+00
-2.049968509699233277e+00 -3.187980127612127790e-01
-8.282051565764952938e-01 1.112667770216331009e+00
1.890332217490016564e+00 2.577429488431881577e-01
6.853383758060496156e-01 7.408754819109041323e-01
1.101396287192122792e+00 -1.041196513052749628e+00
7.792652319474089317e-01 3.395311726040500244e-01
6.324661167440797094e-01 -2.580766733311923300e+00
1.663133870746684728e+00 2.266364381202234046e+00
-6.918940029351765275e-02 -4.538631443842970903e-01
6.340789168106464313e-01 8.231969274676019799e-01
-8.601521949560984037e-01 1.155071945189021371e-01
1.463232839760288506e+00 -2.890211226725892812e-01
1.484227977951115385e+00 1.048149351456583833e+00
1.810733597347268464e+00 6.489511925022201089e-01
1.139899788162608063e+00 -6.632270087783120882e-01
-6.061638360354788119e-02 5.035941861547253984e-01
-2.199282779272050181e+00 -5.912866987183163642e-02
3.296228857067410867e-01 8.967318558973095266e-01
-8.939610307394015853e-01 6.867752944448447527e-01
5.893247662203471987e-02 3.173819850598710302e-01
8.461547863805191083e-01 4.145940849685666452e-01
-1.659645396006568241e-01 1.605353966279471356e+00
-2.499902541545710566e+00 2.379598058839951236e+00
-1.113585467342886881e+00 4.811676152895479897e-01
5.211540985089070377e-01 1.414880618265724532e+00
-1.828266119754337726e+00 -3.982656966756717432e-01
