-4.544738492076931258e-01 -2.168252741520083848e+00
3.351250467842653569e-01 3.845120098909717288e-01
5.408747127791434517e-01 -2.584132255021697189e-01
2.371335545975589709e-01 -1.775202273698766320e-01
8.254926088457488209e-01 -9.651803656253568064e-01
-1.193313705044655171e+00 -1.800125820247025499e-01
-7.675857043410747593e-01 3.130887980008377758e-01
2.083486885301739366e-01 -1.513690723323794396e+00
-1.712046486033948822e+00 9.957330869527912798e-01
9.095211305059160978e-01 6.719454273687907042e-01
2.721282813011519086e-01 -1.272181981749057889e-01
9.984509874271216834e-01 2.307900796852684622e-01
1.917381237645679193e-01 7.157467737000722252e-01
1.491929701534771002e+00 -1.413003166805922375e-02
-7.932542523962081704e-01 3.511052806913237401e+00
-4.126370425870968806e-01 -6.784039632976025525e-01
-9.740561535170721985e-01 7.289005598666891128e-01
-6.548389964809118169e-01 -2.896017055254569428e-01
-9.316710252387494506e-01 7.335908441001900981e-02
6.148897469994031306e-01 5.670120299460142954e-01
-1.010886311069036481e+00 7.833610154905312761e-01
-5.164215044306083024e-01 -1.319348008874329459e+00
6.133634039692685835e-01 1.293733408041175315e+00
-1.177000880052807008e-01 5.359049003823155299e-01
3.678769901858487956e-01 1.840977118650765354e-01
-9.365639955370581582e-01 1.041326376468432624e+00
-3.884291995422374799e-01 1.309468474120520254e+00
-1.814111137904054871e+00 -3.242879008494770759e-02
-2.439489454252374012e-01 3.767460870561533115e-01
1.141268415341861520e+00 -1.135203524736116548e-01
1.754268310696439848e+00 3.504084152222695647e-01
2.097433553978429011e+00 -4.608604758734573259e-02
6.642848513803029098e-01 1.825675503208876505e+00
-6.404223615500288513e-01 -5.899167716224458236e-01
-1.051042575028637849e+00 1.602235032577141505e+00
-9.077102541311832251e-01 -2.126547962242916062e-02
-2.229608303196819186e-01 -7.668776423240962758e-01
-2.148059242830892668e+00 -1.053860892243203562e+00
-2.276962133624189644e+00 -1.018040107165777280e-01
5.982204238795619800e-01 7.237499904767922265e-01
2.005551052060273065e+00 9.280908027131484772e-01
-1.353148536217586795e+00 -7.632530260922246734e-01
-5.293950855980276149e-01 3.716203206561803363e-01
-2.241544917484363519e-01 3.931620508031216099e-01
9.791969866440399795e-01 -2.031571249810632529e-01
-1.604128057458007683e+00 -5.166887869799781097e-01
-3.870394101607519399e-01 -7.069609118401464221e-01
-2.782846000760519800e+00 -2.719651979014612864e-01
7.229353231767571275e-02 -2.701365932465356057e-01
7.680816271325385802e-01 -1.976570974361289285e-02
-9.809188108779584581e-02 -5.217811162867166397e-01
1.120796783168026112e+00 -2.046396668979078903e+00
-3.446487564890155508e-01 -3.186704507504691808e-01
6.963231383174819378e-01 2.170975683257741762e-01
-6.256832541211432286e-01 -1.589233926807205044e-01
-3.921396098003055442e-01 -1.787407044236230813e-01
