-1.795508513050993746e-03 1.555402273979913097e-01
-4.978207843061221438e-01 -2.911087884660885083e-01
3.966223916125710680e-01 -1.314947357411450524e+00
6.581619677832265536e-01 9.389381394994900099e-02
1.899024780712550875e+00 -3.163563139326779905e-01
-5.507464947099935948e-01 -1.364568544476103096e+00
1.296997113583307160e+00 8.347764145979126929e-03
3.538587428801830970e-01 -1.254331758023387255e+00
7.295253399580560183e-01 1.616708675889626592e-02
-2.074457892252636881e+00 4.337631328633762551e-01
1.009243536798572760e-01 1.167771191528454766e+00
-2.437290178082854641e+00 1.264705905581152701e+00
-7.272653882440347495e-01 3.528723374818193981e-01
-6.275535568796654362e-02 -3.636730214531370686e-01
-7.173311864990819997e-04 3.935554957407023102e-01
-8.938299345403427631e-01 -1.722639746206357847e+00
-3.388519074413064436e-01 -1.372031040522515566e+00
7.491023255737174757e-01 -2.119417971571969872e+00
7.255379486568616088e-01 -9.450899067402676046e-01
9.369166673021206426e-01 1.019296327038016647e+00
-5.471609709842913949e-01 2.945132956560678195e-01
-5.881718609994149860e-01 -1.452595570736600061e+00
1.496548830975457767e+00 -5.691707575183555662e-02
5.737086163389703425e-03 -2.530349905516600661e-01
1.824294435312140639e+00 2.117406612190290360e+00
-2.964339594641703796e-02 3.999679458618716765e-01
8.727106278023746277e-01 7.459215854418960179e-01
-6.917301670688572601e-01 -1.094693477730273479e+00
-3.850158032060696511e-01 8.085665712200111599e-02
4.728811635610065123e-01 -5.405236146336337422e-01
1.142550513878211188e-01 -2.032317183137036243e-02
-2.078896777309617416e+00 8.267330544510967938e-01
4.000686719105166211e-02 -9.619339196248533064e-01
-7.254122790552569588e-01 1.790830426778585061e+00
-6.269152117180265549e-01 -3.180760406155938580e-01
4.947142765947260545e-01 -2.592186740657020372e-01
-7.552454178604602886e-01 2.464730287591932190e-01
2.880870555491849005e-02 1.144644805376476837e+00
1.030814253302989369e+00 1.427021577132404184e+00
-1.362962072114601020e-01 -8.238598133098793408e-01
2.096604542108167768e-01 2.473749739660498825e+00
1.125431904912390785e-01 -1.702648236233386569e+00
-5.805231404036379494e-01 -1.332455630872317442e+00
1.918593453735343735e+00 1.982740431213219745e+00
-1.121222623935366869e+00 -1.809273470613991019e+00
1.172482931543392809e-01 -1.890678293634855622e+00
-1.175629483218587179e+00 -7.461446318671500766e-01
5.104748666509622418e-02 1.131164112179687820e+00
-4.151911725864873559e-01 4.385727547237880386e-01
1.009756538620078858e+00 3.077701754795983402e-01
7.048060105955126220e-01 8.382984342442824088e-01
2.046755663599190811e+00 1.035137009389338614e+00
-1.897825635539008404e+00 5.229909944916131259e-01
-1.146699379120218021e+00 2.067540961071367145e-01
1.753688495139882897e-01 -9.126290335038547696e-02
-2.036801764471947163e-01 7.076085191558955101e-01
