6.966313586218297882e-01 -5.346533289987200899e-01
6.449660383190015667e-01 -7.808397226713847949e-01
8.816118251983271481e-01 1.280564404502831044e+00
2.072128904729514665e-01 2.382708684041572766e+00
-3.905296852081207581e-01 1.258128799388286811e+00
-2.841647890438021018e-01 4.995577814073144385e-01
-1.283279938558994582e+00 4.928045829728883165e-01
3.504625534391442865e-01 -6.603003579511380616e-01
1.657263239357193330e+00 1.872562931659783603e+00
2.570641723750708985e-01 -4.810289659544327301e-01
1.502827057648814524e+00 -1.070431160181124719e+00
-1.974515497501562744e-01 -1.351542296944286403e-01
2.193810917763408419e+00 -6.567044477960394255e-01
-5.692471055641864508e-01 1.276205975223156042e+00
5.776646214913124799e-01 -1.273811575873986524e+00
1.911858889547021878e+00 1.158217030542791681e+00
2.274806620820103431e-01 -2.338376084904640884e+00
6.561488101008122742e-01 -8.070631797962920517e-01
-3.316693492686221489e+00 -1.922612482810523993e+00
6.415175551753343752e-02 3.132085434507868582e-01
2.022802786735100167e+00 -1.467737206036896280e+00
1.374758523240456221e+00 -8.993857803659828232e-01
-2.565528683519643915e-02 3.562544598718871414e-01
2.872761934428652020e-01 2.620373672720589520e-01
-9.623704892628615060e-01 -3.479885076013889966e-01
-1.897763589223281921e-01 -1.473615828648434656e+00
2.845934347547348420e+00 3.026114067290049947e-01
4.681108278357263841e-01 5.053099263739380120e-01
1.076354764270274877e+00 1.257253768013160133e+00
1.109142211229871444e+00 1.384653033233038455e+00
1.970365159847675685e+00 -3.944325146780203739e-01
-2.588876440393642064e-01 1.493635606637594648e+00
-1.348072638642466625e+00 -7.178783858114978766e-01
-1.674874080967496126e-01 2.307477414542379035e-01
3.659549187681591653e-01 7.031488667804933756e-01
1.092141647760354939e+00 -1.186787767391302317e+00
-7.861708061966057870e-02 1.582867646499811931e+00
1.024968748037218047e+00 1.053550343910876208e+00
-8.352480024992301466e-01 -2.090169374146471637e-01
1.450470646484481207e+00 -8.207379827010127249e-01
1.128342696634011988e+00 5.779448596260990945e-01
2.501627872746996495e-01 1.319238206773428734e-01
6.767368281892394144e-01 -4.157690608944418775e-01
1.513079157802569297e-01 5.654408358032814164e-01
-6.304968715961759562e-01 1.673610195209171536e+00
-8.267274767182055673e-01 9.977814954502002287e-01
1.188561765902383272e+00 -2.319118907877638414e+00
-2.405873725648785544e-02 -7.937289973188776937e-01
4.039534665303861072e-01 -2.173929776504656797e+00
6.625643970096034563e-01 -7.080163924878607462e-01
-9.547244391094177329e-01 -6.865907523477970953e-02
-1.607592740716195623e+00 9.648054956667103665e-01
2.976401926259174546e-01 -5.348651846648415642e-01
7.715542180523832227e-01 5.194527969740667661e-01
-8.426776246805158799e-01 -1.611272104394654958e+00
-1.040793893392367275e+00 -2.310556029517929044e+00
