8.186173489682116999e-01 -3.069658046510255756e-01
-9.499585799477346937e-01 1.055468513329004709e+00
-3.930751168328373846e-02 6.215127910971323111e-01
1.169918649346647355e+00 2.788882783214727268e-01
-2.256777843298225228e-01 -4.225439534587617785e-01
-9.668285101777989166e-01 9.604655585245430727e-01
6.820674901161284387e-01 -2.770157558129988651e-01
-5.784917588647762177e-01 -5.020323460413330663e-01
-1.092741552842178443e+00 -5.405378914083409647e-01
-1.151269845047412366e+00 -4.772271073429398269e-01
3.190527775875930394e-01 1.319250491521765101e+00
1.979077219082425954e+00 4.935514536469273184e-01
-9.613216276088722978e-01 4.604194516882814114e-01
1.492811720797488473e+00 -8.139224111776327542e-01
-1.393388982029888368e+00 2.497198671906825651e-01
-1.832788534437924388e-01 1.264693495787075461e+00
9.813703961225812566e-01 -8.892458903862626718e-01
-9.562663834042316457e-01 1.901126085542996780e+00
4.542979830932615259e-01 -6.974843463387179199e-01
4.025604047391904694e-01 3.540179368648891933e-01
-3.447036083493464353e-01 -8.905394315064976141e-01
1.684604791634334742e+00 -2.989336365298074227e-01
-3.386331981719259421e-01 -6.273011070986493631e-02
1.440727773305417125e+00 1.399291574450820252e-01
8.892400468345224018e-01 -7.306929060078819482e-01
-9.682590386040971220e-01 -1.841733141739773316e+00
-1.914039545933108877e-01 -1.185116749069851760e+00
-1.096921430884749971e-01 5.160445303357644731e-01
3.495221866900579677e-01 1.527841410945864342e-01
-1.204987335995030939e+00 6.143962334677137704e-01
2.233231680627240645e-01 -8.443462054768908764e-01
-5.024458411873958807e-01 2.075520766693474073e+00
1.387114909221214276e+00 3.831804661816607949e-01
-2.135240940440887858e+00 -7.300786391716298507e-01
3.667389839276930571e-03 9.716793526931244429e-01
2.196761788260930270e+00 -1.064120532087178717e+00
6.802777945803347714e-01 -1.072751329812872800e+00
9.460353759147500929e-02 -4.604858285758233194e-01
2.640829627422322523e-01 7.274648096884931414e-01
-1.587439021221835889e+00 7.212172164293174925e-02
7.855397895545598308e-01 1.753473672273706319e+00
-5.358872725779662482e-04 -4.800463365640980085e-01
4.435894058439386334e-01 1.312723736303966771e-02
2.393550255410238137e+00 7.541215720016509749e-01
7.572340364859472261e-01 -3.382102835589731460e-01
1.964488670105627000e+00 -1.433773003448006733e-01
2.690203706874573775e-01 6.242116425564873117e-01
8.484533142959927998e-01 -3.401629975059136668e-01
-1.148183755124486533e-01 -1.199198366543815286e+00
-1.576542867028318806e+00 -6.031314616264038531e-01
-6.998157861022367143e-01 1.418301046034104118e+00
1.192626997860511517e+00 1.928707848800031710e-01
-4.072182429816516569e-01 2.204596598406612096e-01
1.647392720229002849e-01 6.943138763049168105e-01
5.028162772351535414e-01 -9.681727719512485120e-01
-6.043709594640400695e-01 -1.074476108782405209e-01
