-1.275354117333889592e+00 -1.846968320755747017e+00
2.364364060973877635e+00 9.737417965444529200e-01
-1.305060853425064726e+00 7.023703413447988098e-01
3.147985982888507062e-01 -1.678147187127121187e+00
2.497489576873660688e+00 -1.133166893120698404e+00
-5.515242867208419719e-01 5.012354427108484112e-01
1.596726995710092467e+00 -1.533863738515694741e-01
-3.769064553946088192e-01 -2.743171070966539671e-01
5.519218407977760643e-01 7.317647285956896397e-02
-8.526597897296953610e-01 -1.818867004473659232e+00
-3.669396918548373764e-03 -1.691975008743142883e+00
-1.411518526770279003e+00 8.268039389238796000e-01
-9.585125992000069761e-01 3.380638287730773905e-01
-8.639783087944250539e-01 -1.956527279280829479e+00
-1.170506692671588578e+00 4.551547384831496346e-01
-6.486336489588159226e-01 -9.991325084658031486e-01
-6.885619405802321236e-01 1.088335042016041143e+00
-8.203207191309934698e-01 -1.940116950226767611e-01
3.924827380956846801e-01 -6.249940550502325332e-01
6.697158993768425050e-01 -6.227371167697897114e-01
-1.731293500677416886e-01 -6.374001359452873272e-01
2.090077572644823967e+00 -9.844013478967584829e-01
-5.186657588533023500e-01 3.067229553756373739e-01
-1.056923329069635875e-01 -3.891439001571054268e-01
-4.254144911857514755e-01 -5.247723238318134920e-01
-1.832705959547359931e-01 -1.602249444486521845e+00
-6.036931604331144952e-01 -5.408802234516539575e-02
-1.800948435244738299e-01 2.510381154443485641e-01
-6.159713787945447772e-01 -2.853119635280816357e-01
-1.976756879671861089e+00 2.489745454620190257e-01
3.036174462195143087e-01 1.582032118342180937e-01
5.911630329136163126e-02 -4.405972880023368843e-01
3.930013884069188390e-01 8.678360243570134580e-01
-6.795188027891277960e-01 1.015412718916642643e+00
-1.450909663096260793e+00 -6.870118806269669420e-01
-9.052126359565593194e-03 -7.032477000142591805e-01
-4.975903184092450582e-01 -3.881491536265416209e-01
-9.000820647519096329e-02 -8.558178011920328232e-02
-6.039148932647555590e-01 -7.503534825688824572e-01
9.128582178906557987e-01 -1.619732857828899419e+00
-1.179636660999899139e-01 2.237759079369590509e+00
-3.074154027980548487e-01 1.760269538599845418e-01
-5.586925879266646522e-01 -8.700440206736830273e-01
-6.943189155487524689e-01 1.139599029023136589e+00
1.215762962362649663e-01 3.454442589182261936e-02
-4.803442845097666836e-01 -1.076714191124362952e+00
-1.119386993879239789e+00 8.313328684326724005e-01
-1.248468179497086300e-01 -1.330630524413732196e+00
3.549703080090025886e-01 -1.124798787387941923e+00
-1.252198705061645656e+00 2.981536435618109548e-01
-1.768321754138838520e+00 1.188738681558793447e-01
-2.415357976746261848e-01 -6.794160996617014392e-02
-3.480571626266800722e-01 -1.296123005972429576e+00
-5.271798240402696401e-01 2.000907536061472758e+00
2.474731379284098032e-01 1.262947715753907296e+00
-5.131801101668675980e-01 1.259574774685753018e-01
