-9.987842062349638894e-01 3.339171261539901070e-01
5.726482378947156393e-01 -7.354726175427014345e-01
1.066386571852837722e-01 -4.340157063352436673e-01
-2.361320929286550019e-01 -1.193177203244362300e-01
-6.563906956718158492e-01 1.540143616887802658e+00
-1.294323747505109756e-01 -2.028627889531678941e-01
2.232450794591503418e-01 6.366931274563575327e-01
-1.158557198667042432e+00 7.006564644910765471e-01
1.500138740640163393e+00 8.850007708584689547e-01
-1.026195420488523330e-01 -4.733082074191427568e-01
9.163590679519194593e-01 -1.963449151833736028e-01
7.864948323661371532e-01 -4.242242362474991646e-01
4.202765030088104203e-01 7.891392917940049934e-01
-3.459602019851117927e-01 -9.117746554857372177e-01
-5.935600224632216204e-02 -4.395523943200180805e-01
7.470993296803393191e-01 6.021335689434764715e-01
-9.614587239548387163e-03 -1.504009436047078208e-01
-7.996358179479590156e-01 1.250102133252724901e+00
2.103626002951211937e+00 1.360048681795258674e-01
1.082616091997551377e+00 -2.227313366051368038e-01
1.033854753450545783e+00 4.118349380686874284e-01
-8.692989856502334467e-01 3.396287741390040527e-01
1.726461901187286818e+00 -6.714540058541151879e-01
-6.767825653342100789e-02 -6.736025488608341494e-01
2.913265665254631820e-01 1.518159423139467057e+00
2.177162758045335378e-01 -5.409629582843442641e-01
-7.786825525555869376e-01 -9.556539195849983459e-01
-3.406237183513973754e-01 -4.240651836359575766e-01
-1.223153874703656996e+00 1.385934921869856673e+00
4.155076039232536989e-01 2.223417012283605276e-01
-1.131824657572338522e+00 3.315937084514699040e-01
1.449132716057701886e+00 -1.293666602066202209e+00
1.184865166033318262e+00 -1.032517494942400527e+00
-5.319054835174577001e-01 1.349070234467855789e+00
-1.677166200148002106e+00 -1.085821214552167957e+00
-2.337550968336063573e+00 2.048312343923090140e+00
1.893402518501696941e+00 7.112739875331939299e-01
2.557882976590524216e-01 -5.656165651539608874e-02
-5.228095381195302371e-01 -6.795995096227318288e-02
6.495029529790170564e-01 -4.152975682161656468e-01
5.596642893830853227e-01 -1.077848909177789194e+00
-5.353011354457995474e-02 8.238618795473745537e-02
2.430192155100601714e-01 -5.194654479601134023e-01
1.582682692864750384e+00 -1.387561117268814592e-01
1.202602115189095322e+00 -1.495714431099930852e+00
1.358085938553018623e-01 -6.262800617313832308e-02
-2.716848790500003830e+00 -5.244673300542553873e-01
-8.794384806813517752e-01 9.787242536272335869e-01
-3.607986345169112985e-01 -3.645127017480842002e-01
-6.179481678713362180e-01 7.327821527710405292e-01
-5.677480550499233170e-01 7.295957455419893600e-02
6.801805501638771290e-01 5.202003140789570601e-01
1.013444637559174577e+00 5.069074345392008407e-01
-6.995395845994316630e-01 -4.981772415284905775e-01
-8.163962305577614487e-01 -3.521149572361620961e-01
-8.267773419314710104e-01 -4.679964324228366723e-01
