3.252527706875691926e-01 -4.362345035595138198e-01
1.615226915254141860e+00 7.249805934123341178e-01
5.923582923016351698e-02 9.542372314103755304e-01
1.004371659727635979e+00 -2.467003140260955463e-01
-1.335680866258529775e+00 -3.903782284332033559e-01
-4.503943104383205664e-01 3.177183195765034274e-01
2.254667741112518775e-01 -1.563462637161729951e-01
1.004060205566090630e-01 -4.842619446231451359e-03
-3.928659124028884286e-01 2.186594234814319138e-01
-7.572084269051545524e-01 -3.159209666154039198e-01
5.838525541874699520e-01 1.334598182334227445e+00
-2.163348913168783583e-01 1.077636500910866962e-01
5.655034206890507259e-02 1.657419308968496319e+00
-7.660975912375732610e-01 2.229801157076744533e-01
1.115417547659510067e+00 -9.549637220347565458e-01
1.166633630954109879e+00 8.521437271736064245e-01
1.477207821095705587e+00 2.391948071284113020e+00
1.007514193007068987e-01 -2.854800439740692752e+00
-1.736492701775144976e-01 1.957462922134215244e+00
-2.160807236582944768e-01 -9.977411681049190850e-01
1.011802477627843588e+00 -4.409598412124265954e-01
-6.975918408022410144e-01 8.481372559435884639e-01
-4.791327606126875027e-01 7.176170818769193049e-01
-5.268094984458704388e-01 2.357546777481359879e+00
1.557091930121935697e+00 -8.561204308240193406e-01
-1.011944600036437825e+00 -3.581772571742981026e-01
6.184527736021926403e-01 -1.202856865259729346e-01
-9.561833194886104614e-01 -1.202053952468130626e+00
1.824995613956026472e-03 1.170739821107935841e+00
-1.395538014940133076e+00 6.762120078485156505e-01
7.679915332839095665e-01 4.317977806477856784e-01
-2.597618623221569778e-01 -3.454299149162397553e-01
2.102391307095923811e-01 9.959373053016259969e-02
1.157376174912908340e+00 -1.358291727257053383e+00
-8.659108825854889835e-01 -1.141273197070732826e+00
5.570907887172734663e-01 -1.039677134498424360e+00
-1.580983118218789674e+00 2.620438195068883758e+00
5.842664548722512619e-01 -1.348930646423303292e+00
-4.027610847450127096e-01 -1.839409307158253737e-01
-1.356778123933793934e+00 -1.564793573672477844e+00
1.746274138690158684e-01 8.747117292845687508e-01
-2.246458377380710081e-01 -3.166161139484805487e-01
-2.317519217282036637e-02 5.008820376418763320e-01
3.608451952994629064e-01 5.517432133077965206e-01
-1.399400495543692724e+00 4.532867723528115067e-01
-2.802905007947638083e-01 -3.365759619133815161e-01
-8.926946052677094956e-01 3.475862303093975592e-01
-8.795426516408785256e-01 7.004642188974633532e-01
-3.376928676160141363e-01 7.385672083536671817e-01
2.504210209794029751e+00 -1.231545670891714822e-01
-3.513211420386987971e-01 7.184607403170473194e-01
-1.166480220514051425e+00 -8.267006665024578815e-01
1.246920867356621665e+00 1.389457834137909353e+00
-5.515392047965903544e-01 1.585862653929420718e+00
-6.578326198120786339e-01 -1.505369709959421820e-01
-6.205308089756179646e-01 1.242492575578080016e+00
