-1.297298865748572338e-01 -9.819888637765695760e-01
8.824995488282717515e-01 -2.265095120605401302e+00
2.061339511627631627e+00 -3.681837668930224017e-01
1.029267223587133850e+00 8.243173498664235765e-01
1.872173394668064372e-01 -9.025589876818882473e-01
-4.284775798796274654e-02 -3.816822165928205474e-02
5.836538599668605887e-01 6.030803112328163573e-01
-1.391197018525862639e+00 1.208232422427016228e+00
1.125759534527802419e+00 2.287490619882169562e-01
8.212816058770840977e-01 7.488143517161264251e-01
-1.012770493121220694e+00 1.286642577918003960e+00
2.506176725242129089e-01 -6.245805662063964592e-01
-6.022458863478036273e-01 4.492311919547136712e-01
2.440572463052180230e-01 -5.141996767537564406e-01
3.192023723940158320e+00 -1.157291181147929393e+00
6.503025450215983438e-01 -2.126323701860525495e-01
1.745659008580142446e+00 1.127379083924094083e-01
9.437734586654915325e-02 -2.850470240931036736e-01
5.030929534166057593e-01 -8.501774571416533810e-01
6.715187517656133753e-01 -6.516789490502047366e-01
-9.555131939734777813e-01 3.252341639632370107e-01
1.949858701608770117e-01 6.133373978274394567e-01
-2.577533019174559903e-01 1.556561665575936226e-01
-1.022937279625808910e-01 -1.188001479223410151e+00
7.341779260515525207e-01 2.388277318196591059e-01
7.089745094628824296e-01 1.121596932264906643e+00
3.066037120217862330e-02 -1.101640729111571959e+00
-1.385811787661078986e-01 -1.601727801597020995e-01
5.003676435046887638e-01 8.437402659342861655e-02
1.398741174723270309e+00 -3.819416889414357086e-01
2.023411271412592083e-01 4.508820606406600540e-01
-2.409603188655563555e-01 4.341718768158846498e-01
-1.937261198488040570e-01 -1.011784358413973184e+00
-4.509426778553007886e-01 -3.890468261201869282e-01
1.573760056000333973e+00 1.903437752770193336e+00
-4.191824169761412117e-02 5.185058748100314086e-01
2.504447383975840768e-01 -8.981764376255594318e-01
6.392938473947860911e-02 1.493929296543084373e+00
-2.026557239873347793e+00 -7.038490673583797097e-01
1.386877993982334134e+00 -5.375990762314094562e-01
4.299553176484804395e-01 2.292841107709058524e-01
6.614005443966242126e-01 7.687191155643127161e-01
1.209820470568478967e-01 8.171955892926205389e-02
-1.470124153855396854e+00 6.803890573730710933e-01
-2.151415193846524243e-01 -7.272497212272485134e-01
1.677665046568920237e+00 -1.285306273292128321e+00
1.525713423175770300e+00 -3.619746488080104463e-01
-1.045759663113901450e+00 -1.761677315013522094e+00
-3.567659206689692275e-01 1.739360294059805412e+00
-1.357263918079368636e+00 -4.282680637910806221e-01
3.894429711045085951e-01 -6.166562621355682616e-03
-8.747051262534270011e-01 -1.020150941481456019e+00
4.986811672337525536e-01 -3.995340625558848613e-01
1.186230234272194206e+00 -1.806966829131983365e+00
-1.568369433152676518e-01 3.932853360380226815e-01
9.743784725449388118e-01 7.429242872742479742e-01
