-1.378870469470687476e+00 4.418486291882257055e-01
9.155939717544260281e-01 7.625123832667198842e-01
5.108702549468663312e-01 -5.217814707768857474e-01
-1.217610946380121906e+00 1.149050902031719529e-01
1.101048788060864370e+00 1.667207868373407731e+00
-8.434612331364922388e-01 -1.096360727639231980e+00
-5.784263961231692619e-01 -9.723656970882056383e-01
1.430603232347603893e+00 1.942962820346347819e+00
2.555787508064548130e-01 1.336754910361087623e-01
8.227507988878112188e-01 4.825763463982098433e-01
-3.493239944544171416e-01 -1.982932966384893803e+00
3.726090111108239511e-01 -4.339229108668054558e-01
-2.614306258688665063e-01 -3.275392791588340735e-01
-1.150592173530411877e+00 2.721762760886129451e-01
-2.427373198988219682e-01 -1.975011548268186479e+00
-3.457723633722366297e-02 7.789936121216423093e-01
-1.779395635410204457e-01 2.031502095486171999e+00
1.251954278961973976e+00 5.336696899573961650e-01
1.802686878794377723e+00 -1.059224889432839989e+00
-8.100876562618927190e-01 -3.196516219840102035e-01
-3.151347454078864407e-01 7.519831841932409500e-01
6.665532348128521134e-01 3.570892300348584847e-01
7.063757434665963730e-01 6.843774300445824021e-01
-2.557942783000748399e-01 -1.639583573963108998e-01
-7.782466938127698963e-01 1.960390354468488638e+00
-1.563584487783855392e+00 -1.679203070769188733e+00
1.459147306922649712e+00 1.182436224408354830e+00
-6.204737519078998842e-01 1.447843278781187459e+00
-8.260198898367036024e-01 -1.393982741285949123e+00
-1.068532830750261287e+00 -1.204070904118813568e+00
-1.102905609322062608e+00 4.553913832665074102e-01
3.923768776821965343e-01 1.867595219643730431e+00
-2.529166605054855022e-01 8.361415604687708059e-02
-1.484062201227107858e+00 1.196818060826605246e+00
1.140963705993823130e+00 -2.040642079233601525e+00
-1.000529245075502560e+00 -2.183509834022645091e+00
-5.919228724578825540e-01 -5.722521258093273833e-01
1.057384794902516356e+00 -1.626100156367185745e+00
4.675528191847977966e-01 1.914475776329988888e+00
2.261072906236954450e-01 1.897251188959661050e-01
-4.512217046267463783e-01 -1.049486783866255157e+00
-7.911097531762086854e-01 -1.310299136862133951e+00
-7.496936831170074311e-02 -7.128715898723495537e-01
-3.351437295957179208e-01 -7.640117327439540640e-01
1.200947633836528361e+00 8.507492642548467598e-01
-6.129848337349012022e-01 1.762506999948786346e+00
7.975411050214176178e-01 2.842726401275170664e-02
-9.460405912556082431e-01 -9.510200142406081136e-01
-6.693394686534704929e-01 -1.073313039432727933e+00
2.260318872920708877e+00 4.932892836637473577e-01
4.248069072638766541e-01 1.004160850633033730e+00
5.536359450061019150e-01 1.905135242721447408e+00
6.871222024795403671e-01 1.202819960273852296e+00
-4.320834599131273546e-01 -6.661355517071291255e-01
1.880317129608659321e-01 -8.841492397507242362e-01
1.010884184187039958e+00 1.849472670184030498e+00
