9.496700748988244623e-02 -7.385316562942459973e-01
-5.889520493899991216e-01 -1.143585431934745156e+00
-8.027361610359362576e-01 -2.736816209231637820e-01
8.401151527858474743e-02 -2.246380172873978509e-01
-2.022769188869076196e+00 -6.889145006426108386e-01
3.618951524411518905e-01 -6.694466447683271593e-01
-4.451805791654950828e-01 1.390051254164850647e+00
-1.732977696045857885e-01 -3.561426194131469547e-01
2.257066506892364544e+00 -4.692064329567087466e-02
1.160650181972257444e+00 -2.453004750242251397e+00
8.606618464698134741e-01 6.217386358408003577e-01
-8.562883850619761317e-01 7.449781263912115259e-01
-1.008016488198682087e-01 -4.189445882133242538e-01
9.021373275678421511e-01 7.119333716460184425e-01
4.076701837608677770e-01 1.373356213722080332e-01
1.456703028385561149e-01 -1.392749676030820005e+00
1.534555443315078482e-01 8.249996528622545178e-01
-4.549638848649427691e-01 2.039591484671622990e+00
-1.216952732363689504e+00 -5.493145893497779486e-01
-1.878503904028100413e+00 -1.743915079762770048e-01
1.248654699596469353e+00 -3.446229530961710807e-01
-1.264522621026201721e+00 1.241164562363434420e+00
-1.115702897409484695e+00 4.469677124630164200e-01
6.483154897082263335e-02 -3.167848149124135038e-01
1.701470787501509763e-01 -7.163056568477199626e-01
6.668364760349900777e-01 -1.232926714910175026e+00
6.830523299302212470e-01 -8.104858101216737554e-01
1.195252413123503721e-01 -3.215573270465788003e-01
-1.974874083814321876e-02 -1.252396792961804728e+00
5.025313638754551615e-01 6.132074284515979246e-01
-1.109459830338243580e-01 -1.336044470712095637e-02
1.247739289460823298e-01 5.412911472119875667e-01
7.540226036399779730e-01 -6.333903282654089473e-02
1.137279033105600412e+00 -3.324191963639998026e-01
1.452682813371274806e+00 1.629681682419584776e+00
1.409065896179547916e+00 6.384008490978111405e-01
-6.381183466983182395e-01 6.675499939584260689e-01
2.415937819075285875e-01 8.426732678599243576e-01
-5.522406507129734576e-01 4.623954258127694339e-01
1.697433519719246942e+00 -3.662918699939197720e-01
-2.045638529670494865e+00 -3.389626848341659726e-01
1.411633477365396683e+00 1.358681514276414593e+00
-2.164632818415102578e-01 2.447743142918582804e-01
5.420844094949420766e-01 4.468423873521126105e-02
-5.398630368386060363e-01 -1.727525999844894207e-04
4.359030230304296594e-01 9.539732977591034446e-01
-4.737599555352155489e-01 4.596358393934589504e-02
3.688243901730692831e-01 -5.875186285753521975e-01
-5.837193314692037394e-01 -4.962216589822441293e-01
-3.597769446084694289e-01 1.489540280411390860e+00
1.296424074079184641e-01 2.489496393330407897e-01
-7.890152271139289075e-01 -3.566726850812242944e-01
1.163979557987556923e+00 2.169082383518625257e+00
5.698193063239842537e-01 -2.167367619394195088e+00
3.659428403787673978e-01 4.804836704666101688e-02
-6.524484056781422181e-01 -1.254321665482649450e+00
