-4.547990489882492438e-01 2.099309494407324728e+00
2.209268898843260998e-01 2.735195793757405069e-01
6.716932664808161757e-03 -1.851657046519185057e+00
-2.961787676959197202e-01 -4.083405811013773312e-01
5.852209294750829738e-01 -6.852058742156934557e-01
-2.383932908809692552e+00 7.984493936935309344e-02
6.769748742208053782e-01 -4.824265962061264484e-02
8.535333680280876578e-01 1.516444334088102586e-01
-9.310827569871250597e-01 1.905918442670891721e+00
1.298814079840834523e+00 1.759941786531847296e-01
2.898468149685989870e-01 2.603208277476487531e-01
-1.608215256977117757e+00 1.229777823413925608e+00
2.089839873215697252e-01 2.017255577390055232e-01
-2.228936890686218364e-01 1.630909596356403313e+00
2.054284611201126209e-01 9.536023998774523225e-01
-5.931960898421336685e-04 1.346726514223535398e+00
-2.848198113549506028e-01 -6.156976614833866573e-02
5.431414004768435611e-01 7.176730526222757645e-01
-3.010863026511563789e-01 3.293373870047975882e-01
-6.459834717863581488e-02 2.582622949601375839e-01
2.413200336277694924e-01 -5.100889451673792374e-01
-9.750769796268516920e-01 1.832896782791984425e+00
8.995303798384741700e-01 1.208490968952372069e-01
-8.084647878407136279e-02 -3.315377985540025052e-01
1.318935493651295365e-01 -1.084661406762756908e+00
2.106142046657892397e+00 1.083301934861832239e+00
2.725173309151255885e-01 1.285805155880730188e+00
-2.874387203701210147e+00 -6.808020977002725814e-03
2.803500102781695813e-01 1.065128138578926020e-01
1.153278175274521367e+00 -8.217352078351733424e-02
-1.284794571396248586e-01 -4.835242196810697335e-01
-1.552533484742059933e-01 8.067965147843059182e-01
1.517787820511921071e+00 4.390230732111530809e-01
-6.884514173492327638e-01 -5.145010538563107305e-01
7.736413018788438345e-01 -1.994213283358136080e+00
5.729074857480951355e-01 -5.122056934913353787e-01
-1.405191575918655733e+00 4.857907443368661426e-01
2.573846002168521108e-01 2.306079498853730869e-01
1.423240121830975813e+00 -3.376547520482069409e-01
-2.596855401821390741e-01 2.175499786424504922e+00
-6.909882365424609985e-01 -8.862823850791384794e-01
8.293901751015012591e-01 -3.179323807555721748e-01
2.100076301901673048e+00 9.119986718111852131e-01
-1.951302608074482747e-01 3.639500083154735277e-01
-6.434292161288853729e-01 2.533449151230430796e-01
4.757073248414577793e-01 -1.492355186493880270e-01
1.285068786863098333e+00 1.487393685798018284e-01
3.814848486361649416e-02 4.514626303209147706e-01
-1.822270263810675583e+00 -1.439047908338562942e-01
3.662205127151614281e-01 -1.709035868918575396e+00
1.110031421240391891e+00 6.333416762746785222e-01
1.929509503781638990e+00 -1.032033819369140015e-01
-1.578259619974349492e+00 -8.245163537164412748e-01
1.538690387405374782e-01 2.153128412770230482e-01
-8.126487690397042885e-01 2.527253770159040291e-01
-2.973337364955145334e-01 -8.248607136806119788e-01
