3.877614503226286535e-01 2.256641540129530110e+00
-2.273893338722500768e-01 -4.725443081517038402e-01
-9.244691451192562637e-01 5.781350718612460193e-01
-7.880760337866191678e-01 -8.368471825350417559e-01
-1.298925125047297457e-01 -7.342503634863384310e-01
2.302665788364758603e-01 8.083664113999580181e-01
6.033067577598059117e-01 1.981439890846577123e+00
-1.068700492667786078e-01 -5.983396122024279284e-01
-2.937130360078359370e-01 1.693471008565521130e+00
-1.641387846203935796e-01 -2.855204335169809204e-01
-8.941004847111688747e-02 -1.828101643482840322e+00
-1.649127509238708100e+00 5.349319947684040288e-01
2.489809846883757893e-01 -2.156108861867118254e+00
2.882107849022876866e-01 -7.286521289604640517e-01
1.165028083383613078e+00 -2.142107343965668834e-02
1.203413810237172060e-01 -1.661178191893322609e+00
-1.112634329597519178e+00 -1.335317791746166050e+00
6.550374353626275958e-02 -5.640060854513410105e-01
1.926445682832398504e-02 8.145130440324321874e-01
-8.122621938423871812e-01 1.452608883034026688e+00
4.220099025478307175e-01 5.054057830293157139e-01
8.688489080810426479e-01 6.231707368175227746e-01
1.024008530213348367e+00 1.042102412325900812e-01
1.184992844142037205e+00 3.411663335538075992e-01
-2.901970344556313641e+00 -1.106164529925563432e-02
1.271198508763087709e+00 7.482475971555202499e-01
-1.447906639582911215e+00 -8.446282037371209972e-01
1.590340107697859606e-01 5.182428160163007336e-01
-9.221216440205096676e-01 -2.447132985806866126e-02
-4.862613592719669531e-01 -4.147477015330762740e-01
7.561352241846422406e-02 -2.891715721085930668e-01
3.928925225798982068e-02 -2.462317980508215431e-01
6.082461961498075720e-01 -6.549921337850105330e-01
-1.583708632405481653e-01 1.065953829948780518e+00
-7.811668381300291841e-01 -2.275698350880049625e-01
7.054987852036366351e-03 1.361854718736725589e+00
1.468048991174515372e-01 1.143154885781251240e+00
3.095539963738767053e+00 1.679880891155421052e+00
9.588603087540045200e-01 1.072561413397146612e+00
5.863859057954838860e-01 1.347201008435182368e-02
-1.386799341083167769e-01 7.650337233897642752e-01
7.668340536365022553e-01 -3.501781573855217156e-01
1.996609741340468480e-01 -6.109691202948489552e-01
-8.362924912904477759e-02 1.609927557453982860e+00
2.549074569991480882e-02 -2.926042223648324669e-01
9.209043626002335614e-01 -7.126333018365641481e-01
-4.231568234792354444e-01 1.288411916066794366e-02
-1.312241017156322798e+00 2.304506412305229457e-01
1.477285381001135267e+00 1.481342314543022676e-01
-2.223701220064584760e-01 2.839821316896784964e+00
9.243071171395522700e-01 1.249389246634504680e+00
1.012610443602938837e+00 -3.124418836501646063e-02
-2.373209269928064080e-01 -9.487902452978576040e-01
1.772393055637801543e-02 1.027116403741972217e+00
-7.477796171073034515e-01 -2.257137473836664743e+00
-1.145140446867578321e+00 2.447874694562578168e-01
