7.366904564630201158e-01 1.330234410493957853e-01
5.033407954525546124e-01 8.493565544237953180e-01
-1.130108460115214930e+00 -1.209860643365973987e+00
-1.539462845524244283e+00 1.741273632133859772e+00
-4.852887183298172924e-01 5.929899565196821154e-01
1.903401911861550611e+00 3.153795745489330060e-01
3.077827855350701025e-01 1.390750547375475765e+00
-4.882367081695056510e-01 -2.428580343153265153e-01
-1.372541954879470172e+00 9.333010558847044669e-01
7.014627143907047335e-01 1.540777620882279875e+00
3.503745086190800384e-01 -9.529171037641021025e-01
-1.243056415627454170e+00 -1.175977368114180743e+00
-1.015749715885731375e+00 2.207036164367602304e-01
1.234145989349696437e+00 2.643241501381959901e-01
4.544572301877132237e-01 -6.637987958005586719e-01
-3.056081500530200556e-01 3.424105702751999991e-01
8.709996903471491428e-03 -3.231401519765281227e-01
3.921454751268532712e-01 9.216597382228820523e-01
-1.667526715785044411e+00 -7.014145328977541283e-01
-2.093446667768200875e+00 5.918253705625687866e-01
-8.956547892673849542e-01 6.042486012967586140e-01
1.268906459197038483e+00 2.241788432264359143e-01
1.136951014235177748e+00 7.324750216250115464e-01
-1.905472302473593116e+00 1.775840361844375770e-01
4.147497106326071825e-01 -1.485513736364264537e-01
7.665071675167022258e-01 -1.203880399127139483e-01
1.054036075910238957e+00 4.657234422296448184e-02
2.965675594153871497e-01 -1.055372655752367050e+00
1.214001161053334110e+00 5.745886424414226035e-01
2.656157903029435219e-01 -8.852610902761157696e-01
-9.099436174701656110e-01 -4.303656963167842853e-01
-8.865608537537930101e-01 -3.355832686192782854e-01
-7.973236837909780661e-01 1.462703240158182316e+00
-6.778242741332394239e-01 4.751512475546930681e-01
1.983313290856708599e+00 -2.975018168901663596e-01
7.548112941916511609e-01 -2.446787838924249503e-01
-1.610312918183592623e-01 1.260085630178467975e+00
5.093099616724398038e-01 1.310102234122826115e+00
1.411826025276782803e-01 -1.309082987541821952e+00
-6.325769461653270032e-01 -2.270308862446271947e-01
1.102288319513603509e+00 -1.431841395589617205e+00
-1.988577987375752532e-01 8.430898844079355303e-01
4.060827528915852414e-01 -4.151627316742279028e-01
6.750908541527502749e-01 3.387099130957640369e-01
6.010373995995799135e-01 -4.243804538064617216e-01
-8.168229066972079178e-01 1.248977986992155786e+00
9.610107893432271453e-01 -1.154496766849848477e+00
-1.270080839912799409e+00 1.143445183981096847e+00
1.077191072406952221e+00 5.272841837458624309e-02
3.501944221858102613e-02 1.438355863762683651e+00
9.370247971095628792e-01 -2.224381201814996933e-02
-1.621547930044080488e-01 -5.742885297583245618e-01
-8.702550914413963445e-01 1.025709419418411539e+00
3.876449859028918143e-01 2.598333808657991018e-01
-2.040832955970525997e-01 1.813209548838120855e-01
6.152641762135658832e-01 -1.155505516504384822e+00
