-6.409511483761082262e-01 1.153731486561501568e-01
1.687690416451317343e-01 -3.164032883601647361e-01
-3.792792965889234258e-02 1.341246788369256038e+00
-5.511191431257338458e-01 -1.260917402037069202e-01
-1.214049705169984117e+00 -1.608606402845563332e+00
1.848600292244097831e+00 -7.325684790671974644e-01
9.028078681599172040e-01 1.322481649225430100e+00
-3.231417726217199887e-02 -1.502383311591284576e+00
-3.232109103431611286e-01 -9.076798596352022575e-01
1.681101004583259728e+00 1.818758221498587346e+00
-1.066190169741104032e+00 8.307497921060699730e-02
-3.774653002190303530e-01 1.976518778487865446e-01
-2.338430558611150345e-01 6.976394578207082420e-01
-7.957360147443435228e-01 -1.162146602880464563e+00
-1.301183515139810121e+00 -6.976518499126997952e-01
-2.061486943861687404e+00 -1.521368630550042900e+00
6.374134723643636313e-01 -1.110144869583740368e+00
-2.544146546675187803e+00 -3.010612779617020673e-01
-8.802088847625624268e-01 1.235394277494102598e-02
4.805290496586426263e-01 5.517452264130687789e-01
1.916530383585353547e+00 3.566248891432378665e-01
-1.501416463441251903e-01 2.618733373360600525e-01
-2.818037814153107612e-01 -1.184676292767412598e+00
1.937866872452894962e-01 -1.014412595254353233e+00
1.975694464851050158e+00 1.175326442443319186e+00
8.312442857793901352e-01 -3.988974873054157433e-01
1.947250704292089463e+00 8.150645428847618224e-01
-2.129564754334647425e+00 -2.531287705576681368e-01
4.902810677123831118e-01 1.631545785706950635e+00
-1.250655698582621433e-01 -2.392401682102629490e+00
-1.171023323972539387e+00 -2.558167849217973355e+00
-1.488684401952551806e+00 -1.216315027452236519e+00
9.764344169163657883e-01 2.780617748412429480e-01
-2.576327075646378528e-01 1.045098229638094844e+00
-6.275787950616604771e-01 1.851920087670396453e-01
2.654796524061226459e-01 1.285508831279318642e-01
4.391858335346697784e-01 -4.379121668421431246e-01
2.800336471078843203e+00 -6.599923990130918128e-01
9.555655518105851121e-01 -6.471383707083795400e-01
1.576981206140028124e+00 -1.927818013557442312e+00
9.791376842193660890e-02 -7.012984054512255705e-02
-3.395213427444828680e-01 -1.207283045510138653e+00
-1.546811784666653478e-01 2.557045546669791114e-01
-1.036937036588882366e+00 -1.771433638072147931e-01
3.982926306210385348e-01 -3.985328323928449823e-01
1.495674140043929679e-01 1.647369235028370626e+00
1.097743667371429366e+00 4.250189825948487710e-01
9.241623372874391978e-03 1.020330872299273078e-01
-1.467081754625938705e+00 7.502496971421044325e-01
-7.029410023028194177e-01 9.019054796596027990e-02
-1.504669324656659687e-02 -3.208796110173993132e-01
7.218365199254973830e-02 4.851591198311919206e-01
-1.834072769880244813e+00 1.097801242595320748e+00
-2.600378570823115854e-01 6.744289230081026432e-01
-1.036736637669572469e-01 7.294270664635202905e-01
2.760496507968992486e-01 -8.053177527448358575e-01
