-2.714433212339643631e-01 7.291493555205922350e-01
-4.285884022576331165e-01 2.692919380547160180e-01
6.466436514229025878e-01 -4.766887942331337613e-01
-4.344151505138587055e-01 7.183669113726292021e-01
-1.528422670980374765e+00 -1.826782097581608921e+00
-8.148655279648302496e-01 9.791293357715080692e-01
2.298520842146899168e-01 2.586583974870995672e-01
1.996352805983146794e+00 -5.232225905222708251e-01
1.896939367685595845e-01 -1.120683025056633086e+00
-6.149833094238811304e-01 -1.233671217370166717e+00
4.970970520293904182e-01 -6.469770689963431076e-01
-1.128283487655388218e+00 -1.284706668089607984e-01
2.444431346649127978e-01 -2.039908463833361996e+00
-4.796860188529073477e-01 -7.751536978187304472e-01
1.102854393713499137e+00 2.687978948611882579e+00
-8.082876535380368876e-01 -3.768967974817445388e-01
-4.627016186067917092e-01 1.613179778471044878e+00
1.093836857084016900e+00 1.432130882662506662e-02
-1.253123327029495915e+00 -6.893802460924585152e-01
4.343410720436413075e-01 7.443410645889210198e-01
2.546746884070127392e-01 1.264817003678286422e+00
8.716682674455236146e-01 -1.511878999398741596e+00
1.795337979404144413e+00 -4.878110814195488198e-01
5.398708897154211872e-01 6.270575876166110119e-01
-1.493791402839213245e-01 -2.199567388512341237e-01
-1.134010716679720449e-01 1.262539892778764272e-01
-1.303081750763601221e+00 -1.738251691607682670e+00
1.163818701138449874e-01 -4.773448676286441983e-01
2.950028775570506800e-01 2.970092881535835172e-01
2.428587414803990097e+00 1.902632163451856429e-01
1.084053383379130819e+00 6.044141485015745996e-01
-3.294652037644932863e-01 -9.506403450324332205e-01
-6.078553275567496333e-02 6.087297721292901365e-01
4.231582909191562436e-01 -6.158541537620425554e-01
-8.442748031988985824e-01 -3.321183673148109805e-01
1.740931168347191194e-01 6.108531101900300381e-02
-2.575463059710650371e-01 -6.931665654771075324e-01
-3.328332373850763637e-01 3.595454712063430591e-01
-5.662170893522113779e-01 -1.782711205461109838e+00
6.174901100251164454e-01 3.768910568714862741e-01
-4.705116317098148038e-01 -2.640509352473534022e-01
-6.957088613172606184e-01 -5.387933227939567526e-01
1.601048298242203183e+00 1.072906251587033788e+00
-6.062865740007264970e-01 -9.927880512276031355e-02
1.164523335193194287e+00 -4.647768016980730610e-01
-8.416910748796776476e-01 -1.549930472745663534e+00
-5.842380639331824499e-01 -8.347619655123856841e-01
-5.989708524801297118e-01 6.392116017638617143e-01
-5.575686378837524382e-01 -7.994997419496470137e-01
-5.559947773606814803e-01 -2.548211981910678769e+00
1.291570456734960626e-01 7.386897141184755045e-01
6.901675831880120793e-01 5.032513047761483921e-02
-7.100579536466588015e-01 -1.045027146419190256e+00
1.697219247358493277e+00 -8.574888258710865463e-01
3.318831965907028114e-01 1.189784450829802553e+00
6.470299370540831818e-01 -9.415731376947704401e-02
