7.279424634466573341e-02 1.313051051097087640e+00
-2.553884574091452642e+00 -1.223086477803205785e+00
1.385726950455239193e+00 1.150496470800084214e+00
-1.020833192625286490e+00 6.680249903722681459e-01
6.662122715467071465e-01 1.387078967064625801e-01
4.349332185291165387e-01 2.427634330925132755e-01
-1.250225391872892722e+00 8.894121272391898314e-01
-4.594691305218949751e-01 2.873489304514242892e-01
-6.207877859349594241e-01 2.297542739136347600e-01
-3.556022378303919651e-01 6.281978193108529451e-01
5.906344992180112552e-02 1.610713833628834024e-01
8.759557457490404486e-01 -6.127164560113813607e-01
-1.790693644293941178e+00 2.351967853634868433e-01
-2.550980494582375524e+00 1.521925004677540183e-03
1.358508227619017461e+00 2.604425025782829972e-01
-3.864691323144417989e-01 -1.662282870890929021e-01
-1.130770538935015335e+00 6.021460915985797913e-01
-1.081798886559141026e+00 1.641348838842954905e+00
2.478863688379056018e-01 8.704654871434684971e-01
-2.709971346600171804e-01 4.224653433038544903e-01
1.027608982829371520e+00 -6.023007865786205173e-01
9.790871128340411511e-01 -5.166785366022244030e-01
5.965943913184451608e-01 9.616298632161186521e-01
5.060746896463164113e-01 -1.260722894899125590e-01
3.875326041573106117e-01 -6.743889392125899107e-01
9.339184103757935951e-01 -1.218230188089691746e+00
-5.131039828222834220e-01 6.236234449995738949e-01
-6.120172607771633411e-01 -2.010741634871287820e-01
-1.245420932078897813e+00 -1.936333156039344028e-01
-1.492148655293615844e-01 -2.719873243804309393e-01
3.041785322248736767e-01 1.190507835295695704e+00
7.347876551086417463e-01 8.867035658144543919e-02
9.369726339058812581e-01 -6.263106877113035209e-02
3.951450935548772025e-01 1.081485284029229055e+00
3.366180690020127986e-01 6.243599984231729128e-01
6.807859045065363102e-01 1.111469456118489463e+00
-5.871552097108678758e-01 -1.968025938909654937e-01
2.727931321407592868e-01 -4.715876263447340011e-01
2.813448700414601933e-01 2.243736106907838201e-01
-1.386356742653287455e+00 3.837309714999130872e-01
6.858552155023578401e-01 -6.978613740050274572e-01
-4.528066454926823331e-02 7.981038536872302191e-02
-1.961068649085171645e+00 1.020738384033995638e+00
-1.445468666781540623e+00 -1.277326507824557041e-02
1.974007362126126264e+00 3.129720408741404114e+00
-8.199906363548107313e-01 1.756903819577461043e-02
-2.881450994405483912e-01 6.803889780623521844e-02
1.776795229918596841e-01 -6.770192089285664849e-02
-1.118994498430057050e+00 5.607060759205962919e-01
9.938094661462182344e-01 7.151900154168598644e-02
-5.716114934668682368e-01 -1.849022645136799425e-01
-1.726078523259007236e+00 -1.749879098925258558e-01
1.609879629553736313e+00 -3.739711060551288435e-01
-5.283906423974475963e-01 7.166138069911227870e-02
6.036046783754501766e-01 1.035953118536921513e+00
-1.364067551719141957e-01 1.703546465186551728e+00
