2.097491250312260580e-01 -1.664646826545759017e+00
-8.771430126885116918e-01 -7.402557078823980286e-01
-3.624039791108909503e-01 9.444789750671937767e-02
2.897789112286813240e-01 -2.508952613155337671e-02
1.873921417149692514e+00 -9.959260456652202498e-01
-7.990156227731710636e-01 5.074206044033733320e-01
1.243396001845705756e-01 1.153430397581917816e-01
-1.239872527704145799e+00 1.288101596573878904e+00
3.259108093902887693e-01 1.394735816748564339e-01
-2.304776148013214787e-01 -3.947622097209668030e-02
5.667763642601478802e-01 9.541756228746639534e-01
1.051640363064846317e+00 1.048725561427479080e+00
-3.985200885474537991e-01 -7.875490611385913553e-01
1.243249263328386478e+00 -6.000621258367789812e-01
-1.313997517755877142e+00 -2.671539587400793558e-01
-9.558868885421976103e-01 -6.077373703968349528e-01
-6.026912791381062728e-01 -1.038076060886403695e+00
-2.893106305843419213e-01 -1.285201424266980030e+00
6.054760410975829066e-01 -7.875246086994515116e-01
9.424537831413605238e-01 -1.256867241109601852e-01
-1.370088732056707614e-01 5.784144922454529381e-01
8.511770101563539415e-01 5.437353520584319311e-01
5.561680911331317034e-01 -2.087039810882449942e+00
3.368630689950805057e-01 7.182132841925067401e-01
-6.948351637067220476e-01 9.714122137848366645e-01
7.515170780316920984e-01 2.660538223333508423e-01
2.542160946122180576e-01 -7.674844749194082993e-01
1.737629226200011201e-01 -2.126945162383966803e+00
5.829699925519655768e-01 -1.539526112858122575e+00
4.077068421049944158e-01 -2.532594816448655362e+00
-8.535302446684359667e-01 -1.679022513095504321e+00
-6.643079144007056902e-01 1.710060943284910651e-01
2.249990206016090344e-01 -6.197728356892771157e-02
-1.399197368664756080e+00 9.984864586183175295e-01
-6.726668641873466692e-01 1.160625773466993804e+00
1.252751320361552567e+00 -1.268425857291663794e+00
-2.453513939174578884e-01 2.996877971666764284e-01
-4.965810042092302368e-01 1.789539492501800222e+00
-1.970741725617056517e+00 -4.879201320628086536e-01
-1.445764844867889198e-01 1.098104445881043389e+00
1.751306690430233237e-01 1.976200921066479266e+00
5.786697780808731650e-01 -7.323233774738119317e-01
1.253509526762269788e+00 5.231193205543618330e-01
4.478313287236677098e-01 -7.965215594544265976e-01
7.060308534763393151e-01 -7.788411972253525550e-02
-6.736800404671410003e-02 -8.622779451339745993e-01
-2.592023803361793166e-01 1.665665743604310745e+00
-4.872967878271702302e-01 -8.344911071217665510e-01
1.528062625008638487e-01 -9.002500598224741912e-01
2.514302880283829644e+00 -1.568628589394790440e-01
-2.059185965866543455e+00 5.738953784390714574e-01
-5.104168885434235969e-01 1.040356125349172656e+00
1.324977504041693122e+00 -1.618570750192058094e+00
1.911689039627082920e+00 -5.401624621740933607e-01
1.524144192243600537e+00 -1.920259554795514134e+00
4.537076476872961006e-01 1.695531093685167523e+00
