-1.398017628210348029e+00 -3.888150441997185180e-01
8.228336107063495275e-01 4.517247026527425047e-01
-1.633369571057305958e+00 7.394159582442719203e-02
1.478683671694025481e-01 6.392490420869940682e-01
2.380717006653446655e-01 8.550274419421091121e-01
1.124389710636264583e+00 -1.895502460724897364e+00
1.901092937529532456e+00 1.255741529313520566e+00
1.269759150891377031e+00 -1.698486078882293304e+00
-4.501882617331587899e-01 -1.923362354008903763e+00
1.379702868890511747e+00 -1.327142478857962882e+00
-3.376375423875983550e-01 -5.004360832405754245e-01
4.104218069664132829e-01 -1.332732940303216651e+00
-1.813580661328671184e-01 6.003681014840638319e-01
1.258012069779817610e+00 4.661135054576270864e-01
-1.298219686846080689e+00 1.550067172224485867e+00
-8.918544905518782651e-02 1.365014841213861629e+00
1.323872158809905386e+00 1.307080626928063483e+00
-1.616682074712012807e-01 3.315309143915016743e-01
-3.600847887415455917e-01 -1.361062906918538706e+00
1.697404652302994865e+00 3.198849724793353944e-01
4.590641621235819897e-02 1.601550752527122201e-01
1.740157922716149663e+00 -1.011770754611829970e+00
1.029384680642797312e+00 -2.151157381820685832e-01
-5.566862835702564016e-01 6.284968367372200104e-01
1.024438385942389729e-01 -1.351632087460565623e+00
-3.850411794396864096e-01 1.754392702571067053e-01
-4.089156600263377239e-01 6.412854924075764851e-01
-5.533411381773316595e-01 -8.760139535510760855e-02
-7.557355154821089604e-02 -5.356531248922026256e-01
2.525837329384434948e-01 3.945811950123425671e-01
1.641200625686832115e+00 -1.352626637481507132e-01
-7.082557195124929150e-02 -1.748853298693244795e+00
-4.137363466560728953e-01 1.082603739355545880e+00
1.191311886726287517e+00 -1.146339043526560242e-01
-2.322448818656351333e-01 1.002735091276331980e+00
-2.210689681674835594e+00 2.403076152457255671e-02
1.617807088715516484e+00 1.599222800989036353e-01
1.767800139122547298e-01 -2.817647966805878479e-01
5.670463480226375363e-01 5.186654005512387755e-01
2.515023199545973753e-01 2.172560503932000342e-01
-3.437340510501329938e-02 8.348147396469182135e-01
6.826561392678871798e-02 8.490235951284914595e-01
-5.407210344089241616e-01 7.340280098076423787e-01
-1.956712042218581082e+00 9.939650439981777552e-01
2.970068864439836531e-01 -1.923402227277741516e-01
-1.330527259490905771e-02 2.277538936111919821e+00
-5.543699091737273044e-01 -2.760372384048659367e-01
1.288167078230195717e+00 7.761063609036848998e-01
-8.223935659917195329e-01 -5.418904295838250507e-01
3.501355006284695426e-01 -1.068952018139901927e+00
-6.767857135222946630e-01 -3.660995037172046773e-01
-5.223857359523514932e-01 -5.384819368935247486e-01
-2.187147758716446455e-01 -6.921560050279380594e-01
1.046920562551856726e+00 -3.425555557910125448e-01
-1.279313843571490805e+00 -1.154758032780659693e+00
-5.080007681232458910e-02 7.926645427985377079e-01
