4.159619226663133773e-01 2.631970198247439163e-01
2.041032505563113109e+00 8.821338600526181795e-01
-8.062764947793189529e-01 8.074723318771263036e-01
2.118537518360364413e-01 -8.208213423072892034e-01
-1.472287640302053724e+00 -1.003089723553546753e+00
-7.840881726808262009e-01 -6.057261673030167604e-01
1.461663020276706471e+00 -1.581591050159603995e+00
-6.643794399612158452e-01 5.618669645000725632e-01
9.135844256351129955e-01 -2.556266616051455220e-01
7.899937039506346181e-01 9.193400263669257444e-02
-2.058271149271925449e+00 -7.901453956644758359e-01
2.030111274330758331e+00 -1.985256679115500411e+00
-5.048266058638548048e-02 1.346361761517354871e+00
-1.194604631326978028e+00 8.992416803124848590e-01
-1.730436149967732318e+00 -6.475953049547181761e-01
4.858421500300988405e-01 4.819067758486664799e-01
-6.378972231643940116e-01 -9.046962522181564159e-01
-1.987311308731261605e-01 -1.128339952703566684e+00
-1.167107072867655804e+00 -5.463469900165462967e-01
1.105438089701075155e+00 4.890208615176690476e-01
-4.295944954865409116e-02 6.380350628169865201e-01
-4.696752610128081540e-01 -7.482758160601926667e-01
-6.909241909797698700e-01 -8.989903727890511398e-01
-4.024629873051408513e-01 9.585723749346256595e-01
5.404820871112325786e-01 -8.642295346239541320e-01
1.346222958314741147e+00 1.035969339189312333e+00
3.454977104114720365e-01 -2.881062915069598329e+00
6.652295935261818283e-01 3.070227524881131487e+00
4.927896892139651541e-01 -2.473566489987121253e-01
1.474290619336624530e+00 -7.475293573344797826e-01
-1.058697245954614896e+00 6.503869318337415217e-01
-1.293920917457959674e-01 -2.412533226160831767e-01
1.067589830950664842e+00 8.788589363625708417e-01
1.994724847604070428e+00 6.355901748059303302e-02
-3.594216407891007853e-02 -4.831266622353624224e-02
-1.273625560763171238e+00 -2.224793767947002426e-02
7.865489841085209211e-01 8.836921283610462696e-01
-6.879153327513605198e-01 -8.113269014394854928e-01
-1.014857447800231460e+00 -2.034236661422045511e+00
4.911096557429258658e-01 8.569337484395105065e-02
4.519904838472421083e-01 3.327171315683883912e-01
6.034125253344343326e-02 5.328692970056009282e-01
-2.568007441517125011e-01 -2.740274448165605503e-01
3.404817852691962576e-01 -3.449525009098191042e-01
-2.708654828023625005e-01 -3.387289429247319017e+00
-1.740643174015681430e-02 -7.948234873179350624e-01
-6.884037577649890216e-02 -8.026904042397591255e-01
-1.567103447952052642e-01 1.596074834584280788e+00
1.169013949744397873e+00 1.674141020438101313e+00
3.131788165999102591e-01 -1.896003668743698467e-01
3.566200845848572221e-01 1.106496446750132145e+00
-3.892709385565759073e-01 -2.155285899812066308e+00
4.306004049027406522e-01 -4.862236886376707368e-01
-5.396030599110953618e-01 1.044880618591265797e+00
-1.471536082233835918e+00 2.547728911632832549e+00
1.002724486077089860e+00 3.158040493800097770e-01
