9.474503346107305823e-01 7.956542255767268257e-01
1.322691616773362888e+00 -1.323383485657923408e+00
8.453343652305521649e-01 1.288142107465169772e+00
7.481533165890951187e-01 -8.889698259819677206e-01
-6.851674985618068092e-01 -5.229928750050129027e-01
6.963614704566553071e-01 6.915872629248723813e-01
-2.092444785879117752e+00 -4.581951103003683023e-01
-1.038758772804619701e+00 1.781895607418942928e+00
-1.614347519950660947e+00 -8.858741142037432348e-02
-1.770295288084599239e+00 1.338069863299729212e+00
-5.862935954082337808e-01 4.225674693016667760e-01
2.338569688623086229e+00 -7.587167097927957071e-01
1.340375120736822190e+00 -7.928985920404635346e-01
-4.654066378110135321e-02 1.390748934143153266e-02
1.439836900533333575e+00 -3.123652277561363433e-01
7.968416379483753698e-01 5.470840326965094140e-03
1.439617901332300720e+00 6.042456606715899126e-01
1.083495849118284893e+00 -4.068679765373898194e-01
2.116838013076727532e-01 4.754616409442379843e-01
4.124560702003686741e-01 2.402253477221824932e-02
2.888709526929320592e-01 -2.997007757269242734e-01
-1.758659728362154118e+00 7.677286619550086622e-01
5.063182080764297988e-01 8.724268735559136123e-02
-8.315671872880592286e-01 2.721621567059318014e-01
7.860652535428491738e-02 9.797841813111952680e-01
5.331273162102071472e-01 -8.404160226950285750e-01
-1.593669550434422821e-01 -5.048655166902369373e-01
-1.797258795311087454e-01 1.691592880110859731e+00
-3.379507958976437076e-01 -9.245710535280640130e-01
-5.727472213580206972e-01 -4.499622661895529840e-01
1.692536039970394535e-01 6.278187073037917454e-01
5.857957600959989852e-01 4.827339425589842747e-01
5.420418636429498171e-01 9.587356551987370468e-01
1.325638687259924897e-01 -1.584804477337661277e-01
4.983223418937372806e-02 6.286229768989752831e-01
5.364685108874245323e-01 6.003113958463254241e-01
-1.677277631110690448e-01 -7.872878659850781613e-01
-1.725936463114522867e+00 -8.955451376866294666e-01
-1.449271069868053874e-01 1.525365701285884334e+00
3.501198937429040869e-01 1.079136463281708119e-01
-1.762853909667546182e+00 -2.000081421140678550e+00
-1.044483696731264288e+00 -7.036067819930422740e-01
-1.028509112160620464e+00 3.844996404220417663e-01
5.042830497414756419e-01 -1.360073707615193639e-01
-7.686577424612380804e-01 -5.561406423606420901e-01
-6.473047527259653267e-01 8.714305116848869437e-01
-6.234892478993731696e-02 3.853818758745785056e-01
-1.131237248494634667e-01 1.408159321834106414e+00
4.301258047871693857e-01 -2.487140796576446933e-01
-2.154865741996330741e-01 4.757927553116081953e-01
1.641764519038233228e-01 2.889568969328797365e-01
-1.726669476918369917e-01 1.201059290022422399e+00
-2.262750396073258397e-01 -1.555956636744814547e+00
-8.186998352779445431e-01 -1.179864198103884876e+00
6.655412340769649715e-01 -1.844568315556050164e+00
-1.056643633810181671e+00 -7.297191653277381729e-01
