1.132164243951286897e+00 -6.973154172168134490e-01
-6.160053387426571714e-01 -2.497103152189739939e-01
2.958937852613246697e-02 -1.499345729903673874e+00
6.947379971617029248e-01 8.936497599140971193e-01
-8.306016953044987883e-01 7.038724626426322573e-01
-1.013035020906325467e+00 1.209749738221937099e+00
3.755388064349387545e-01 -1.478503945946495257e+00
3.298122640627814128e-01 -1.582379608550659844e+00
-2.867257074448506873e-02 -1.031019329877584934e+00
-3.578951568082109902e-01 9.755637787239972436e-01
1.586620640549751382e+00 -5.627529002031992356e-01
3.495368916995714170e-01 -6.619225913345826440e-01
2.143711831745170882e-01 5.976220818495696641e-01
2.466305666552400661e-02 8.834990086319345348e-01
6.240527349557448700e-01 -1.836984035719599062e-01
-1.119710071068768187e+00 -6.022827368321350683e-01
-3.697999083674455845e-01 -9.021607405345304365e-01
1.414517028902759904e-02 -5.863029166666273717e-01
1.308031171609754795e-01 -6.165094247463523969e-01
3.177260843707283011e-01 -1.065698743551540817e+00
9.643404211187921460e-01 1.377002710429746091e-01
1.195762870794904398e+00 4.906670763295399307e-01
-5.271796133526667205e-01 5.304640878474069510e-01
-1.669367917874613028e+00 -1.056418326170953881e+00
-4.503916503379367525e-02 -1.641521194436650566e+00
-2.043963951291564163e-01 -1.062137031891938616e-01
1.241145744601690692e+00 9.036808219200087589e-02
9.340703049543582770e-01 -2.331149586597212053e-01
-3.987253499338346829e-01 -8.994769587914810405e-01
4.411622885366358604e-01 -8.781504603359355787e-01
4.325116542784258611e-01 2.214578016004299099e-01
-2.233983795558232455e+00 2.508028473249799273e-01
-9.810391803681783873e-02 8.684724387790159206e-01
6.576995787129414905e-01 1.641364082570514693e+00
-2.380543712386977706e-01 -1.122843212878025021e+00
2.082124387435133894e-01 -1.033910035830336360e+00
5.730485417673693016e-01 -3.270483775379757208e-01
1.073872726297535385e+00 -1.443269974726532068e+00
-1.138474130079697721e-01 -7.340835184485222653e-01
-4.902019698733260933e-01 8.957473775736232158e-01
7.982733390754205294e-01 -1.942832839400366329e-01
2.967204165162662388e-01 3.015403229553144104e-01
-3.237133278775859990e-01 1.169261984923370079e+00
9.694089056548027550e-01 -8.080583404121025604e-01
-8.310345015601245944e-01 -1.165591304291110575e+00
4.645315093732845790e-01 -8.085901885924816623e-01
-1.097718649306973049e+00 -3.065529800140354699e-01
3.199521156372771985e-02 -3.477114886927814563e-01
-7.893382520510860978e-01 -3.355658363667261002e-01
1.814093459098670591e+00 -2.320050375129918407e+00
1.622180265342424876e+00 -5.461635048847914842e-01
1.175263512464673615e-01 -2.205594427744486996e+00
-1.916497962521734211e+00 1.870675414526249858e+00
2.199733187057921133e-02 -1.805239312410954922e+00
-6.483875313512366123e-01 1.789304912293656402e+00
-1.131766810397646816e+00 3.320943026935882503e-02
