3.310647311362768241e-01 -1.933277260986524804e-01
5.737237862630079066e-01 1.657250785768179524e+00
9.779433158354211564e-02 3.914407493637456770e-01
3.166683651279945111e-01 1.616642017041262980e+00
7.435084113667270733e-01 1.371568718213169058e+00
1.770814089156912630e+00 -2.301858248019039432e-01
1.390456020990782804e+00 -2.114034861293252909e+00
1.020724617550402114e+00 -9.024025812708593719e-01
-3.520696460631284608e-01 2.352358535343693213e-01
-1.978187358561490916e-01 -5.063027579651407928e-01
1.483194951292175379e+00 -1.490002321810943053e+00
1.521195745125989152e-01 -1.048108776804521497e-01
-1.862132720009348930e+00 2.164847797026054010e+00
-8.777960788044394391e-01 -9.174927139274520194e-01
2.074247361450840266e-01 -1.102981933492268807e+00
-2.856977507260713978e-01 -2.806354225573083339e-01
-6.817312102907729932e-02 7.309382506481093555e-01
1.045499577098444988e+00 -9.271441081135770590e-01
-5.118829988870475800e-01 -8.696436313410469410e-01
-6.953467024772275185e-01 2.372353011833499767e-02
-1.131770369219747607e+00 -5.450500698909961361e-01
-1.947121962992141242e+00 -7.121010316376715776e-01
1.473125195909562812e+00 3.507933790061112944e-01
6.096060960358040681e-01 -9.368648188280019884e-01
-7.288705814072026223e-01 1.471990812109021940e+00
-4.165575645810601912e-01 -8.506508926777297530e-01
-2.870464649577562088e-01 -1.142770566713473990e+00
7.003245916751330569e-01 -1.710542987066264287e+00
-5.022017113605803385e-01 -1.750928977788360319e+00
-3.762460786214258390e-01 1.391403741813798556e+00
-4.379930788403975095e-01 1.399528244506154762e+00
1.741115481860221026e+00 -6.692719492753388399e-01
1.106360541143387444e-01 -1.677511518935552948e+00
-6.663095222602745393e-02 5.827602745508373427e-01
4.235686355443277762e-01 1.757790871229278351e-01
4.641133766605441968e-01 -7.544458305093031392e-01
1.371735569150015710e+00 6.055396180112441185e-01
1.790305512853137548e+00 -2.349862153161976774e-01
3.794598963928417779e-01 -7.519261570364483838e-01
1.705419328178919558e-01 1.053563036572813028e+00
2.025174725211898730e-01 2.448593315276705318e-01
1.236419265825268621e+00 -2.201868592016706927e-01
-4.873363416862888653e-01 -8.151196966313554171e-01
1.275616202008639899e+00 4.206678059672622205e-01
-3.613586113891881779e-01 -5.570880808512649329e-01
1.452112132510988252e+00 4.020365604329848574e-01
9.491613925349239311e-01 -3.526317379975061339e-01
4.299273685663477368e-02 1.964493943738315207e-01
-4.371411581656384771e-01 -7.638834048843177182e-01
3.876245335944803611e-02 1.003988717547034559e+00
-4.399493279306345150e-01 -1.305103169095759574e-01
-1.771491462185708632e-01 1.528420851402674530e-01
-1.076372650844009460e+00 -2.524240211631532116e-01
-2.014550775362415613e-01 4.288350691515372404e-01
4.753031756198287938e-02 1.700546361323967526e+00
1.112470423994539770e+00 -2.059212717006536408e+00
