-1.986561341146184656e+00 1.035751093593488603e+00
1.582238365459862350e-01 3.599559990557233413e-01
-4.994057286824757358e-01 -6.546678891073165474e-01
-6.738812512474487426e-02 -2.001822432510556915e+00
-7.460020482265214969e-01 2.600983629624798454e-01
3.083456506682937803e-01 -3.014145690015227474e-01
1.236655898568588485e+00 5.688901526152148058e-01
1.208234557175674073e+00 1.104119564402856607e-01
-3.790122849333995014e-01 1.159566631115056978e+00
3.762513919088877803e-03 6.364512195791022231e-01
1.493488578760539642e+00 1.046065730295542562e-01
7.937142527333711506e-01 -8.564472696657286777e-02
4.989243110109916612e-01 -1.746453835195790116e+00
1.162103583156696152e+00 3.690713515193863592e-01
1.152749867947753248e-01 2.126327351935872745e-01
1.260768659424942040e-01 -4.650513722450463350e-01
9.844314557620710282e-01 -5.252774129290250782e-01
-6.010210151310666493e-01 7.642509959384922169e-01
-1.441893916900285344e+00 4.251699354238633877e-01
8.033831064454363124e-01 4.505887102331081473e-01
-1.066172724969458585e+00 -9.199877672489753522e-01
-9.891970320636901404e-01 3.361190751199697457e-01
-2.903794515090624140e-01 5.426917645223165998e-01
2.004034368657049148e-01 9.057927463445351046e-01
1.243716354613428665e+00 -3.901767358614023906e-01
-1.749060913052750965e-01 4.846359765177103984e-01
2.739941630381085291e-01 -1.858501042018155802e+00
-5.974559907684274807e-01 1.019257924367348522e+00
-2.086698939794612573e-01 -1.293659818870519951e+00
-1.842342015827496959e-01 3.192470168074890702e-01
7.360373295979092401e-01 1.525294612333362387e+00
3.250210389732250960e-01 4.939823280370665426e-01
-3.870863631865295584e-01 3.137187797261533628e-01
9.567954646404553953e-01 -1.084862465144663252e-01
-1.903537512009128574e-01 1.321866171891705743e+00
3.400506394656696019e-01 2.057053220984319974e+00
-1.638305203727717096e-01 3.094909535162927369e-02
1.511258781795628281e-01 1.351858076611106296e-01
-4.155117578314063143e-02 1.175985262276213472e+00
2.458062084207496001e-01 6.813440777983323926e-01
-5.207728779365301541e-01 7.449042799374355761e-02
-1.423039340075316517e+00 3.487826954471574536e-01
-3.881716123124799300e-01 1.573150780696777329e-01
1.079825014983063047e+00 -5.320956231747685505e-01
1.062962404096067459e+00 -1.014546022446082718e+00
8.123551551959431460e-01 2.350466780204582828e-01
2.747040954707383742e-01 -3.461012156130910400e-01
3.793029425774107066e-01 1.282891407644104476e-01
1.673254289244366921e+00 -7.695133391952806434e-01
9.498319706612683433e-01 -2.159715485784374778e+00
-1.506664210655665581e+00 -7.956586162471211976e-01
-3.589013563585642386e-01 9.432551129228429199e-01
-1.514050022519410673e-03 1.891678102773209080e-01
8.478651403248700369e-01 5.879745373398731489e-01
9.008673985623473213e-01 6.209238576612647886e-01
4.611106149522623543e-01 -3.464365388966673953e-02
