1.412017895541134660e+00 1.400397143110045040e+00
4.110478681920100019e-01 7.672366766534608473e-01
-1.470937806312982765e+00 8.014341027213572888e-01
2.605139241034620801e-01 -1.525039362768842111e+00
4.817373777170885218e-01 9.995437343409061537e-01
1.579582193049449579e+00 -2.313801177895899452e-01
-3.005553789752025695e-01 1.107985467221162645e+00
-1.119614363980667937e+00 -1.852210109480294076e+00
1.111746800178659011e+00 1.510392171806543837e-01
1.834056267550558283e+00 1.970342445501155337e-01
-8.487561147815630980e-01 -2.479811648295950022e+00
2.014278258910780828e+00 -3.353588189594970403e-01
5.756475606108463206e-01 8.698314338471613283e-01
-1.046961464407996312e+00 -4.784356353073430101e-01
-2.961839300284117571e-01 1.121006250323844933e+00
3.609100295206291165e-01 -2.359859158386317102e+00
-4.451681817190735746e-01 -7.060989094927583309e-01
3.139553388476602480e-01 -4.198323339585408043e-01
8.364713204108826794e-01 -7.713318461822366023e-02
2.508089935124335756e+00 7.749889869649978502e-01
-1.186253954648744280e+00 2.235651078620741306e+00
3.169574758720100083e-01 2.141832771487818476e+00
4.248981424616274927e-01 -4.551843495045308496e-01
6.824378749397180810e-01 -3.711131232848826622e-01
-1.106738772541149496e+00 -5.861533440779598259e-01
7.633937536827574144e-01 -1.307983045005753353e-01
1.043843474259245285e+00 -2.601424094441752780e-02
6.408902435167994627e-01 4.441353251689251769e-01
3.399824723600084475e-01 -1.675133000540566020e+00
6.897927422890660909e-02 4.628162841951878881e-01
-6.016213684360290949e-03 -1.194331499268195929e+00
7.351329534194588067e-02 -8.152733193999466277e-01
9.906906058241167212e-01 4.710198011931171491e-02
-2.110945384606137676e-01 1.219681490612145369e+00
-1.437429205262180432e+00 -8.170451472308847274e-01
-1.375480468074122553e-01 -1.147067604008952690e+00
-2.969358774527136591e-01 -2.376778830471850956e-01
-1.890716240905741252e-01 -5.888529076642018412e-01
1.143440947489736015e+00 9.633349652130982280e-03
-2.674963212010099678e-01 4.443812753835403861e-01
-9.535879945512004685e-01 -2.533338843032440835e+00
-6.500180334899903489e-02 -9.821842917682327423e-01
4.929590839217259379e-01 -1.217387860828834656e+00
2.697421292321229291e-01 -6.260946872885522207e-01
-1.005232220440873014e+00 9.640604796740345206e-01
1.519708374352100710e+00 1.047249471096681095e+00
5.806374616418983337e-01 -5.464633982578719351e-01
-1.664526768129164891e+00 1.411874316546213537e+00
-1.354376794287390995e+00 -1.211962978286059922e+00
-1.464938918489294140e-01 -3.934483436639414355e-01
2.708746206944431800e-01 -1.204699857122683432e-01
2.005721152233517698e-02 1.532041806011454899e+00
1.877014172519600566e+00 1.454673225151638327e+00
1.081884060844100048e+00 2.983698093952964037e+00
5.990441369905501467e-01 3.338904779962416081e-01
3.160320527712843219e-01 -6.132572226730523823e-01
