-1.862550097936968019e-01 3.376309882710993304e-01
-1.109274614542050896e+00 -7.378504381180618354e-01
1.414671799336849167e+00 -3.366992712877936444e-01
-9.555763942779723630e-01 1.069433296866121541e+00
-1.035378720749015741e-01 6.764603359515810599e-01
-4.985941817244436969e-01 -1.084181201419560647e+00
-7.523870918061763557e-01 -1.608387085676882045e+00
-1.244778456986493254e+00 1.645627985585648712e-01
-4.243092532896428071e-01 -4.080399376729357264e-01
-8.948182667296742387e-01 5.796694106849750172e-01
4.254508801937223472e-01 -7.327310028242839390e-01
1.162640146417107445e+00 -4.422546234281122257e-01
-1.291016248669161426e+00 4.693299054521323233e-01
2.987723066890746182e-01 1.182130302372860875e+00
-5.658422582913706922e-01 1.923959026119959725e+00
4.594737166433819908e-01 -7.610509124106971113e-01
-1.462882047218496684e+00 7.281031223611827974e-01
-2.029853581949924823e+00 -7.877176662257060480e-01
2.048915276856921874e+00 -5.026192081466217543e-01
5.836308574283690653e-01 -6.168055297630349321e-01
-1.520373206140769984e+00 -1.254470136882690490e+00
7.477568778108646397e-01 -1.260846862295811555e+00
3.360300188333140703e-01 3.234675200986733001e-01
-3.547715667933478700e-01 6.041476517824534431e-01
1.296499741869311606e+00 -2.682835564372598736e-01
-6.970927587831854400e-01 1.796164595364595939e+00
6.486263095587443406e-01 -1.295457442037322382e+00
-2.888192847215337866e-01 9.111734648879824539e-01
-7.622377822715234452e-02 -5.684754390863694384e-01
-1.003553084040716692e-01 1.017198436187363608e+00
-1.781572553623130828e-01 1.178255467174073257e+00
-4.645096548699225170e-01 5.484524357900806280e-01
-1.075247640664549892e-01 8.936057053949695295e-01
1.461556174192074176e+00 1.380206543556494081e+00
6.464668733434963954e-02 6.518091070584883795e-01
1.215288045895503766e+00 1.063035133188820591e+00
-1.127789028719831999e+00 1.632008281733650021e-02
-8.277470048056047025e-01 5.005565464158741040e-01
1.447812202852864494e-01 -6.874112177618124653e-01
-8.440459029343738706e-01 -1.252122911660551452e+00
1.402479237874040496e+00 -9.437409858095581194e-01
-9.473663172297160928e-01 -1.892942195672890626e-01
1.131329207553814636e-01 3.619422052524267630e-01
1.614507119097647880e+00 7.117385347326666833e-01
-1.397439125520390235e-01 6.336944487657840408e-02
1.445697438992705752e+00 7.963983539618928464e-01
-4.794523976275379129e-02 7.068977540442690222e-01
-5.757862487181617528e-01 -8.447806923913220301e-01
-7.073895821261861894e-01 7.824312625645762909e-01
-1.211483276665771269e+00 -1.695031996288190790e+00
4.512102439321585279e-01 -3.562669776959770038e-03
1.448555550146121140e+00 6.614384455564312759e-01
-1.033451033484142911e+00 -4.112663888864271367e-01
1.175315100698866022e+00 1.050080435925428102e+00
1.938637543888283854e-01 -3.820726220557884023e-01
-7.065230244965636786e-01 1.541358285211405388e+00
