1.375397383229027604e+00 -3.576470669994768481e-01
3.666139826210819685e-01 -1.102367806966561420e-01
5.743915941571912098e-01 -4.582762656181696426e-01
-8.540514260386142809e-01 -3.813203760349202498e-01
1.238819090946456924e+00 -8.212111359550400280e-01
-1.154321639105059250e+00 5.242390829028281685e-01
7.501036299778139904e-01 -3.479289096817865246e-01
2.151756328034442944e+00 7.635991791506487048e-02
1.154937476194223933e+00 1.561484379290215552e-01
2.230742146607484627e-02 1.405520350249825245e+00
-1.142295016364217042e-01 1.125434565184243452e-01
-2.346602016628905663e+00 5.173369148719687560e-01
-9.801030987621440760e-01 5.121942046151226613e-01
-1.326811637860250803e+00 -5.645386692537259776e-01
2.946197841752034099e-02 4.753262133192178718e-01
-8.449336327295138560e-02 8.524596620296248650e-01
-1.290998571255872474e+00 -8.060404622513809292e-01
5.385057887517558789e-02 3.623062486788881098e-01
1.839999922323853010e+00 -8.789769700929485341e-02
8.560689431199929034e-02 -1.049915977847431098e-01
-4.182264372175611422e-01 2.477343602415732482e-01
2.323493902104981856e+00 8.128288378060374297e-01
3.615871094714014911e-01 3.356559461761908780e-01
1.447156307146042209e-01 6.952979986341677465e-01
7.386880132682452360e-02 -8.420018631767487438e-01
-9.594833001917921766e-01 4.068748307147208171e-02
-1.421226442141960977e-01 -1.405346031730823508e+00
3.664687245632980428e-02 -1.462962440517410423e+00
-1.222844986607272810e+00 2.192008773001624666e-01
-3.206284173334489895e-01 1.098308793545408557e+00
-6.614427072086611625e-01 -1.117708324830008371e+00
-5.200327864122746835e-01 1.364280736674664540e-01
6.172923909902051642e-01 -7.716271534688248224e-01
-1.023134690233167970e-01 -2.322778828582514610e+00
2.494332006932212131e+00 1.518902769361266447e+00
1.352670745343700576e+00 2.269341775754737667e-01
-1.408708406539666447e+00 -7.572638735759810169e-01
9.919484936557743104e-01 -4.257814335226488001e-01
1.363141036219424285e+00 -1.400931829590064570e+00
6.392069585988444658e-01 -1.091767908536259046e+00
-1.165105547952939302e+00 -1.429348509390642619e+00
-1.927469821903023683e-01 -4.279985431354567105e-01
6.147948310631702329e-01 1.027641619834462894e+00
-2.685742354751072369e+00 3.037270130928902412e-01
-2.292232593371899441e+00 -3.571412911389222344e-01
1.105100011806571692e+00 -5.355163549178089122e-01
7.410447571441842740e-01 2.135935989105995636e-02
-2.420838602091807470e-02 7.276048241275717698e-02
-1.464021827157463651e+00 9.105709971388579183e-01
-1.095838339350698742e+00 5.242162474485775325e-01
6.095464303684634544e-01 2.495612786291335483e-01
-1.400326347709438535e+00 1.081447737647380336e+00
-1.238757495362348360e+00 -2.916347309649456876e-01
-1.364900530013884339e+00 -3.922367696267272108e-01
-1.449416736347007850e-01 -8.834430059553656234e-01
-2.485046627989823120e-01 4.566121836047351557e-02
