-8.000862122502014895e-01 -1.343625969430790379e+00
-2.996692909093068291e-01 2.871198478195361448e-01
-6.445484756487943612e-01 8.956738693359778125e-03
-8.595498193681343491e-01 1.641641439002788916e+00
3.466801011140850375e-01 -3.778849506488453636e-01
-7.772932559769554217e-01 6.061059222457524376e-01
-5.057559952878821763e-01 -1.750147040640696317e-01
-1.643903834404770049e-03 8.446017881294234364e-01
1.345593833554646679e+00 7.540151146680759142e-01
-4.283371571689656987e-01 4.397810672700853685e-01
-2.114744223434542325e-01 -5.532504938966368302e-01
8.698988104493072804e-01 1.928140237558590098e+00
-1.602164895623027663e+00 -4.391775541364641849e-02
-1.816145449343843810e+00 2.585593501750012568e-01
8.608446905081952594e-02 2.989381925309880783e-01
6.014742060366899956e-01 -3.948864023174393778e-01
-3.928852544661397550e-01 -6.712719401550214515e-01
-2.349460690571794075e-01 -1.147908096460670269e+00
5.966602446711993801e-01 -1.825474105672497238e+00
-1.423316381919349061e+00 9.338789033491172731e-01
1.912613330878057072e+00 4.748883531917962308e-01
-7.164057757547895866e-01 1.576041431420065253e+00
-6.427659938383643023e-01 -2.339019152440041438e+00
2.535368513764689746e-01 -5.656502636075299434e-02
-1.430628642426552688e-01 1.234951586929027734e+00
-7.693299992622076866e-01 -4.113258570326169261e-01
5.459526213761917157e-01 2.630799274389965525e-01
3.727916080271715393e-01 -1.626076462931944855e+00
8.421917017822718732e-01 -2.870847845322140324e-01
2.003736646152862289e+00 5.871591782835827722e-01
1.165279584240619837e+00 -6.834483565767497382e-01
4.675640523814716953e-01 8.339239698953536672e-01
-5.252923717182630403e-01 1.091843558357314503e+00
2.728235973496021538e-01 3.306743404196239022e-01
-5.635104076149424213e-01 7.433409854394425198e-02
2.177443619042466472e-01 1.703165131317746939e+00
-1.595967114788770846e+00 -2.373368454912240522e-01
-3.423729694703812887e-02 8.671380152563847865e-01
-3.081040897096666842e-01 1.047533302154758594e+00
-8.834103823326094895e-01 3.660824995239317370e-02
1.488936159467046383e-01 4.410439813718714519e-01
4.930619399333339703e-01 -9.720889954274918310e-01
9.813148241375940772e-01 6.302899910757480129e-01
-1.789805789058463104e+00 -4.323441634157339508e-01
2.317985396815853250e+00 1.098459328988844019e+00
-9.338485980530639718e-01 -3.806550094674365226e-01
-1.229813634763303520e+00 1.200148478842819832e+00
-1.025013872029536754e+00 -3.045007352563626202e-01
-6.733077306526753514e-01 -7.609503147949736590e-01
-4.481766081111666633e-01 -5.501777548823547637e-01
1.959990277722792218e+00 1.600028368638297893e+00
2.234220644287768565e+00 1.356577445716393493e+00
-8.460146499773375517e-01 1.876223330732905772e-02
-1.242780341931026128e-01 -5.575121161928690006e-01
8.324681908665272634e-02 1.679313903972106531e-02
-1.261517461290927677e+00 1.135738870601847639e+00
