2.417721749456834823e-01 -8.300698394248962053e-01
-4.399631290573038811e+00 -2.033771612970924625e-01
4.658641316603305271e-01 3.392770902022024249e-01
3.037935432001862002e-01 1.098023952090192878e+00
-3.774189520027383948e-01 9.176574968781869845e-01
4.413332059061488184e-03 2.969529098555637181e-01
3.403305352971660591e-01 4.801497398757537671e-01
1.249910211126816356e-01 1.265188383011577766e+00
1.312417475666957101e+00 -1.264444924238011803e+00
-1.298074642130591649e-01 -1.885890360496826235e+00
-8.723497943137172861e-01 1.650226005067284563e+00
-6.067774464347587271e-01 1.229593906979621759e-01
1.001352058270724155e-01 1.322620230176300371e+00
1.118353457636506620e+00 1.649351222053605515e+00
-3.494621287083725103e-01 5.199666064613093219e-01
1.791360302422903672e+00 3.067590896126267622e-03
-1.374716890370906830e+00 7.999173643099704023e-01
1.471759009244182570e+00 -2.863276924918791155e-01
-1.303412007229159064e+00 6.942997782968511611e-02
2.716170913987008828e-01 -3.590896226893734999e-01
-8.734250004470421880e-01 8.320649294036056576e-01
9.650439026879630289e-01 -5.970337202105892027e-01
4.431787779537703642e-01 -4.778398684088097648e-01
1.858591813005507076e-02 -1.479383207193029071e+00
7.030076789583129537e-01 -8.641898634430927872e-01
3.948803381323446882e-01 -6.279884881961975696e-01
-1.584805518244433609e+00 1.462541390181172074e-01
3.471180825698274020e-01 -9.897407793207232407e-01
2.124248231548438781e+00 7.556908403431105148e-01
7.977104579035604326e-01 -1.251886912135190544e+00
1.847823872202888351e+00 -2.196138191063301201e-02
5.944499420507217691e-01 1.526431349126116388e-01
2.774254247687990560e+00 3.906540386342318150e-01
-8.473745664115782672e-01 7.116789912862534484e-01
-6.787462937603819801e-01 1.499977870469413999e+00
2.429658363127155385e-01 4.668745886691319513e-01
7.073017084975052882e-01 -7.130086917621918374e-01
1.729324463207585760e-01 -5.866640633420071582e-01
-1.409369583683085070e+00 3.412652831540173848e-01
1.599696479773787594e+00 -2.790914942230475135e-02
4.736719591573265165e-01 1.130060280396307570e+00
-9.782445473132937996e-01 -4.991461194311874738e-01
-1.178740130646468709e-01 -2.556402066575286791e-01
-4.747759646595673955e-01 9.129145820699411176e-03
-1.637478678474439953e-01 -4.596067337659479057e-01
-4.954313342734458780e-01 2.633658571498860845e-01
-8.893040412587907007e-01 3.090850777939497251e-01
3.422611829256119037e-02 9.133269137332539200e-01
-6.799060879434660754e-01 -3.016512536805159850e-01
1.624002821465818425e+00 1.938238999635371274e+00
-2.250217652272242796e-01 -1.232748751031849777e+00
4.194707161218201308e-01 2.893880676688508347e-01
9.991317402075778897e-01 1.756519891925762078e+00
-6.412199157938616167e-01 -7.614486017860602196e-01
-1.385939968988137982e+00 -5.525608787066886851e-01
-1.004679291322824186e+00 6.458975953227681366e-01
