-1.284871302296701101e+00 2.473891671893220512e-01
-1.490483478258985306e+00 -3.429036073069192669e-01
1.916616484986716495e-01 1.971517591079088971e+00
2.043241620178977147e+00 1.353747768727221690e+00
-1.034014571831997520e+00 1.148557314943117857e+00
1.836862156773578780e+00 -1.136924474161502996e+00
-5.736639574166840783e-01 5.317493032272562203e-01
3.354783433318210273e-01 7.880480508247756921e-01
1.615732693892343752e+00 1.120296604501486604e+00
-4.096701561096080524e-01 1.226770765166482313e+00
5.543440957199272656e-01 -5.673822238168808596e-01
1.246462304150291356e+00 -5.431113253487080544e-02
1.650707230518628110e+00 1.514081132265347740e-01
7.559944502746176465e-01 1.436150707563252915e+00
-1.495940768902425111e-01 -1.654626287023104547e+00
2.013192576105042597e-01 9.253174110714575129e-02
-5.403377140607603657e-01 -2.091689661663039157e+00
-1.012227123441135079e+00 4.148052643228148373e-01
1.401092735959244218e+00 1.220635267549022185e+00
3.790429680984829242e-01 -1.519570217617192576e+00
1.903202068727229523e+00 1.591844969915043040e-01
4.276434852025600697e-01 -1.003143786763896816e+00
1.448875159324485740e+00 2.923003173509598263e+00
-1.242403586586548342e-01 5.070935430320242659e-02
1.185170727671057467e+00 1.126303000538737310e-02
1.436612895470774642e+00 5.137059819290262785e-01
-1.813807877597570228e-01 -3.881810189483336782e-01
6.469232431727655053e-01 5.283681537517043864e-02
1.083235396446580845e+00 -8.391396337101846292e-01
1.801602300380206190e+00 7.974557634302682496e-01
4.373679350498069912e-02 -9.616850910977150502e-01
6.730691474540143604e-01 7.447433562981331523e-02
-1.268069793603900652e-01 1.539764788397782524e+00
-2.985723352469907277e-01 -3.488480212031389582e-01
1.772861046077392588e+00 -4.975313234672245621e-01
-9.935582392198550883e-01 -1.867831196289740481e+00
1.566214293960235704e+00 2.857800241249634610e+00
6.515990891619775072e-01 -2.280316312285898261e-01
-7.136127428664403860e-01 -5.081340617236967949e-01
-1.091997411653821359e+00 1.862162314583336364e+00
-4.895986914389358069e-01 -5.877669581758269146e-01
1.052952618930757256e-01 1.656866947222534359e+00
-2.918633873386455857e-01 -1.612495224772748648e+00
3.723607806711285440e-01 -1.775076274871331128e+00
1.332846456962046622e+00 6.624568350250810145e-01
-1.355360620667131477e-01 -4.752620090031381972e-01
8.510908896878506269e-01 -1.186204186868723004e-01
-9.196521387407624593e-01 6.184781779306364191e-01
-1.626181382274163312e-01 -3.804139192535216929e-01
4.143836761256207701e-01 -8.298433328174604773e-01
9.447926760291339154e-02 -4.658508209715372939e-01
-9.033258477510063278e-01 2.991587179775460625e-01
1.365654170870373552e+00 -2.252741432527865406e+00
1.907839371471639289e+00 1.408684785688058883e+00
-6.040078378807692827e-01 1.347818122750253256e+00
1.394398804607619224e+00 2.306710330233552764e+00
