-1.203033039291778072e+00 1.338277174831699279e+00
-2.649039826929630026e-01 -4.836638855422214500e-01
5.450654757029782527e-01 7.844044989665832635e-01
-5.761274471561905752e-01 5.975527681954002635e-01
-1.488658941103271349e-01 -1.022240170456382602e+00
6.333477612943272383e-01 -1.807311494026782039e+00
4.451874961900268990e-01 -1.009563702469720381e+00
-5.259238326022892540e-01 6.140899158011917658e-01
-7.847231468547437583e-01 3.250532071934199574e-01
-1.650744725969055304e+00 1.676395513052903574e+00
1.176387511258977780e-01 -8.075075801096526229e-01
5.529867557757452978e-01 -2.983217080490101480e-01
-1.973048898711516341e-01 2.391728212211894355e-01
3.341565697130987611e-01 3.019412344529205927e-01
1.129416650459378335e+00 -1.599262560699656444e+00
3.840913916161880354e-02 -1.407396679116473814e+00
-1.823167068561427628e-01 -6.752845688034293525e-01
3.843888987482133035e-01 7.340297405509252360e-02
-1.322843603448896399e+00 -1.061549445709785822e+00
-3.323038026440998105e-01 8.712914868800477608e-01
8.013215320010379505e-01 3.943911518768802166e-02
6.921348404514837682e-01 1.041159203640007469e+00
-2.938750930654585036e-01 8.999508169066190444e-01
-1.517911790440631181e+00 5.674127603853162255e-02
-9.355991508797916190e-01 1.427600546397386427e+00
-4.932285837452435873e-01 -1.345410262625723607e+00
1.459512158566387274e+00 8.946902356642324472e-01
-9.819578072766570465e-01 -4.963435700849067045e-01
8.221699649823902556e-01 -1.019852736629720535e+00
-1.356710591573446090e+00 -8.295189008326822599e-02
3.177084068730957056e-01 -5.322666114000358384e-01
1.579885156666948065e+00 -6.121430844311230857e-01
-5.448730631580389616e-01 -1.490436256676354931e+00
8.130896619121116276e-01 3.307163918697710869e-01
2.145314236042660916e+00 1.206814655637360900e+00
-1.210311574906034610e-01 -6.400018705330816626e-01
-1.327670132556128202e+00 1.063188330469230669e+00
1.731569800940695014e+00 1.233210465450161442e+00
-8.643105889445243939e-01 1.841163870186257157e+00
6.108058030748289569e-02 1.641356509405263120e+00
8.356673365981467372e-01 8.840028471079869332e-01
-3.768664853810573256e-01 -1.665096434985497975e+00
-1.356709667718204892e+00 4.723452830480659448e-01
8.274229284131552342e-01 -1.240209886192080280e+00
-1.815874582146754790e+00 1.020847418042452270e+00
1.932610403673489907e+00 6.858011204424401264e-01
6.444691584547894703e-01 -7.426815229391908746e-01
-5.666611930709940514e-01 -1.189105692661185376e+00
-2.960447733281355021e-01 -6.783879467673598063e-01
4.522060337254244500e-01 -1.743168578556519188e+00
6.214586159794577291e-01 1.501396085616130416e-01
-5.091513445205684274e-01 -3.649499993835313427e-01
-7.861869923943287652e-01 9.403482051370749550e-01
1.665042029729803197e+00 -3.821079780516810631e-01
-9.482503772502340889e-01 6.539394342525438608e-01
-3.122958330672522265e-01 6.512783994314541580e-01
