9.108574696627482759e-01 9.960193699234387577e-01
-3.718023298165325924e-02 -1.795487906964958816e-02
-2.449623100224472827e-01 -9.022867220305420821e-02
-1.266652044099512153e+00 -4.658312346269106730e-01
-2.210199766370049446e+00 -6.867040185932876684e-01
1.526944032851541566e+00 5.041642540606309231e-01
-1.157388318827813123e+00 -8.056645887293774067e-01
6.233613544989002886e-01 1.604705182119047890e+00
3.742443056494270670e-01 7.975604041626253027e-01
4.211720092381062708e-01 -1.094268241117784868e+00
-2.137602367714281915e+00 1.417283132243616350e-01
8.054885598460996832e-01 3.047032553267146615e-01
-1.821170092839765164e+00 6.825011981962191276e-01
-3.900049864736185867e-01 1.867901239492288923e+00
5.146101616488726327e-01 3.841254564805490213e-01
-8.610731065629758652e-01 -2.689080027584480614e-01
-1.084623258737195561e+00 8.954891582883071077e-01
1.292029382234110901e+00 1.465141620686571900e-03
1.208683419527307290e+00 -3.304899585959396591e-01
-8.176637020601239536e-01 -8.344894000046247928e-01
5.791915678116960065e-01 -1.157325815173037897e+00
3.606384712616714783e-01 -9.142587079386534921e-01
-8.722858061949131381e-01 7.947965584894027824e-01
2.136666062563272739e+00 -3.889176547974179110e-01
-1.563881726806581662e+00 1.682241386274000439e-01
-7.595913995289467202e-01 1.850824239758096068e+00
-8.383848443884329704e-01 3.527967225827268738e-01
1.443557417602326032e+00 9.651241152134227841e-01
3.415028938779057777e-02 4.959461669277344664e-01
1.434778787061155914e+00 -1.879776005012528506e+00
-1.157985443617760568e+00 1.009309252027126985e-01
-3.245144335596240825e+00 -4.569785415649380012e-02
3.990977593761400183e-02 3.663160243298074215e-01
5.680890729307056519e-01 3.566042785162956141e-01
1.174051374668935388e+00 -6.783029381130103487e-03
2.190419451080428959e-01 2.589288409665343460e-01
8.959064986499798433e-01 5.805556552880694055e-01
3.397234108792348550e-01 -1.602886647150975952e+00
-1.023474727546061391e+00 1.787759466033775668e+00
6.607754121524558322e-01 1.081482687649141017e+00
3.844415031141205086e-01 2.360852413755820667e+00
7.351195254714759653e-02 1.009393169384707800e+00
-1.541839359041888180e+00 -5.094524290014024182e-01
-3.884830935095904825e-01 -1.020705049425689959e+00
1.414397610480619294e+00 -8.497536919525282284e-02
-8.149991656452538757e-01 -7.042432206443818288e-01
-9.060337351904207415e-01 4.409279153981338073e-01
8.916399260264199489e-01 5.698245877542686133e-02
5.392016419238965241e-01 -7.304814093053916269e-01
-1.420138265617351125e+00 -9.308030463105523289e-01
-2.230995332312302182e+00 1.313670930814124338e+00
-5.340036892048536377e-01 5.675718695534523461e-02
-1.185673056571937112e+00 -1.654758893506368400e+00
4.020823722086664942e-01 6.405783904850460841e-02
-7.247320394170578273e-02 -2.762387302057975891e-01
-2.147766874166666118e-01 1.040056735493993356e+00
