-7.770310773317066211e-01 -4.703991619355349374e-01
-3.678466776581242326e-01 -1.277135267464399426e+00
-6.360654448533430427e-01 5.266548286449089789e-01
6.095806715511798979e-01 9.450219551320575562e-01
-5.354840429324457807e-01 -1.379991626750551648e+00
-1.792808346357203542e+00 -1.973406216812496172e+00
-7.882423861249748809e-01 -1.598287569231826799e+00
8.437362264985220905e-01 -2.944666692487400983e+00
1.436461864833385116e+00 -3.457547071554525203e-02
-2.301250540325721350e-01 -4.806697280457243870e-01
4.652473422175488205e-01 1.186904164960044694e+00
-1.265133073526006902e-01 -2.311156224534498094e+00
-7.137237148116093444e-01 -1.869956796086341411e-01
1.257840675655729656e+00 -7.215761984332592638e-01
-1.886741748952426578e-01 1.018984885237222082e+00
8.243377503057699451e-01 1.318226929201840480e+00
2.274286417444943531e+00 -8.087331586983560472e-01
-8.492473491301055777e-03 -2.107070210082380601e+00
1.536738524905946646e+00 -1.487617583958522172e+00
5.727292717664201893e-01 -1.725562580888023279e+00
5.413931895828437701e-01 4.224197672382755675e-01
2.467136063430815263e+00 3.462531245340480512e-01
-1.008074648120888428e+00 -3.044351794631823260e-01
-2.522786528443349052e+00 1.125352389532300101e+00
-1.320415572478623289e+00 8.112885696052226647e-01
-6.841771323980131436e-01 8.013509407501202553e-01
5.432639878824071511e-01 -1.870616508930206257e+00
-1.160563496899038372e+00 1.787915246431788674e+00
-2.495901783013418918e-01 9.528174346337103806e-01
4.785740253734022120e-01 8.265042626722355346e-01
1.498310675791234337e+00 -4.164572537559579346e-01
-1.605491900533404515e+00 9.726926890423528635e-03
5.212435836067426109e-01 1.342179262762044800e+00
1.223596690859759389e-01 1.866130768663643302e-01
4.928711404373953830e-01 -4.615698899557790225e-01
1.183913949882352101e+00 -1.400388753619705051e+00
4.448553332130145144e-02 -2.518152700166962354e-01
6.816461425323271373e-01 1.110777496877219495e+00
3.837080937369894418e-01 5.767776819414505152e-01
7.445980653227723955e-01 5.792783012432828338e-01
-7.525876207498055637e-01 2.276900939135686475e-01
-7.194524159503841165e-01 9.090428586516984266e-01
1.686656286540588467e-01 4.541189310241058874e-01
2.305182097657488161e+00 1.167930861774557849e+00
1.380116276183615431e+00 1.599841845242581662e-01
-5.960143546389430336e-01 -1.630903609075849969e-01
-4.743312467056720050e-01 -1.041437070037815271e+00
-7.245730439109298038e-01 -1.493858974122697525e+00
-6.389953022053055376e-01 -3.832967171058209166e-01
-1.451020278619136183e+00 -2.116272381048840412e+00
1.137185487500137260e+00 -7.452691113127161149e-01
4.512787686084308858e-02 -4.136179621248335936e-01
-1.581552962872586066e-01 2.039247125459590082e-01
-1.175599718816768613e+00 1.991319374666252084e+00
4.495194446779979813e-01 -2.212747550757524717e+00
-7.289725256363992489e-01 -1.169993635269370946e+00
