-1.305489634774619656e+00 3.224520971673733305e-01
-1.238051901840884872e+00 3.638425404136819141e-01
3.735698484073448067e-01 -5.176093959768787167e-01
2.436522568450467108e-01 6.319808553081651681e-01
5.596378249290420159e-01 -1.034832119790006111e+00
-2.087547742220593194e-01 -1.411640621551796260e+00
1.334041216589924250e+00 9.670734641014590016e-01
9.985347192643567737e-01 -1.085578354816429059e+00
-5.955077424360295524e-01 -1.111166672803276079e+00
3.787565744747345420e-01 5.355994863678974205e-02
1.242579368538747842e+00 -9.842187699402508150e-01
-9.822896670560983534e-02 -1.015940117958141542e+00
-2.039062421708196238e-01 1.264159387264448264e-01
1.329231258296273532e+00 4.161646343603414011e-01
-7.112120800601112736e-01 -1.127730712908740163e+00
-1.046831624659114501e+00 1.576295827509506919e+00
9.221006498724566569e-01 1.274611612434279673e+00
-1.977059815527853759e-01 -9.046115256043070207e-01
2.899938787104995863e-01 -2.521591028322969663e+00
-5.173606192117862212e-01 -6.088805283607543473e-01
-3.730977303108496401e-01 5.633735305476414990e-01
4.637506118724344928e-01 5.603205901910975895e-01
1.281358861661304194e-01 -8.351967710665786360e-01
9.521042934944878855e-01 -1.263391709427687859e+00
4.327363444468497189e-01 -1.381671885574499603e+00
-1.769112492932608305e+00 -5.412120414059936602e-01
4.432657343464333488e-01 1.988561388494232418e-01
6.339254101729496771e-01 3.184238153053545739e-01
-5.845394974659097465e-02 5.169554650583201294e-01
-2.100718971614358388e+00 -4.268839440829421128e-01
-8.458596844523822433e-01 -1.575802390539683406e+00
3.383766804577189452e-02 1.503440896402304716e+00
3.230710662939295652e-01 -1.370347247161718407e+00
3.235048023348317814e-02 1.078430098818958127e+00
-5.167852704644048112e-01 -6.962429592675557499e-01
2.561514241099713818e-01 7.345194329623987162e-02
6.626501632237913331e-01 9.833769323410714025e-02
-2.692815529183819612e-01 2.455058474262219737e-01
-4.276119362100796462e-01 -2.400656095743255170e-01
8.938479042983275002e-01 -2.715342195503879785e-01
-2.783473595730492356e-01 8.460250836737213120e-01
-8.179056195250272721e-01 2.133369811452257903e+00
3.672990236235467165e-01 1.112280834575245930e-01
-1.576213223073057446e-01 2.487805079824274845e-01
3.546077929870798950e-01 2.160726330502851233e+00
-5.964235439969322039e-01 -1.535144757981056429e+00
1.016586266620895129e+00 -9.600463190153037951e-01
1.850665059516289679e+00 6.950541903247555720e-01
-1.008054714286635845e+00 8.010508079869678444e-02
-2.934951636180180290e-02 2.234137871888259297e-01
-1.059978921350044345e-01 5.757919751078987430e-02
9.683531714950998071e-01 7.121124086332975001e-01
1.251882307936303285e+00 -1.131056887662684751e+00
1.605802968565891886e+00 -1.361853556285454125e+00
-1.017081494607717573e+00 -2.962780874720855051e-01
1.752879232040082114e-01 -1.688073672623258581e+00
