-2.792801474464867706e-01 -5.987897039394860510e-01
-7.578024808561982795e-01 -7.717322603065953635e-01
2.041274049914199473e+00 9.492915630702370988e-01
-6.223259542728565297e-02 2.019391176536643684e+00
1.447649449963228196e+00 -1.564327540088207513e+00
-9.680007039426475890e-01 1.088585101998128524e+00
7.347157072147645351e-01 -8.406929458952266954e-01
5.838843557907614779e-01 -1.975437958636027558e+00
-5.461344199666678251e-02 -2.351255581596790878e-01
3.051059857769198302e-01 -2.534166760538289598e+00
2.273203131068760874e-01 1.551385439477735162e-01
2.528313088941551157e-01 -5.238897042259765824e-01
-1.332270141366727056e+00 -2.703027241104326572e-01
1.396132246458884119e+00 -4.568726988620641083e-01
-1.413386992227969818e+00 2.330819646090384611e-01
-2.942230666579612741e-01 1.186351216954868670e+00
-1.902073756707870711e+00 -4.667061881480597529e-01
7.702373982317282097e-01 -7.336323171768041607e-02
-6.087743189698755497e-01 -1.855711965461499080e+00
1.299596376248774110e+00 -1.274275399020183386e+00
-7.249321752024845411e-01 1.269098121700984683e+00
4.845561314892608551e-01 -7.885422175499334774e-01
-1.237856949957864439e+00 1.797055417303954350e+00
-5.887031619806044613e-01 1.371022584087400464e-01
-1.356807381617069153e+00 -6.146890570891676564e-01
-1.037433830036917082e-01 3.982109486723084402e-01
4.831724009025140099e-02 -1.429521265245063066e+00
1.608285126500421436e+00 1.464755738992453260e+00
1.326189311551205785e+00 4.503387944783998065e-01
-4.280381507138794062e-01 9.666721507872034769e-01
6.180252362403853006e-01 -1.504981548261093149e-01
-9.308667412935316132e-02 -2.541668891294240340e-01
-5.042060732009876478e-01 6.330048814666303647e-01
1.783812397862172716e+00 -1.830376560597089863e+00
1.436277449481535351e+00 -4.792142656411680912e-01
-3.837070475050955998e-01 -3.527132473227027193e-02
-7.363516399331186957e-01 -1.542451432867761596e-01
-2.251815950300582347e+00 2.942273161099493578e-02
-2.075424988968071816e+00 -1.305362992578283698e+00
6.415298803848576426e-02 -8.391511216149354357e-01
2.425071367917870369e+00 -1.890682342360238133e-01
9.610919816192754483e-01 5.162328111314693491e-01
-2.099166233713004370e+00 -1.677175583951694859e+00
9.449381257825361091e-01 -8.926683985573784508e-01
-6.939476748965299757e-01 1.421219134781309679e+00
5.418037098805079249e-02 -6.268226487930887991e-01
-1.104468810907661247e+00 -6.204938753775358640e-01
-2.008443970160458836e+00 5.824774217707021640e-01
-7.518603669064660711e-02 -6.797268416706619965e-01
-9.409457492197571549e-01 -7.568497430404779180e-01
-6.171414532271285447e-01 -3.306581979263721327e-01
7.522913697868990890e-03 -6.651473238893171880e-01
-5.476812615915656046e-01 -2.594625689885434738e-01
9.596495523858104004e-01 -9.199398447063528161e-01
-6.647964401645893862e-01 5.926174832258632730e-01
-1.652103183880827997e+00 -3.826678483342487169e-01
