-4.774697087441950316e-01 1.295895933356162044e-01
1.729622943646285993e+00 1.034320342556643846e+00
-1.734738590666961011e-01 2.460385649213917336e+00
-3.750658642621915728e-01 3.949886474148706778e-02
1.025510709127987585e+00 2.848683223349272042e-01
-1.129773918874753980e+00 1.324188180478315768e+00
1.652164263987826454e+00 -1.551813960697963957e+00
-8.354668963381296498e-01 -3.583490364159093722e-01
-3.497967173968846155e-01 3.980024249744027465e-01
-1.449245559973284525e+00 -5.134078285534677821e-01
7.640955231632596822e-01 -2.625887515588188670e+00
-7.435913347465004097e-01 -1.994027431623847102e+00
-4.246203178214889573e-01 -1.405931984900726794e-01
-5.807150569992823863e-01 -9.524042547485978005e-01
1.063643847645697610e-01 -1.280771261896738178e+00
-9.008174973119239537e-01 -1.826858142702893817e+00
2.013793053840212677e-01 1.436947958280957172e-01
5.075134634495712671e-01 -9.017844146011518847e-01
-1.971716645248357547e-01 -5.021621794393854588e-01
-3.156759953142036501e+00 -8.209544933428257751e-01
-3.722218387663477901e-01 -3.507657028138936872e-01
1.167529478956376598e+00 1.200094806874680176e+00
-3.705340000504894760e-01 -1.049165240437150315e+00
-2.851104727874483324e-01 -4.276694856421513480e-01
1.131764409845347874e+00 7.331442136395226461e-01
-1.178125912813310361e+00 -2.480399929372174128e+00
2.929299585619349333e+00 6.231034711352562844e-02
-1.037743699813418852e+00 -3.431604742962499621e-01
3.840128353325630850e-01 -9.111479707812476514e-01
-1.181434939574428578e+00 -3.896024335018506424e-01
-3.343383619231385939e-01 -1.306941841271736182e+00
-2.382023836212031342e-01 5.166490269006230873e-01
2.865302925815301216e-01 -3.572387150318386828e-01
-1.397969687477756739e+00 8.401885504479428279e-01
-8.236665262733379178e-01 1.158546252548518840e+00
7.483321286946107431e-01 -5.226002192246661515e-01
1.055819114475514686e+00 -1.184338745198308285e+00
4.244591680657877064e-01 1.847379759057131143e-01
-5.085173021027954432e-01 2.058604552312234492e+00
-6.867338372181566175e-01 6.404951624477902422e-03
-1.846411798236921475e+00 -1.139566328787572136e+00
-1.579998281361097434e-01 -2.507559169344639738e-01
4.923476851305065294e-01 -3.986189443056195603e-01
1.159129224709231770e-01 1.580519967122936853e+00
1.126505703419489191e+00 1.908982146531779112e-01
-1.016100464111880930e+00 -6.136513776543606191e-01
-6.719023486980476578e-01 7.489384622042218886e-01
-1.333281955301304889e+00 -2.259053991258455962e+00
-2.173502932147125533e-01 -1.883625155234865067e+00
6.890852047015555426e-01 -9.882247801005659138e-01
-1.850124657783212889e+00 -3.563691973830542259e-01
1.627809426313778562e+00 1.356971888417463599e-02
8.216959955035690877e-01 1.160568029973635840e+00
4.272345492298204594e-01 1.749179874242603461e+00
9.562712588737019848e-02 -1.051888218093424365e+00
8.686169089486185380e-01 -1.012764877725446988e+00
