1.034516487599903556e+00 -3.575381767051041826e-01
1.441270323222703764e+00 9.049663168070991581e-01
-1.049424189959378140e-01 1.778655768650640789e+00
-8.336162090235081923e-01 -8.385917615943305758e-01
2.150767385886643568e-01 -1.584357902184262423e+00
-1.073165905830896438e+00 1.651564791991120551e-01
-7.582946953329106066e-02 -1.030879307085395269e-01
1.046428326932580533e-01 -1.383808384888210563e+00
8.075984800840304567e-01 -6.565247157324822780e-01
7.730343897312938473e-02 2.313657073045314039e-01
1.121795770588901675e+00 -5.451667083519563528e-01
5.624679577733247005e-01 1.229776989747906502e+00
4.661524940419959351e-01 2.241820493728934327e+00
2.327878110728332506e-01 -6.610990187088163772e-01
7.935872891306039456e-02 -3.505833583460674086e-01
-1.059683230464939951e+00 1.799534662885815539e-01
-3.698188893581717124e-03 1.883542440467145029e+00
-6.657186023649798168e-01 5.075743251317170468e-02
-3.268543423885343358e-01 3.179876159832708105e+00
6.589696770697971440e-01 -6.274126287989510997e-01
1.101934469267462635e+00 -8.233780214353122462e-01
3.139915900391661019e-01 5.799910148923878017e-01
-2.698594588913839631e-01 -1.121464104507779114e+00
8.052557967867501887e-01 1.680648411889624549e+00
-9.659473523241006720e-01 8.819990045241049570e-02
-2.060086397678256298e-01 9.099167788323854200e-01
-1.387745357902237853e+00 2.611211560757763506e-01
-6.858608631004446954e-01 -1.185708579809654051e+00
5.916946062014935004e-01 3.352600344538145261e-01
-4.252056941383186572e-01 -5.550574180226746090e-01
1.378917052050589342e+00 -1.325397396154104124e+00
-4.222072902235100011e-01 -3.454165060902961160e-01
-6.727401262084504729e-01 9.900429484988226836e-01
-1.518197464897988791e+00 1.141541130822547379e+00
9.720858259660698497e-01 -1.313794735109777567e-01
1.627335953772090837e+00 -3.690177702245510671e-01
-3.371800847582909211e-01 -1.568612026946987481e-01
4.050350826069759602e-01 -1.014185368697166245e+00
-6.049001842352323965e-01 2.089150722336316157e+00
-7.118514603357112280e-01 -3.290588399412099907e-01
-2.091763573513322871e+00 1.764770252676353790e+00
7.385059191306626580e-01 1.256130261988497976e+00
-9.017578452904233544e-01 3.529223080273919955e-01
1.906206323159840066e+00 1.104068081962145120e+00
9.645703368690133894e-02 -4.996960875024143434e-01
-1.672283495010481458e+00 -3.329737971420843601e-01
-1.256171924119094063e+00 7.911064946576344958e-01
9.250596248243531106e-01 -7.926123219174892043e-01
-5.173962121591705321e-01 -1.139972536043130535e+00
8.451856141785435428e-01 -1.005679617857208497e+00
1.300788452598204525e+00 -3.849215564444344873e-01
3.935202075995188342e-01 -1.934969378810065255e-01
1.060409642061629354e+00 -6.897275487564888952e-01
9.318916956878150470e-01 -7.413466180194745458e-01
1.521323481982087833e-01 8.365947704604240198e-02
9.758229308280840231e-01 1.280491912921258413e+00
