1.633943317180994059e+00 -4.224610661705747172e-01
-6.136056563248946105e-01 1.611692735252225894e+00
5.290134451140768856e-01 5.405641056416438106e-01
-5.343829788407306047e-01 8.554075110438568164e-01
-1.053466355846342628e+00 1.245776232167958436e-01
8.397760742072322149e-01 -2.269506665605026008e+00
7.173783921506468042e-01 -1.719049360287422390e-01
5.429735489154234873e-01 -1.254507479678395265e+00
7.906602386397011684e-02 -8.243522336448851906e-01
-8.391356601719065500e-01 2.301228876718423855e-01
1.160792014444482323e+00 -1.358626171728535503e+00
2.632734603183157218e-01 8.620927638986031205e-01
-2.443160291827922048e+00 4.519189592610062256e-01
4.110529252580332749e-01 1.130845268154182737e+00
-8.306086972021480275e-01 7.593876143641101750e-01
1.108622502751723110e-01 3.843405596399730728e-02
-3.210209285273659674e-01 -3.162414105009628829e-01
-3.291297963252607511e-02 -6.178638041124805413e-01
-7.921859447933039533e-01 -2.697359817110566715e-01
1.224291203501736813e+00 -1.233539447071939632e+00
1.113502972048463047e+00 1.790630552050618052e+00
-1.138476780351411755e+00 -1.640483023092110582e+00
-2.966189303465632809e-01 2.357850189960563822e-02
-2.113065030843753966e+00 -1.615976154225928496e-01
2.099396241777401695e+00 1.048844426646005079e+00
-2.720742597781105054e+00 8.581566292920058681e-01
4.254772028495836800e-01 -9.430088158542314636e-01
8.316129337387683229e-01 2.147014398219312614e+00
6.951228730709996251e-01 -2.861766913011941707e-02
-1.124015409540830790e+00 -8.216240245110606466e-01
7.011092074171042521e-01 1.924251026143778853e+00
3.862945196539140369e-01 4.581247370583825251e-01
-1.276870135332191181e+00 1.540469055113848351e-01
-2.727057401161100403e-01 1.626361574731448156e+00
9.093237754281473517e-01 -3.815887406595713238e-01
3.402906374935470990e-01 7.808331194860493873e-01
1.662848724726136984e-01 4.913075016076883239e-01
1.231746218535657800e+00 1.384708234851317332e+00
7.712229345145757975e-01 -1.367824261837992210e-02
-4.884565452337026881e-01 6.813199726768925935e-01
-6.612992784700613136e-01 -1.933746261225618157e-01
2.767715391151293058e-01 -1.960811855570825379e+00
9.020182610637260678e-01 -7.100590332102200142e-01
8.043083597854154554e-02 2.043050053142859923e+00
-6.881336976537381078e-01 1.401865821725076566e+00
-9.143097870300147534e-01 -3.307810824140839379e-01
4.264858470963476256e-01 -5.051854458536204628e-01
-8.691074734666216495e-01 -2.278602342796539837e+00
-5.004609127622252629e-01 1.380255458011685199e-01
-9.954615917392499735e-01 9.298120603248309912e-01
-1.483967534270881794e+00 1.549037972486160708e+00
-2.139637357017752706e+00 -1.008520022312465514e+00
-1.486383104226383312e+00 -2.171247204165696332e-01
5.813298619818251245e-01 2.578540314137068301e-01
-9.312512530238028496e-01 2.645608785050455047e-01
-9.789448781978772329e-01 -1.181046471962825528e+00
