2.194526434838685258e+00 -5.204319245621319423e-01
2.415730088033201106e-01 -1.527340299913486854e+00
-1.944163401301353788e+00 2.972254022712086940e-01
-1.072047368743916929e+00 1.865520383935217019e+00
5.771814436591385933e-01 3.383266726531721780e-01
-1.095592372176634299e+00 1.604316466634160832e-01
-2.425219948629601385e-01 -7.548307066452196734e-01
9.478538156051844465e-01 -7.203169780670567457e-01
-1.978542991764359327e-01 1.077044591065218215e+00
3.613714647287391002e-01 -3.115079939861079006e-01
-1.568724995415976098e+00 7.322615069806418520e-01
4.980358127034529847e-01 -1.140521868090843549e+00
1.094809942152797699e+00 -8.936131532437833203e-01
1.459392427448446883e+00 8.011159833627663485e-01
3.435517500200080399e-01 1.449202629034585521e-01
-7.939509972214946476e-01 3.655319909352638952e-01
1.112429395699971790e+00 2.089651085282048015e+00
1.582687008261322692e+00 2.470369390138075771e-01
7.224345641675927743e-01 -9.392994891664127044e-01
-1.164794578680439674e+00 2.955999882367422726e-01
-2.758389643139987427e-02 1.500590446112755605e-01
1.633353590852769099e-01 -3.814108914235758152e-01
1.400103434957143678e-01 -8.103561936427282619e-01
-2.349274923274250956e-02 1.181298014927935291e+00
6.048770109937328110e-01 -1.162193007454837446e+00
-1.362720176719415255e+00 -2.081668300008868044e+00
6.776243278268210268e-01 4.252769266651604818e-01
1.714022317848113541e+00 1.155093648021116998e-01
-6.633108369919234193e-02 -1.749781984387699385e-01
-2.101422429400050251e-01 -2.345080751796598140e+00
-2.157885845159700278e+00 7.643102910424295349e-01
1.661394147491239481e+00 9.050147055854951272e-01
-3.284940623392577086e-01 -1.370847555797184147e-01
-3.288039255010979933e-01 4.087990894829043875e-01
2.809283270638607832e-01 -1.818276642208213056e+00
-1.633436552743770198e+00 9.155129106377766224e-01
-3.523044490237600690e-01 -3.055397779718174167e-01
-7.365485645716269847e-01 1.698311978852053317e+00
-1.047988486990291346e+00 1.470213663853434216e+00
-9.405931246528367318e-01 -1.549801590277089192e+00
-6.632584399823903132e-01 5.698823196686669812e-01
-6.910436768615777492e-01 1.034802637613032733e-01
-1.626317251820002641e+00 -1.331494733700709032e+00
-1.510602194621358363e+00 5.270359154464541174e-01
8.729499907884045173e-01 -2.182878927941690250e+00
-7.712179826821569106e-01 -4.905625499202693751e-01
8.041612064539923610e-01 7.397670714618526100e-01
7.795427541350903322e-01 -6.255631882203586125e-01
4.267683586534380402e-01 3.927293698064023841e-01
-8.037407616642359143e-01 7.013444769280279267e-01
7.160405441668268312e-01 7.817312323162038945e-01
5.120732748367036180e-01 2.185327968720774672e-01
-5.527672119346426216e-01 6.903281234271462230e-01
-5.120247453528723458e-01 5.125957038133978072e-01
-2.271615522131712694e+00 -1.133741868952891751e+00
-7.772123113672259331e-02 8.165193932236241015e-01
