-1.454103617881240817e-01 -6.384910790109902257e-01
-2.101027679246706636e+00 -6.480417141157854832e-01
-1.602548712601803205e+00 -1.654131792427012415e-01
4.320433352467245025e-01 5.933745852386982378e-01
4.754407447865711123e-01 -5.583610398101770400e-01
4.545646175147743072e-03 -7.395475807498798071e-01
-8.623679682422537296e-02 -3.680889356488844522e-01
-6.476195374705834285e-01 -1.623884304430536496e-01
-1.792356539422628625e+00 -1.339076588136847157e+00
-3.161018732376980611e-01 -1.027710462886609610e+00
5.084811520341543378e-01 -5.553261553480396406e-01
-1.367211306669560811e+00 5.578684400585727232e-01
-4.757254618095762555e-01 3.987209940777114991e-01
-1.651974980774122193e+00 5.925789947759427800e-01
-1.000291863523549013e-01 -1.436408335155990201e+00
4.673716818159890513e-02 -6.060651643995297322e-01
1.107585597347794520e-01 1.080903707385571622e+00
-2.023236611033790044e+00 -7.962487580499151285e-01
-1.107447009689240147e+00 1.289842498312629079e-02
1.973305307051004265e+00 -4.948124818816824755e-01
-7.398681422425200660e-01 1.363053636970388505e+00
-1.645316323230240796e+00 -1.993196602577128329e-01
-2.295709702796766005e-01 -6.910937183502872949e-02
8.733906221091845834e-02 -1.113462575949689448e+00
9.466807392413214561e-01 4.791746507391249077e-01
6.610559425403284006e-01 2.670271910675658944e-01
2.382306507950991303e+00 1.277220024486474426e+00
-6.013724063910239614e-01 1.596608878676223586e+00
1.683425429104008941e+00 -1.225924930343624375e+00
-1.131269656392029921e+00 1.001452076900859467e+00
4.772063313684374863e-01 -8.810018584459667901e-01
-6.637743967174053461e-01 -8.166639143443644999e-02
1.567840510021099254e+00 8.711018212967612806e-01
1.626490047775578818e+00 1.899886445170432481e+00
-1.142331096756670439e+00 -7.807134154757776612e-01
-8.939574164413627289e-02 -1.062603165999119081e+00
7.528681294491549325e-01 -1.329235920073051691e+00
-1.644293984592574809e+00 -8.949371371459784452e-01
-1.141533007742520311e+00 -1.161766203007062348e+00
-4.859789433671901637e-01 -4.822198021424708991e-01
-1.700159646357735976e+00 4.902579594283831277e-01
6.256590106534711815e-01 -1.778814691976039475e+00
2.545126108092644057e-01 1.096165111822773097e+00
-4.741558348634185571e-01 -2.809364964524648789e-01
-1.172749062526599717e+00 -1.217951903855903684e+00
2.536928268862791436e-01 3.362957662353859289e-01
6.091432446250865107e-01 1.744417198360029009e-01
7.074752090898795975e-01 2.175406529141830636e-01
-1.718358065221334829e-01 2.227693628627827327e-01
-1.225485827864302824e+00 1.520090907308310202e+00
1.273042215326546822e+00 -2.757395712711192548e+00
-4.819288147067920525e-01 1.606437752545961661e+00
-5.947507960499752444e-02 6.333652928850327379e-01
-3.502269095915467867e-01 4.947450286045808054e-01
-9.301892435879739462e-01 -5.690506042501529693e-01
-7.901737247745348469e-01 -3.894623879233224950e-01
