-4.755270981356269910e-01 1.777566462479390319e+00
1.781729371054382172e-01 -1.308369398413144813e+00
3.180159998927717391e-01 -3.573810018013057754e-01
1.814580394461545176e-01 -1.139902831126523797e+00
-6.352909461276541325e-01 2.664079083650282009e-01
8.335532099706228770e-01 -2.616266547662227659e-01
-1.377816908318875377e+00 7.747026074405165552e-01
1.652826428786597912e-01 -3.590331226492302630e-01
1.383220254799060633e+00 -1.612064187727835662e+00
8.407952309559656445e-01 1.801160153734288061e-01
-2.639875764502353506e-01 4.230964341504351856e-01
-2.077128095203048197e+00 1.604144967526448806e-01
1.148696769644601323e+00 7.926854436625225819e-01
4.242066177880537275e-02 -1.204621162172444082e+00
4.263068311903474294e-02 2.190181030198531609e+00
-7.296348869237063717e-01 -5.087059863876627341e-01
1.366367973697161231e+00 1.723377276794462176e+00
1.354358664803262391e+00 -7.202862232556759281e-01
6.899918587429889616e-01 7.216992122042429347e-01
-1.595831201676278788e-01 -2.117559661226335876e+00
3.660035428372852007e-01 9.063012851205067832e-01
-2.330993635648896500e+00 1.326166812786406579e+00
5.561782810270746169e-02 -4.902714650838272958e-01
-9.319696032066666636e-01 5.436123525863638672e-01
9.014385497837619221e-01 -2.191276344901029183e-01
7.902207630748884215e-01 -1.100047665506455274e+00
-7.394337976628609366e-02 -3.919758198037769370e-01
6.998517781161247564e-01 1.016054493780299550e+00
-4.779463307933415894e-01 -3.335605780536338716e-01
8.465714086059475951e-01 -1.580079875922822674e-01
1.067579940013328316e-01 1.768298466981589545e+00
-1.891131309665987636e+00 2.463050312710715062e-01
2.078642802763559505e-01 9.967320976801690158e-01
4.283675449017964598e-01 1.288368091178244912e+00
6.254873886217693357e-01 -2.523964443411769731e-01
2.734968030417230245e-01 1.691282911672892797e-01
9.898596775731188790e-01 -7.714523351073694357e-01
8.494747947192252679e-01 1.298082517039294226e+00
-1.492940530784037101e+00 1.774827242707342823e+00
1.307535978716571623e-02 -1.303800804692731408e+00
-1.202182554979659646e+00 -8.097918783499307160e-01
-2.127841729972882234e+00 2.816754529007768348e-01
1.338439611100968873e+00 -9.001332778031896353e-01
3.429299867115906952e-01 -7.360405415784989636e-01
-1.760596436637453799e+00 1.603769255851468234e+00
3.772041960999364396e-01 -1.368540319129003757e+00
6.416828208722147320e-01 1.004936524413312160e+00
4.552576977174472850e-01 1.673995364350388870e+00
-8.755047713051048452e-01 5.255747927235180361e-01
1.119446734736093463e+00 -7.931763337490698174e-01
2.042282203179418276e-01 -3.527833405003495404e-01
3.736823748499915610e-01 -7.040342619326372953e-01
-7.112860369164437924e-02 9.941176743232704727e-01
1.232779456404559326e+00 -1.007842065593945069e+00
1.539448508643938229e+00 -2.280526370479801557e+00
-8.849976127793399705e-01 -8.169964873156407847e-01
