-2.375802475945032188e-01 -1.901982274703819531e-01
-6.659435614532918102e-01 3.445378529394515499e-01
-2.510334072742264611e-01 -1.181765999118086663e+00
9.562684864723668410e-01 1.808445199765171263e-01
-7.957733595752490841e-01 5.395662019457557745e-01
1.283402121626086911e+00 -1.533452464696432482e+00
-1.300544442190660455e+00 -2.671669069911920477e-02
5.339508136057557336e-02 -1.584180960566686114e+00
-9.200953656606731812e-01 2.586438922566412502e-01
-2.012717169730218747e-01 1.334625173153271893e+00
2.637324618980289692e+00 -5.080331927646590806e-01
-5.165987544928597464e-01 -2.477710897092388620e-01
3.647251275982229535e-01 -5.800803446910263172e-02
-1.246611813506339317e+00 -1.004437361156010233e+00
5.474124359133711870e-01 -6.282536459944521035e-01
-1.863310557518889965e+00 -1.955522096245910113e+00
-6.251766301242985824e-01 8.316391446020401368e-01
-9.142952501376276908e-01 -1.237335554398035997e+00
-3.783596128836728689e-01 -2.737700736598537854e-01
4.488484616757367762e-01 9.870701704116467343e-03
4.611280758092440313e-01 5.106159316452044822e-02
-1.579237554094921059e+00 2.849624902497844281e-01
-1.493402625156944608e-01 -1.156342651123203197e-01
1.541514769180962197e-01 -2.734378967290301277e-01
1.887457430434486549e-01 6.650558589698170042e-01
1.047567714269183714e+00 1.316037453266121426e+00
4.947490991507416669e-03 -6.504153281996375435e-01
-7.780526059618281254e-01 -7.101720792380002145e-02
-7.926937929286551610e-01 -4.605874747227329258e-01
1.226574497818127885e+00 1.474702372024609687e-01
-6.672086517297226571e-01 -1.780636045856384131e+00
-1.357177050532931695e+00 1.978285564016491360e+00
-6.392903150309062199e-02 -5.810110418311863478e-01
-2.222483909885198117e-01 -1.841342200633087345e-01
-2.424019263032911875e-01 6.227970381498917352e-01
-1.079364480506589175e+00 1.596607540845014661e+00
2.416743617525274335e+00 -1.185739695638194036e+00
7.727330728838966989e-01 -7.124486054055502171e-01
2.992215764162117157e-03 -1.062613297071182822e-01
-4.017585010609572294e-01 -2.180624856902154893e-02
2.677305356534423475e-01 2.290223239553608181e+00
-9.608635237346743740e-02 -6.208289615137413398e-01
-1.180696767434331607e+00 -1.438207602179464528e+00
-6.902346226832154485e-01 9.599527820140626444e-01
-6.450558122791002491e-01 -1.216457614834677736e+00
4.063137064926469755e-01 -6.248276709449681610e-01
-1.913560141965867101e-01 4.524846948803985525e-01
-1.734716946663178438e-01 2.181493077558144922e+00
-6.478894267219116598e-02 9.088288031668574352e-01
-1.817586330302506936e-01 -1.745980852908038283e+00
1.502005480212508237e+00 -3.047656045024951244e-01
1.921710682613853582e-01 7.149535555392872999e-01
5.131643596443861144e-01 -1.589975247303590522e-01
-1.673746279107386936e+00 4.702336341590174218e-01
-7.400357385976848168e-02 2.400516996869060948e-01
-7.172399531414263008e-01 1.447439553494793696e+00
