4.562217710250324187e-01 1.132067752294565466e+00
9.368708524895880130e-02 -3.779945744589822965e-02
-1.243921686581226149e+00 -9.477005461218008797e-01
-4.346575945011350861e-02 -9.389139677677224016e-01
1.028058966446333100e+00 9.588848269092795640e-01
-1.041691999763783683e+00 1.979844363526246931e-01
3.186848438159231578e-01 3.968481228482609313e-01
-5.606372523637598304e-01 1.435169585219914001e+00
-2.201785217098931879e-01 -2.835853384072924664e-03
-7.946606181888549170e-01 1.834367740378905376e+00
-7.879135736405247226e-01 6.528565708761548958e-01
5.189389989365418288e-01 7.713498779409166950e-01
-1.044889313101070583e+00 9.149222658925599827e-01
4.107220775919617761e-01 -9.460374488712990360e-01
8.105127454046043844e-01 2.377458026324791585e-01
5.792331091135170806e-02 1.219151475644702831e+00
3.673582218547681855e-01 -1.624147262826400206e+00
-1.569549185943117431e+00 1.533331282704500920e+00
-2.178977799521700509e-01 -1.221652610845458620e+00
9.639209466501237333e-01 -8.107059733861244899e-01
1.328406995476604013e+00 -1.885510469954639889e-01
1.169358643864282676e+00 -1.777698468405057408e+00
1.549109155651438030e+00 1.587465468319203543e-01
7.085368180411477645e-01 -1.918932600951503420e-01
1.055012439644666067e+00 -6.116846270531232088e-01
3.270291050816455103e-01 9.086270791079960052e-01
-5.854658191027262149e-01 -9.073073354395042589e-01
1.969694270460468910e-01 -9.750997556991521931e-01
-2.125765321796674878e-01 1.354189565958822339e+00
1.473921294453820474e+00 -4.418363508109489635e-01
-2.732482239769080223e+00 -1.786033682894510310e-01
6.315482874231959087e-01 3.636348362040325854e-01
4.856969160928527041e-01 1.193551718377076964e+00
1.133853741560201467e+00 -6.605505641518419901e-01
5.429151875632050039e-01 -7.692622544069844803e-01
-8.128764669856007596e-02 5.357925069658922013e-01
-1.529857292321275430e+00 -4.534123771555093052e-01
-4.523128318772256518e-01 3.422670270032401318e-01
7.455293522475528976e-03 1.931375966940327649e+00
5.104673313698928627e-01 4.548042786347546440e-01
4.552361989715215107e-01 1.323632833863626623e-01
6.119005561167843998e-01 9.515122516473667469e-01
6.494766452598218498e-01 1.632220189596941706e+00
-1.611368103273505825e-01 -3.975715485397692817e-01
-1.584190356336716343e+00 5.098781496485896847e-01
-5.239716873178096312e-01 1.095159023092586059e+00
9.205432342243381472e-01 5.247592107780516546e-01
-5.450290295911299765e-01 -3.234385428867301848e-01
-1.099859657862168189e-01 -1.161676268899888953e+00
4.900076788594849853e-01 -4.520160703966112359e-01
-3.513473693278139631e-01 -4.103789099320760414e-01
-8.498542125753176801e-01 8.213419057705780846e-01
8.119584006884993377e-01 2.603873974248257728e+00
-2.340711555265128307e+00 1.904035235340298504e+00
-1.413683369114971722e+00 -1.282801047792077487e+00
4.376420833985531500e-01 6.622183791700640976e-01
