-1.398264265350172675e+00 -1.176736175079230895e+00
-6.620889223216495090e-01 -3.827199384458753184e-01
-3.895062832559518795e-01 5.516661248625625014e-01
-1.121682062033288352e+00 2.556043325059332294e-01
-3.084317762277370423e-01 -7.325828364635580403e-01
-4.645216722898691253e-01 2.040100090499735730e-01
-3.940561066848445870e-01 4.868238761127626213e-01
-1.596810224430666780e+00 -7.385923880936053898e-01
9.828740276199390280e-01 -8.997123996672395929e-02
2.235617363821661652e+00 2.919262090646355112e-01
4.541629932499323674e-01 -1.656339352125074882e+00
6.671873579933522425e-02 4.378157199693700763e-01
-2.812049134205022449e-01 1.191432115430097971e+00
7.230149106846195384e-01 -4.718097347061279145e-01
5.636208930164168102e-02 6.644781005246216399e-01
1.820954190870637035e+00 9.316794452702774620e-01
-1.710206763784242745e-01 1.219519999912713482e-01
2.844806256622179896e-01 2.727943309531866700e-01
-1.917123472631541814e+00 1.829207040146439534e+00
1.127889692690306894e-01 1.341460544955155543e+00
-4.374705434745615462e-01 -5.540916523613969025e-01
-5.510679837661897756e-02 -1.068378800646823779e+00
1.131693988359866232e+00 -1.012635601735976998e+00
6.094007196809673177e-01 -2.730388355095459893e-02
-1.185427870664396144e+00 -4.609332534770185785e-01
-9.589706511862862159e-01 7.612178016066788455e-01
3.768137193125205564e-01 -7.389808487681041038e-01
1.326873175244388747e+00 -4.761147235723685034e-01
-5.247945529045350277e-01 -6.997110560400330304e-01
-4.128714083613532759e-01 -1.732660574959044464e+00
7.931626926153576562e-01 4.543848133425856806e-01
-3.620796434601697422e-01 -1.575704016127587315e-01
-1.725154598315822019e-01 4.321111668655443494e-01
-1.348062965569662985e+00 3.636998000688733135e-01
-1.603168571435454215e+00 -6.735973616597553670e-01
-2.872061906163827061e+00 5.488993267502151330e-01
8.434270568494924847e-01 -2.264017498581541776e+00
-8.750407949333908197e-01 5.548738835075164300e-01
-2.388723652361614824e-01 2.287403002472353286e+00
-5.982854785030888856e-01 2.698860546361778745e-01
-6.937666954610545167e-01 1.559200193354010056e+00
4.964249521749027061e-02 3.588176496036253882e-01
-1.147778197519687460e+00 6.572494883597039816e-01
1.461994746335106843e-01 -1.679007713199804908e-01
4.858997392438799134e-02 -8.848503739154385261e-01
-1.756215725775959635e+00 -1.446857306438368296e+00
-3.858873366397926885e-01 -8.571275347949998125e-01
8.427199174331887477e-01 2.010421108070606255e+00
2.471307257339290242e-01 6.883608696763017509e-02
-5.168639078476661153e-01 -7.882240665972085197e-03
1.402413095385749153e-01 -1.514587029040732169e+00
-6.208796655122796881e-01 -3.904860006916072712e-01
8.327682545586376772e-01 -1.563754118832010764e+00
-6.866064202238876257e-01 2.283091184478408253e-01
1.295722632256534945e+00 8.866984786425905485e-01
3.946939063260900271e-01 -2.994000414237047436e-01
