-9.154860145260931836e-02 2.900063670380981229e-01
8.491569537703875792e-01 -1.466843924707445179e+00
4.317755600886722389e-01 2.672323544460973865e-01
1.664915071600941099e+00 -8.918962368013686470e-01
-1.196228357820055210e+00 5.809142735452343942e-01
1.253300617370457948e+00 5.288685642490117411e-01
-1.158407858154453240e+00 -2.292340382840779289e-01
-7.904810717441819456e-02 1.327173359008077869e+00
-6.503497981209357404e-01 -4.875866698779434127e-01
2.045209408418660058e+00 7.539946624977342804e-01
1.133643090478009485e+00 1.805225995805259109e-01
9.866062972790115015e-01 -7.290322951541099439e-01
8.426610060979614070e-02 3.271724214554868060e-01
-1.606163465113225497e+00 5.170262413921843381e-01
1.441725169721044919e+00 5.703836387484086945e-01
-6.280096688436643815e-01 4.393992300268044771e-01
1.989333932258977866e-01 -1.569837751383774238e+00
-7.263307964647156556e-01 4.181302736504848294e-01
-1.326897311303658067e-01 1.126158960233650586e+00
-3.175772590556622976e+00 -1.454753297998018224e-01
7.760833289038457927e-01 2.890188472828031929e-01
9.596814165168908728e-01 1.098867275804740640e+00
-1.274302124442174611e+00 9.478915837725639115e-02
1.102734522764362846e-01 1.982513191961628563e+00
1.518753970469980619e+00 -1.059167749406161319e+00
1.222151052609663502e+00 2.500136031601396525e+00
-8.375625248934935874e-01 -2.335173322827728548e-01
8.165868307694347239e-01 -1.401004777720305627e+00
-1.404799730490744247e+00 -1.622184072949824696e+00
5.981727156343195073e-01 -1.999889037424120719e-01
7.660950025656230178e-01 8.894704267420411314e-01
-1.003204977627186523e+00 6.856509167830172613e-01
-2.538368522938336258e-01 -1.459555838551001017e-01
-1.882762785351329349e+00 -4.415767305433526135e-01
9.661479615563040024e-02 4.191551394070095471e-01
4.908131776340124985e-01 4.784198547265382517e-01
-2.922812039454872335e-01 -8.237964842645720820e-01
1.678159944053351504e-01 2.867493897014730675e-01
1.177184262472157350e+00 -2.054368905925786082e-01
7.131254989330348959e-01 -8.964197548330324339e-02
5.060230686970446090e-01 7.039820490266129882e-01
-9.359490226262348056e-01 9.231965417728493772e-01
-1.567282199261170461e-01 -2.770591117685575755e-01
4.529738327874019421e-02 -7.574853414730836620e-01
9.016595175255097683e-01 -4.815137374682951915e-02
1.230330806075493055e-01 -3.761346720176871328e-01
4.101798875956014778e-01 1.906935397062861082e+00
-2.336771577342854345e-01 7.335077003989701749e-01
-2.220689567326316616e-01 5.029321051246290475e-01
9.465244613829092435e-01 7.728456617405268236e-01
2.017627998796290012e-01 1.361965297008240761e+00
4.409607762757841026e-02 -8.081041735068016096e-02
3.713449341033576157e-01 7.279563054369012076e-02
2.056865129260027902e-01 1.772107153346444419e-01
6.214826106121066340e-01 -8.446965345024777250e-01
8.818997580826499760e-01 1.730733366137557905e+00
