-2.054411358236968965e+00 -5.702357425618314046e-01
-1.077719678622061084e+00 1.658597247136937014e+00
-1.265804254345225699e+00 5.328039162943335461e-01
-9.426591230166994073e-01 8.941144408819615697e-01
5.674809791675252679e-01 -1.884392239049341444e-03
4.680344377721190607e-01 -9.302417260315205549e-01
-5.891231332040769431e-01 1.525405408495446702e+00
-4.196936361244777980e-01 3.356034242170165272e-02
1.008334137523129170e+00 -2.535432866798508211e+00
-2.535473811652900200e-01 4.307718777258310872e-01
-1.089936178941316225e+00 -1.866908995366019175e+00
-7.568535041945192443e-01 -7.103063189004607536e-02
3.385360308827325415e-01 9.122470998893638106e-01
3.058425614248973523e-01 5.017832058313060895e-01
5.335101477697233585e-02 -1.934928852217006501e+00
5.720977629006612775e-01 1.332018474599970803e+00
6.607198915851220100e-01 1.100589824621522661e+00
8.060997084256689427e-02 -3.012240631616931452e-01
-3.858675140291749628e-01 -9.745002408601936006e-01
-9.547448096326690559e-01 2.469709216949788066e-01
2.326944695366637283e-01 1.646735046676108150e+00
-7.515053433077673040e-01 -4.786359855040389077e-01
-5.832441216979048493e-01 1.521335543793880918e+00
1.902391570585207914e+00 3.262322655743111754e-01
1.649910687791086850e-01 2.688703732016216926e-03
4.526817814973432830e-02 4.610825566804251374e-01
-3.968967398573206018e-01 1.653903779499993065e-01
1.205211684973741398e-02 -2.975957873932607023e-01
-4.535741255968585017e-01 1.445811172014677126e+00
-7.942171975975852449e-01 1.656733355962564769e+00
-3.595118771468746033e-01 -2.362845443266830436e+00
2.228757273606555012e-01 1.396623914212667961e+00
1.448419771404788614e+00 -3.484418750213902349e-01
-7.814731166965627196e-01 1.090879020459494031e+00
1.224773627493628059e+00 -1.615010944240245827e+00
-8.481737890620633102e-01 8.572654065830692671e-01
4.932417968397436181e-01 -5.507871130439740970e-01
4.685182029008324034e-01 -1.941731719835472214e+00
-1.001647398294920777e+00 8.773901319626064010e-01
-7.679315862073107235e-01 1.044396795172982673e+00
1.508363241601792915e+00 -4.353714813386813098e-01
1.342572379399050497e+00 7.788560097281105321e-01
-1.752238792111676657e+00 -8.281618933098174873e-01
-9.000747092070465749e-01 3.618564552160054987e-02
-2.182334292193543135e+00 -3.548100120631680343e-01
-5.363396660742484473e-02 -2.581050103198743617e+00
3.580559079793067534e-01 -5.109138625056240945e-01
-1.074424347933621293e+00 -8.905978787820042486e-01
2.188101916952012171e+00 1.904471047643919723e+00
-2.118151026063824549e+00 6.907958109521866730e-01
-4.798221257469428291e-01 -2.247607718303382907e+00
2.909197372419188299e-01 -2.458731657927474001e-01
-2.584428077290512049e-01 -7.980470836669957546e-02
1.531557321499903646e+00 -4.372716736516368830e-01
1.058579544071396039e-03 -5.054815526896463407e-01
4.840078958830627553e-01 1.746024829906910603e-01
