1.322624229141253771e+00 7.094122749723452692e-01
4.861177508480433729e-01 7.321106644048624990e-01
-5.340659577818150650e-02 -9.084654560521996380e-01
-1.155702663474508896e+00 -1.908096639949390105e-01
-9.008285925172021535e-01 -1.043118715498106308e+00
-1.040625000280830603e+00 -1.160594330407600738e+00
3.106838430118816774e-01 -1.305382029152434009e-01
-1.235716214291380677e+00 7.023432121135452233e-01
-1.784089536568972623e+00 3.299970313675268940e-01
7.296804470234308226e-01 2.524258090052208026e+00
1.516650135682019451e+00 -1.117991505155560839e-01
-6.220334743224773533e-01 4.945814443385787573e-01
-5.596967093737884591e-01 1.133767827219487101e+00
3.623995487996837239e-01 -3.767739739937581156e-01
-1.146624363665956325e+00 -5.162084090017284854e-01
1.788624250534067706e-01 -1.170996832799529708e+00
5.326352798983026160e-01 -6.610635735741716701e-01
-3.995436671029327091e-01 -1.421669243318799403e+00
1.776606109932770128e+00 2.171630181674778726e+00
-9.381398500188958822e-02 -5.021711730499808235e-01
-1.628067717291230565e+00 1.486985698542349077e+00
-5.552234261159019191e-01 6.757978725775043438e-01
7.874419316787469869e-01 -3.167597187672579473e-01
-4.011844184195076934e-01 -1.802232781320111943e-01
2.994486806506460042e-01 -3.330383703180650468e-02
8.101699311317757390e-02 -2.260620809857893043e+00
-1.040667228232136976e+00 -1.044112000028177389e+00
9.696086178159110114e-01 1.837784799988001205e-01
1.986468278570669765e+00 -1.283943503595402769e+00
-1.249720796694496316e+00 9.454555330881490027e-01
-3.803307795507751554e-01 -7.648535480444280943e-02
-2.393874113348724297e-01 1.058606950601691965e+00
5.872899365437362906e-01 -1.365739251897526874e+00
-2.580610883560804925e-01 1.794219847325415174e+00
1.001070783497731709e+00 -1.151360274836325637e+00
3.148494544909489767e-01 7.704110037152351875e-01
2.102914322419744408e+00 1.012021945941966594e+00
7.769632459906057331e-01 -4.429639938905536867e-01
-1.159185196408592383e-01 -1.875716851188135692e+00
-9.466178803429802224e-01 8.492727898588251501e-01
1.046625438996844765e-01 1.158453898953297978e+00
-2.171801891078685154e-01 -9.515319839252863732e-01
1.430797017797483361e+00 5.767288869109080673e-01
-2.602862261975170011e+00 -8.344267954469150039e-01
6.593702062691491061e-01 7.498354079309590414e-01
-3.607753801370524038e-01 -2.694337914839790571e-01
3.903199818186576797e-01 1.251737851998959483e+00
-1.549177266692704391e+00 6.938237413702211254e-02
4.496046776162127001e-01 1.308075607835344600e+00
-1.501951820476840338e-01 -4.718387318891769655e-01
6.060380204836388618e-01 -8.753571447733778099e-02
1.081722158200937756e+00 5.111078230169725095e-02
1.236790316153960401e+00 9.307274833815787352e-02
-2.136126866631498644e-01 -1.145039896209369523e+00
6.026589851144864562e-01 -3.503132091939891168e-01
4.644065950261785369e-01 -1.379491682312712075e-01
