4.395250542219032441e-01 3.297642254557782704e-01
2.166147584061585141e-01 3.247856664316060571e-01
-2.512290117285020385e-01 1.027477001666499579e+00
1.640995627421289793e+00 -2.330860133258946920e+00
2.423091910798375135e-03 5.211435638895199896e-01
-1.967313248007295456e+00 1.511063586746255849e+00
-1.332483122104949569e+00 2.395151777015660954e+00
1.538834418990631558e+00 -2.714102154711539594e-01
-2.833616600219578466e-02 -5.545512359154343152e-01
4.445758075362962192e-01 -9.671221806034699942e-01
-3.377105937244421208e-01 -1.019107136976984268e-01
-1.244408457857068134e-01 5.752390565027172276e-01
6.110844621612319116e-01 5.082039899459461774e-01
-1.160796576834969729e+00 -1.357554883371185017e+00
3.921596835620728277e-02 -8.223168826537675669e-01
-1.600362106417825281e+00 9.110002616598573966e-02
2.497399099272036294e-01 -1.076068254862571738e+00
-1.521858708583214481e+00 -2.222549257597656869e-01
1.364366197561012850e+00 -2.269789851636164535e+00
1.435895377048139986e-02 -6.414226038382631057e-01
9.384995702498789560e-01 8.036531455394002599e-02
-1.690552923239408312e+00 1.085586885963067072e+00
5.338419548044691654e-01 -6.386636223672584323e-02
3.493846534962303796e-01 -3.943503638379031173e-01
2.104428037492440673e-01 -6.027933702272363359e-01
-6.293757305263136814e-01 2.291375099502893864e+00
-6.136129145783260075e-01 -7.106008361442239796e-02
-1.300594635177841685e+00 -4.408688468483685230e-01
-1.163991781281352722e+00 1.658192444052200232e+00
5.469114601732737446e-01 -9.662058668584720678e-02
-4.212565979942802796e-01 1.609469588661296857e+00
-1.586793663280386957e-01 -2.025765286083597072e+00
3.911302696124203948e-02 1.293550143532597452e-01
2.648892014388992341e-02 1.657099930835964186e+00
-2.255085922665439335e-01 1.076503669192963031e+00
4.333121644444307696e-01 -1.218305343450576395e-01
-1.585149887071226171e+00 1.472354414350749430e+00
1.117156612182992115e+00 -5.991742574349414596e-01
1.489071845766457791e+00 -4.926512978286788358e-01
-6.352760672204136316e-01 -1.139993874365780036e+00
8.055274476192333388e-01 -1.026544106633393016e-01
1.588077828297395966e+00 -5.807622338277594887e-01
-1.709502088780566476e-01 -4.310169347817383589e-01
1.162573184037560825e-01 -1.072910448326996447e+00
8.333889359077514825e-02 9.953766986232303049e-01
-3.320661842583035872e-01 -2.954115737671134667e-01
2.228727152657017374e-01 -9.328116443626687238e-01
7.277187366838265559e-02 7.752533597943358501e-01
1.077212650122879367e+00 1.693374445573861686e-01
-2.056993679085731053e+00 1.091297807560103417e+00
-1.134049392525581651e-01 1.265929068543678149e+00
-8.293042158911798634e-01 1.511426154564069924e+00
1.652170247026278016e+00 -8.090906189229797318e-01
7.523080751931715549e-01 4.384615737387909662e-01
-8.735836840318921270e-01 1.398597197945357973e+00
4.667307889011127614e-02 -4.088529897105531163e-01
