1.917973295619500307e-01 4.539862800208833288e-02
2.718691617722783782e-01 4.089398659327278529e-01
8.056969883148235034e-01 -1.646172788837318324e+00
5.666629188291552599e-02 9.920131853202713845e-01
-2.078594953981793003e-01 -1.468059265137352742e+00
-1.942237458542621364e-01 1.272741576667247410e+00
-1.389584311147366302e-01 2.355467341073358700e-01
6.146648821173364974e-01 -4.554929545984809924e-01
-3.479941572367656888e-01 1.342233994073609882e+00
3.590519297055089765e-01 -1.944115441933933763e-01
1.326982439851187356e+00 -1.320836533924620415e+00
-7.879802269586261287e-01 1.594213189146016951e+00
8.104743501533322458e-01 -7.240494938126897928e-01
-9.057754917407485618e-01 -7.734172353551455048e-01
-9.780199627430539167e-01 5.102959807773691514e-01
5.892752619487507948e-01 -5.274892103870430782e-02
-5.676372989756660603e-01 1.147954589645937995e+00
-1.978207996151704950e+00 -6.461031936591382641e-01
3.787931096343074601e-03 -1.251489440022408139e+00
-5.257841967733722921e-01 -1.603618725041018100e+00
1.711759861666922067e+00 -7.542247328052920086e-01
-6.216855945852038934e-01 1.978503504709519800e-01
-2.361960633072081595e-01 -6.107738710102504909e-01
2.350257574189433263e-01 -1.273876224575714922e+00
-1.974483907490016676e-01 9.776389440875528081e-01
7.059464442837445897e-02 7.458061627673633343e-01
5.863004453605308308e-01 9.706128887344019907e-01
3.856470415705200994e-01 -1.950221265703824258e+00
-1.793924969239819589e+00 -7.272898063296875382e-01
6.216444382003034619e-01 4.652140049979101022e-01
-2.245491701315420752e-01 7.239095594143444279e-01
-2.042518399613968069e-02 4.407841768542292149e-02
1.353917862006226880e+00 4.158643322905580253e-01
4.608688152621449596e-01 2.232722224961653512e-01
-8.205422228703260767e-01 -3.896486214819214755e-01
-3.359555133702303298e-01 6.236726364605797990e-01
1.735126421012398445e-01 7.370405192614484235e-01
-7.355311955563227366e-01 2.802569189969794095e-01
1.007226006489240877e+00 5.956374622091930027e-01
-2.239170925481346608e-01 3.957796805753078795e-01
-6.815717780718719698e-01 1.310213156765396736e+00
2.829399454364273092e-01 -6.886307423714175258e-01
6.940339146330810616e-01 -1.105273337672347811e+00
3.405068068602227216e-01 -2.350271423683116812e-01
1.672874824569569485e+00 -1.424139549246437708e+00
-1.545544600940608193e+00 8.513994403733712302e-01
7.499959222883773036e-01 -3.488553717016548705e-01
1.172597514931673635e+00 2.071347911941460396e+00
4.877052359891941857e-01 -4.598673232366413122e-01
-5.486161397864663947e-01 -1.557485793684825481e-01
-1.237018707041806165e+00 1.137751766251262620e+00
-5.164537781352901424e-01 -6.773210060885835881e-01
1.257607899242529470e+00 7.078091914135133944e-01
-9.843522480546066378e-01 8.733295919161645493e-01
-3.938632887760110113e-01 5.444294297419761258e-02
-2.170760395877371629e-01 -1.419427215615622351e-01
