-1.019817466485552493e-01 -6.368421401418186134e-01
5.647485752433293316e-01 1.466972082143450207e+00
1.110354001767309473e+00 -3.295901889370397853e-01
9.864560090795170266e-01 -7.182495056496390751e-01
7.214577951748477602e-01 1.268703930428310422e-01
-1.676319884538798322e-01 7.376587913944609998e-02
8.868276911891779246e-01 6.573398840655875208e-01
4.467077556138563943e-01 1.036605605474929526e+00
-9.942818483780389849e-02 -1.991229920943909271e+00
-6.016746482948516217e-01 5.080309040696018297e-01
-5.080700097629513579e-01 1.635197773411744826e-01
2.136368638049881863e+00 -1.484042439973284888e-01
-2.755099267201575053e-01 -6.493004909610983200e-01
7.663994076512072873e-01 -5.776373403265042672e-01
7.122970028882409377e-01 -5.390234573131821860e-02
9.573504464723003871e-01 -6.142415247443574478e-01
-1.448367601614597655e+00 9.838927676096960173e-01
5.180745804625889184e-01 -2.378904686668712465e-01
7.609752125368890452e-01 -1.124056971542727767e+00
1.467926179400715014e+00 1.380900946157796794e+00
4.196698931512791164e-01 6.974973037474074822e-01
1.184878027452547500e-01 -7.229130739518142557e-01
-4.218643789723868220e-01 -1.600523464229740567e+00
-7.367004243659611706e-01 -8.268091392356317904e-02
2.492495687107307845e-01 3.705228781763234558e-01
5.867145044726250758e-01 6.181515268898449822e-01
8.473320382881619484e-01 -1.598132123376358793e+00
-8.504789517985602565e-01 -7.112488432504701086e-01
4.062030048232086188e-03 1.168921112411282909e-01
3.476351004862368588e-02 2.040615042254606271e-01
-1.322921638634457553e+00 -1.494339159418974772e+00
1.795797565056666656e+00 1.987057392147050017e+00
2.429220795217862938e-01 -1.020735338900015554e+00
4.970646098806044133e-01 -5.430764085630969129e-01
-8.083350351768570086e-02 -1.286175225878141148e+00
-4.914157957695950985e-01 1.234048372876392019e+00
8.756753419462744992e-01 -5.914056562012532936e-01
-4.850394725318455946e-01 -1.273920559307575862e-02
-1.767054246938349615e-01 5.072948934176481073e-01
-7.806736303100231256e-01 2.099147272014682819e-01
-8.345573259061694893e-01 -1.085768149739692712e+00
-4.776304697681615918e-01 -2.942024449447034895e-01
8.192509329158139675e-01 -1.311166250450130466e+00
-1.198025376990657503e-01 1.093787809031280256e+00
3.093137047811103102e-01 -1.236762348830653835e+00
2.779709195491047335e+00 7.190530075922052511e-01
8.984496530652187340e-01 -5.566519235802853682e-01
1.199758835265026358e+00 1.234341706030103875e-01
1.722993451199234527e-01 -8.864073408504726803e-01
8.085959647011351503e-01 1.187513651221268063e-01
5.151142989321227939e-01 2.542252026884966876e-02
-1.384991631281863533e+00 9.691752275725930288e-02
7.731817317029301417e-01 -2.834494571910118221e+00
3.403562550979579160e-01 -1.676086158446653609e-02
-3.314194389408915420e-01 -1.234158926264111056e+00
8.470971318953439688e-01 -3.421563662373711678e-01
