1.788646180470250924e+00 -9.781082797606680534e-01
-9.276229928993323659e-01 -8.590065219058430346e-01
1.664037041005447248e+00 6.441050085053616758e-01
-3.438411591941815115e-01 -5.963935683631442775e-01
1.471332796214225525e+00 -6.566473168027648910e-01
-7.461503246507821263e-01 -1.186791562626797081e+00
1.820275900262770641e+00 1.567772428037918164e+00
2.462096751956992791e-01 -1.827153397679374569e+00
-6.986556011063214111e-01 7.658034611470139197e-01
4.256739659534809483e-01 6.874350993414825028e-01
-3.581664584386181072e-01 -1.007835284240947704e+00
4.772997872273588293e-01 4.187469110095995428e-01
6.604000922390312889e-02 -5.356556893158984645e-01
1.038711740146277096e+00 -6.173298756327043613e-01
8.041316831636245999e-01 6.634333360283857228e-01
1.778830889809771998e+00 7.225319569959335331e-01
1.493445760121550614e-01 1.683361939943675445e+00
-3.852788576048153391e-01 3.627212429857706311e-01
-8.179672321454282968e-02 9.245632471141826958e-01
-1.164533065011904123e+00 9.677136047892408444e-01
-1.759736185987031742e+00 1.289089611851563344e+00
-1.088725240163131103e+00 -1.946107599048334746e+00
-1.035760959079114585e+00 -1.911300223128695880e-02
4.775553060897013702e-01 -4.378244551114430783e-01
-1.719332030092095565e+00 -4.865267077745571989e-01
1.865618112690057284e-01 -1.773493993615116393e+00
4.807822873269236852e-01 2.349703392526224233e-01
4.718189582616567068e-01 7.364175468866284158e-01
-1.046977568417186033e+00 -4.777681345343983699e-01
-3.272607913429342874e-01 -1.226569216678108143e+00
-9.019712593433237835e-01 2.982868887417011380e-02
7.190316337533485536e-01 -2.447159315848927541e+00
-2.652684994169150490e-01 -9.614532264001738326e-01
-3.391263484179667387e-01 5.555561687900704149e-01
-8.991531207696049632e-01 -6.899317547794893146e-01
-2.802813021814968053e+00 1.649139348274927031e+00
-1.609083830830072337e+00 -1.684665663442617367e+00
-1.341240196109869220e+00 -5.307511070374710399e-02
3.731953200165598061e-01 -6.523321118897486282e-02
-3.612398500430861747e-01 1.260536496998018452e-01
8.117210511801525863e-01 -3.310277434066562496e-01
6.013732846504321605e-01 -7.667371113582313047e-01
-1.581814491094979847e+00 -9.432823561140020185e-01
-7.718983512605552821e-01 -1.010644600023002493e+00
-2.110598773281579632e+00 1.763980961166203620e+00
-8.607751754921851850e-01 5.895393598132021573e-01
-2.689486417075385560e-03 2.249619418701878371e-01
9.064680614797379077e-01 1.186009398402897846e-02
-5.358710508808556261e-01 -4.503176164276265214e-01
1.932573116120605006e-01 -1.576422692051187013e-01
-8.680045010856741738e-01 -7.557999835058240023e-01
3.485132406261635118e-01 1.247890589464480809e-01
-8.392294909899020716e-01 -1.672381348507019805e+00
1.267618147818170837e-01 -7.235824478076489097e-01
1.403322552368340359e+00 -5.128087539396385397e-01
8.324530601410501385e-02 1.116439439586430993e+00
