1.265874577939804402e+00 -2.565909869627611140e-01
-7.549754087866510366e-01 1.504960041046524699e+00
1.081956963118496651e+00 1.626983294284066739e-01
-4.485150072768185892e-01 -6.056679511060284460e-01
9.477369886872455407e-01 1.210093985336033517e+00
1.054042627809645305e+00 -2.700703721878189079e+00
5.502003220666024097e-01 6.226871706143203289e-01
7.760334838540771107e-01 -3.969197044030345345e-01
-2.049087383752907776e+00 1.220709260803915619e+00
7.224200729428398304e-01 2.038730922612671040e-02
9.624741030137706765e-01 6.339703479227073446e-01
1.136238821939181270e-01 1.469883484019008035e+00
8.268972115469089279e-02 -1.103312550834377598e-01
1.289176996283665666e+00 -1.589010801174129406e-01
4.269370637283363412e-01 1.470073232567961630e-01
-8.691968421991795868e-01 1.644648771886471739e+00
1.013659336153674762e+00 -1.140028179990121737e+00
6.396455248683138306e-01 -1.328611729966466370e+00
1.569093900522457563e+00 1.085263000384988352e+00
1.753889655426671634e+00 1.014062799189233477e+00
-3.049053510589248450e+00 4.046247612065496102e-01
-1.163812967597710690e+00 -2.959155383619181956e-01
-7.520077484578673310e-01 -4.263682468513464441e-01
-8.607267736447818396e-02 -1.092220405142164674e+00
1.109322860455649540e+00 -1.267879460730552355e+00
-8.994219426363968539e-01 -8.707804096105236091e-01
4.871884016085172853e-01 4.766031356436303823e-01
-2.516160835806838802e-01 -5.550686975361659448e-01
-1.314222101194213455e+00 1.577241033758582101e-01
2.441749941169985005e-01 1.609482762885045215e+00
-4.078991967779890260e-01 8.696159530340686894e-01
-5.339563300067327184e-03 -6.791580485839032733e-01
5.567963919664564720e-01 1.233909039874077074e+00
9.105611705214530227e-01 8.359297606993931762e-01
-1.416840521907964057e+00 -2.974801758977354549e-01
-2.234569055377681579e+00 1.404690421503440145e+00
-1.561224713203576364e+00 -7.021878763173222682e-01
-1.096607382758886251e+00 -1.077937289325210102e-01
1.012541351263409051e-01 7.987059284535351633e-01
5.336859440403345367e-01 9.531503276621731136e-01
-9.591717406420026404e-02 -4.471701821025921286e-01
1.066708571643899123e-01 2.132795169091874776e-01
2.375092802285901694e+00 -2.887716534317318895e-01
-9.043316395705580657e-01 -1.033423170639398148e+00
1.094754122643172956e+00 -1.283090214315630639e+00
-6.387637483407365702e-01 -1.234760969119918173e+00
-1.232102933620322416e+00 6.779088436682819685e-01
1.169613767273924992e-01 3.827600780312710033e-02
2.636362885645177068e-01 -1.024897525176188262e+00
-1.257390364232313651e+00 -1.181190507338926610e+00
3.653884800525640242e-01 4.290661456422253939e-01
3.348500334510815524e-01 -1.206534023350877005e+00
-3.631128455028855700e-02 -1.273286670651343044e+00
6.153450066980863109e-02 -1.613640466484982161e+00
-7.323918261879384106e-01 -1.370109082247634169e-01
3.859425881520506946e-02 -1.332201360670423718e+00
