6.471179407840560449e-01 -1.042024365701867405e-01
1.320271561282279960e+00 8.055484665803297473e-01
-8.063922293017589116e-01 4.422946731309783108e-01
4.272986461735023278e-01 2.421087239013188508e-01
9.650939162872440580e-01 -2.600926302236432619e-01
-7.003185396126844209e-01 -1.339299573555765788e+00
-1.020804663941357715e+00 -6.321446764899540938e-01
-9.376226183360254485e-01 2.347990785968085414e-01
1.592207553861075819e+00 -9.276982927078119001e-01
-2.066686178353868419e-01 -1.488563478418477359e+00
-3.454661386841642590e-02 -5.494312028689138927e-01
-1.044231040401990773e+00 -6.313640854948497916e-01
7.898270224400402162e-01 4.593251729482281664e-01
-9.218854775919784750e-01 1.268553045175162264e-01
-1.843564023804614427e-01 3.587899710157118616e-01
-1.252204707618778556e+00 -1.698812562726272457e+00
-2.448350383351761139e-01 -8.673797227956577816e-01
-1.127375455297685791e+00 -3.117810084686831740e-01
9.164658438438939569e-01 1.174889654132813127e-01
5.169469168819353921e-01 2.698971989273800665e-01
-8.291562257462422592e-01 -2.181208215653473559e+00
-2.802760486076602553e-01 -9.686759180923599777e-01
5.410929970343137940e-01 -1.875746432733208791e-01
8.074878228142405856e-01 -4.147144243734212088e-01
6.877436714917802840e-01 -6.269656137035706234e-01
-5.360357497792606063e-01 -8.570950451239076617e-01
2.746692462547862812e-01 -5.922324076014420235e-01
1.384492424628987806e+00 -1.123252011760381475e+00
-3.598315982913353334e-02 2.204872626110494949e+00
-2.140237249323303281e+00 1.036314357078972348e-01
-5.975781566827910174e-01 -3.940821651424528116e-01
3.817632447407062202e-01 2.093649200131344035e+00
-8.871387854257165584e-01 2.286195817154879767e-02
-2.392530347202675323e+00 -8.820780708543845411e-03
3.442386700135995348e-01 -2.802154294192264139e+00
-1.512627791594467253e+00 1.036967070930484125e+00
1.361573998989591416e+00 -2.711772359758362616e-01
1.529270230571513567e+00 1.443423998689316590e-01
1.073215392535282309e+00 1.667567951227863388e+00
-5.557398017706649540e-01 1.894704502363344922e-01
2.439991106604653570e+00 -4.464724543091792563e-01
-1.299564404712890975e-01 -1.455224655033609871e+00
2.295672281047163032e+00 3.003730810739574375e-01
-2.460485683780571642e-01 5.052317240562584910e-01
3.286713360198100231e-01 -7.054406579207962436e-01
9.309400748452916208e-01 -1.356377838967895988e+00
-2.739632421528387929e-01 -2.757772081807325359e-01
-1.695584133282825201e+00 7.461959870251340110e-01
-4.612946229097803497e-01 2.389747498705363515e-02
1.210270731941060163e+00 4.067419863799872498e-02
1.510118584954057985e-01 -9.948969683791542007e-01
9.258938614404500778e-02 -2.781989627745412808e+00
-4.718863968438906098e-01 -6.288713974639351667e-01
-2.456960702799306506e-01 1.366903734697896500e+00
4.965296203381503459e-01 -1.375392864935352177e+00
-1.668157444606122697e+00 1.331237017093881869e+00
