-1.089620206153856241e+00 6.481594731010823507e-01
8.480940430006249642e-01 -1.175195904397204005e+00
2.797151647032878885e-01 2.420954099377784774e-01
3.804515611703997435e-01 -9.704078657195729140e-04
4.512343085951749377e-01 -1.436584517712754083e+00
1.138330739412238835e+00 1.748554237911705833e+00
1.440209396069040082e+00 -7.883015147197336425e-01
1.093778673326987194e+00 -1.382892656719809099e-01
3.629380500873223281e-01 8.052365375994825492e-01
1.122762504104999996e-02 -6.165229120450479439e-01
3.256704296297892043e-01 -6.866751468681776549e-01
5.297196215880909387e-01 -1.497744192256460050e+00
8.296342816274060450e-02 -8.699985328090523717e-01
2.452028702555820727e-01 1.318285161415479467e-01
-1.489790309744364327e+00 -3.595982910707069546e-01
6.571605726393776603e-01 1.179895801160113722e+00
-1.613686675652340696e+00 -8.724842984155717351e-01
-4.318972812142412021e-01 1.051001018586526087e-01
7.681824025489711327e-02 1.066001161971531719e+00
-3.117328895986303805e-01 1.053782136352389820e+00
-7.246255432613789571e-01 5.597080889534484793e-01
1.276860204731818049e+00 1.715367478249766542e+00
1.375429444735569273e+00 -6.726342412439629825e-01
2.807557134590517034e-01 1.575796313566091067e+00
4.519681552758727378e-02 -5.966330574422052946e-01
6.321077624568606224e-01 -4.276745860984536018e-01
6.818771282844746651e-01 8.032642766811357582e-01
-6.306971632653813886e-01 6.991138384452779686e-01
4.561343859430598835e-01 -1.311736241498892452e+00
5.039587340827925699e-01 -1.983218150664341151e+00
-4.410908399602921914e-01 1.612900951350232370e+00
-2.594709556655314664e-01 -1.342972152470209624e+00
2.579535283079927299e-01 2.532941878158612603e+00
-4.669348111964256032e-01 -9.867058601289576680e-01
2.185656614194394276e+00 2.089587152215324761e-01
5.547091924077841574e-01 1.485469140543508870e-01
-1.027712270473815748e+00 -3.789017419477122561e-01
-6.894153625710390809e-01 -5.446799094891160431e-01
-9.364818735483358969e-01 7.765206498315651018e-01
-6.604243900750277341e-01 3.497814669886395444e-01
-1.515685082475121404e-01 -2.598058385107709922e-02
-8.449153349407405589e-01 -3.628267995517613365e-01
-4.229666119799460056e-01 -4.269519556820759731e-02
6.271223554885565488e-01 1.777327452511568318e+00
5.651529548934779157e-02 4.587868330430334152e-01
1.592145095845716174e+00 -1.424823010185161554e+00
5.783368473526819820e-01 1.051875162386729096e-01
2.014845206667329747e-01 -6.716219231779346766e-01
9.931382247049176382e-01 -8.225396582279109747e-01
-6.529391003992798259e-01 5.949820132582993304e-02
2.786905238927350204e-01 8.233934870031159869e-01
2.686608441777968426e-01 -5.499453666831820575e-01
-7.225441210614000909e-01 9.322919365134344494e-01
-9.164053158052380688e-02 9.340369282012153107e-01
-6.256302766033509100e-01 -1.633308553090824455e+00
8.161220824276589347e-01 2.732941559730489578e-01
