1.741145314950426348e+00 8.606023053338269779e-01
-4.324547793991282418e-01 -5.003551972690069294e-02
-4.517644875688988093e-01 4.381494481076314562e-02
-9.218661228904092564e-01 -3.899430216318856002e-01
4.779355405845167604e-02 -8.469664768089306406e-02
-7.495697677336997655e-01 -3.782328306343860080e-01
-6.734763921938442532e-01 1.719054572967197547e+00
1.797737239186161518e-01 1.293584298254929932e+00
1.127188730420626950e+00 -9.582441893331931082e-01
-2.789591908067908799e-01 3.800318637690250911e-01
-1.084518792610492444e+00 4.715228190873320124e-01
1.984838138324057866e+00 -2.685290090090870496e-01
-1.919968871743820971e-01 1.249533628320382839e+00
1.962216076490913785e+00 -8.479278714056268651e-01
-3.984108622781155074e-01 1.116099259572391089e+00
-2.677290925367148966e-01 1.245035082639812885e+00
1.053401914359582525e+00 5.537524908869870810e-01
-1.366084647395833906e+00 8.022160360321616279e-01
-3.006258993804341584e-01 -8.819627804248666436e-01
1.799709540736848412e+00 -9.351349063555852714e-01
-9.603667988554756008e-01 -1.875822742799154952e+00
2.228051417463653150e-01 4.538960322700228422e-01
6.835944092760987134e-01 1.720800685774065142e-01
1.593467431047367766e+00 -8.674615188659937082e-02
-1.130416650287131342e+00 -7.946478958891206590e-01
1.257768156584951003e+00 2.134707520262590641e-01
-8.485040371626985378e-02 4.816088998453193493e-01
6.756706756168302519e-01 1.899744347375788844e-01
-1.529460572323746437e+00 4.178039033757757065e-02
-3.784291118996387093e-02 8.925241547082004567e-01
3.201033804612998107e-02 -1.038598937651655119e+00
-1.168233224368887546e+00 6.603343352462285321e-01
-1.241243380196014809e-02 3.517300312104331139e-01
9.253433465173573069e-02 -9.376148635064875947e-01
6.121201905837857504e-01 -4.809464834388703647e-01
-1.576207375188322324e+00 7.722981655010646707e-01
-5.704933334506802067e-01 -1.368270495432265810e-01
1.532573964273840295e+00 1.603752824571014868e+00
-7.019575672379381459e-02 1.020984567003559551e+00
1.011260534900955355e+00 4.564871891409720828e-01
-3.544414424513180339e-01 4.766149500963726138e-01
2.698761602960297323e-01 -3.503014298398222093e-01
-1.545622067491411622e+00 8.231440172143477119e-01
-1.177865001915596288e+00 -2.368974193783433824e-01
6.405168741323615800e-01 -6.042877216840352173e-01
-6.425849454712674325e-01 2.844659733502684862e+00
3.939319203422901872e-01 1.778784951411364279e+00
3.701841129196203339e-01 1.271144652386743568e+00
9.239326876607720784e-01 -8.267614492698759365e-01
-8.481021271762256841e-01 -8.429856051786362159e-02
1.364599610373565586e+00 -2.269986995362039739e+00
4.148919999171956641e-01 -2.983575204285854987e+00
-1.053254645103775644e+00 -5.592039851420825824e-01
-9.662039610128924094e-01 -1.480513714920148383e+00
1.071704883353111981e+00 1.379093488061764461e+00
7.063108569480002208e-01 2.011605258043095645e+00
