-1.950751852737296621e-01 -7.309113671460892858e-01
1.348492451312203633e+00 -5.204335643623381191e-01
-5.167576967662638188e-01 1.981246327843934507e+00
1.937836478503940085e-01 -6.185740619076773861e-01
-9.802370868055994002e-01 -1.444012771007110674e+00
-5.475135117148548503e-01 8.070167998220313388e-01
1.210676553214565576e+00 -2.052205680148341538e-01
-9.669901605673296707e-01 6.181376131623287362e-01
-6.461962480713412393e-01 -1.050035651191862790e-01
-1.916304392636950515e-01 -6.356180177011995502e-02
-8.291123387592287397e-01 -2.157636832281315808e-01
-1.355427424087555455e+00 1.344688647363534439e+00
-1.361170667334962614e+00 4.778479861846132160e-01
3.919092555407498457e-01 6.211075214751632378e-01
-8.759632525151591631e-01 1.969195730532723232e+00
-1.321727095918159733e+00 2.142846835234009373e-01
-8.664142087735883235e-01 -7.181428078144826976e-01
-3.992021790290466859e-02 -5.138811808053029839e-01
-5.451282893669187057e-01 8.536609092659062092e-01
6.594311805960714201e-01 1.835550062639111246e+00
5.284952237659018559e-01 6.420677742740890093e-01
1.480308719862963640e+00 1.014332258943995591e+00
1.584862385500115156e+00 -5.368808899592325545e-01
1.141554423034736976e+00 -9.645406163511293096e-01
-8.369983909541814926e-01 4.193627264095809992e-01
1.266548992761627579e+00 -1.338375424341371023e+00
-1.074981662460376075e+00 1.328248791877778556e+00
3.222296811169598763e-01 -8.564382966605215142e-01
-6.002413342708213390e-02 -5.771830357499271313e-01
3.357730014393817131e-01 7.059888762059662870e-02
4.722232488805909179e-01 -1.308340708388597839e+00
4.756437293058973226e-01 -2.780359663380256863e-01
-1.314010491533307068e+00 9.183466478576934877e-01
5.547972663958330442e-01 4.811739757328342137e-01
1.717480668248479114e+00 -1.530626843858443831e+00
-2.085844125552673400e+00 6.482020105935495380e-01
-1.170949158506030985e+00 2.165583462589272923e+00
1.720615804627262824e+00 -9.974515964438810389e-01
6.118352024553842528e-01 -5.885639946293451386e-02
1.451859415276229415e+00 -3.461743023191178603e-02
-8.154627164972721998e-01 -9.139060643520212635e-01
-2.080966706560648249e-01 -3.019572972602509453e-01
-5.123667309905215461e-01 -5.212494223611697786e-01
2.372518805381835516e-01 1.552534859251921473e+00
-1.575448148394738679e+00 -9.397223905364298080e-01
1.067082228262438703e-01 -9.123624810902809523e-01
-3.628816951440405059e-01 9.282165336558477753e-01
6.939664785939870795e-01 -7.813004860551302222e-03
-1.534593413830312114e+00 -1.203119882584231082e+00
-3.888220710832511195e-01 3.765457222883560884e-01
-5.156297476781254163e-01 -4.728856396943622031e-01
-8.665094042434979826e-01 -8.899935152682095230e-02
-1.605270976749775813e-01 2.158798372545177313e-01
-5.206806205063764237e-01 -6.224546037809925991e-01
-4.982813191269828135e-01 8.080264035675029932e-01
-3.237736710631339276e-01 4.507216360731833849e-01
