-1.284678585668357575e+00 -5.322052206277295694e-01
8.834836847178486607e-01 -6.735720040196809810e-01
-9.927411672290405997e-01 -4.815357916875819266e-01
3.161296366570078842e-01 4.801182171280199973e-01
-2.805966391951835726e-01 -2.014251619100879409e-01
-3.380142454779821448e-01 1.654719579761233961e+00
-2.602499174855988695e+00 -9.302381306283085127e-01
-8.948098705661899910e-01 -1.622513749770076563e+00
-1.358818768820000633e+00 1.559305552467239453e+00
-8.501361519759706997e-01 -3.140449393039782683e-02
-1.470228144658335401e+00 1.298327604478256569e+00
1.476439575009222682e-01 -3.100173876137309881e-01
2.395175958107313430e-01 9.473906297301513124e-01
-1.162824537136068148e+00 1.296939501592740296e+00
9.093070075134174202e-01 1.636144803078745324e+00
8.088013336987524005e-01 5.212270335654257680e-01
1.549583896657737547e+00 -8.309895591700036110e-01
-2.452266723792030298e-02 5.156149405307071110e-01
1.571815471161092548e+00 -7.131122502535705912e-03
1.303184737843658736e+00 -1.380971376436037875e-03
-7.161325443268323765e-01 -9.086470034853053046e-02
-1.050881966154587843e+00 3.284413445198922643e-01
7.615078531427835751e-01 8.316835238400023256e-01
2.760412108988774538e-01 2.748661105197885424e-01
6.206939760302019327e-01 -1.332038180729292698e+00
-7.807672810868367952e-01 -4.074220778924425579e-01
1.004588908164204986e+00 4.296644019578067103e-02
-5.111812219800010437e-01 4.099195904207459940e-01
2.823252420341484936e-01 -2.389266838266334084e-02
2.349852545312718366e+00 2.809822061230138890e-01
-3.170687268703509948e-02 -1.131944258444111506e+00
6.650336873151496686e-01 -3.724731547620886013e-02
4.586366726807635796e-01 7.956811469327678132e-01
7.038961285550466851e-01 3.067622191608545545e-01
-2.873401116570550862e-01 -5.355740955347984000e-01
1.189016871894807759e+00 -1.503260981001095953e+00
-1.186850025581957846e+00 1.089390363914380266e+00
1.146869634826956030e+00 -1.600068199960724469e+00
-5.796292044802409116e-01 -1.070487332902768207e+00
-1.738249910492068173e-01 1.705516283731600025e+00
3.292111927747391475e-01 -4.657965098138240889e-01
7.183181567768951448e-01 -3.234317167073376686e-01
-2.573948929855453538e-01 1.077420013384894126e+00
-3.699973597301393080e-01 1.512763672360073253e+00
3.609901520482662329e-01 -4.100322888773689223e-01
4.908678133469973615e-02 7.176762175754252127e-01
-1.731711120530019521e+00 4.095389634290396152e-01
5.114881697624586998e-01 -4.924225046613185386e-01
4.201568859295053138e-02 -3.731185545363491229e-01
-1.883148980900693159e+00 1.087322134969798126e-01
1.119099746131290818e+00 1.728874781864432553e+00
6.303326426511665984e-03 2.281162590400189483e-01
6.013051976457217673e-01 -1.255300701192024575e-02
-6.018625730156723641e-01 9.912037959134751830e-01
1.997529612792447173e-01 3.138448805901405403e-01
-1.473752653099537513e+00 6.912079044857120935e-02
