-1.131224791997996082e+00 1.442710164985136767e-01
1.417234065548251154e+00 2.341378402048231167e-01
1.231253689203941404e+00 -1.249656674738345297e-01
-8.561519463908265903e-01 -8.596326290159540529e-01
1.799921004395967084e-01 -4.540626048685350580e-01
-2.240280505523584154e+00 1.935474977119378437e+00
-7.424749364194230261e-02 -5.966910757431089646e-02
3.384650211197932079e-01 -5.845749430879377817e-01
9.049104944528574279e-02 5.631055327725794646e-01
-1.022245608465375266e+00 -1.546186456980856772e+00
2.113792375139863233e-01 -7.491967578168373665e-01
2.636634442958961655e-01 8.355819039653661351e-01
-8.618393201524711111e-01 5.370761374830718138e-01
-1.948169896285849023e-01 1.259544672406973653e+00
-1.209898078896207485e+00 3.665030002084525562e-01
-2.860710533403050815e-01 3.192484706141768824e-01
-1.561534887768281976e+00 -4.496016692566860429e-01
-1.447294188769083334e+00 -1.799704333587406058e-01
1.780900042373179948e-01 -5.679573056704521061e-01
-1.151637831923233435e+00 -3.433491836621628823e-01
-3.787146854159724185e-01 -1.934406527326520298e+00
-8.483661675444571504e-01 -4.488946314794410308e-01
3.626157964299580039e-01 -1.286597496205965419e+00
-8.332242825149018817e-01 -9.048587838559829510e-01
1.132938832050084388e+00 -1.888088786473345049e-02
-1.198121809735327670e+00 3.846857971924097508e-02
4.817966594212936826e-01 6.249904422943777238e-01
-1.366707197355012893e+00 -1.670675969269510563e+00
6.175761078448575025e-01 -3.409572719653804485e-01
-3.070481567995442251e-01 3.223927375268986761e-01
1.667193014509594562e+00 -8.907168076935521039e-01
5.230687611539204251e-01 2.362335426091016211e-01
-6.815535887223640732e-02 9.440213782298479961e-01
-1.317731960150636761e+00 -7.610605238526092498e-01
8.324526982073924275e-01 7.231691504159070139e-01
1.039435629634834379e+00 7.347674941403009585e-01
-1.263427912257458319e+00 1.491855819945579587e+00
-2.989989133193309834e-01 -1.267704490263112937e+00
-2.202155672056730906e-01 5.965554192010533718e-01
1.590523193601143914e+00 1.752068328985391665e-01
-6.911993772586233487e-01 6.201776946179765604e-01
2.944136189351277688e-02 -1.030704018913828568e+00
5.082689616666598020e-01 -1.716558213385520337e-02
-1.271107068314019317e+00 -7.481295148332973710e-01
-4.742116681047103821e-01 1.787521511208523428e+00
5.397775644580972143e-01 1.085910625824245246e+00
-5.865720297008759632e-01 1.574590319431149188e-01
-2.066044844608885822e-02 -5.236232571871711761e-01
1.079488948480261147e-02 6.626449905266590390e-02
-7.151461261246755408e-01 -5.427346856102241435e-02
1.441569033107743758e+00 1.088871748378044568e+00
3.750575637433815057e-01 -3.947959635893275032e-01
-4.592409601461562851e-01 -3.862670173719510713e-01
-1.203715412941409157e+00 8.922648893031696060e-01
1.616850349480323246e+00 1.488567267460044752e+00
-1.455168601712207854e+00 5.299974378792633445e-01
