-1.245031428847900523e+00 1.662255591409886879e+00
1.283009580854866938e-01 -7.877513673946874295e-01
1.527700749145544379e-01 -6.749397928788205547e-01
4.162707770675783681e-01 -4.301278220593381940e-01
-3.544402711839255149e-01 -3.702897406517553502e-01
2.047043032007535235e+00 1.168784168785259148e+00
1.121732161931612071e+00 -1.601889784441250963e+00
1.845129452886580812e-01 -2.729548200535580893e-01
8.110605566598630967e-01 1.030905140717514490e+00
8.317950302353334102e-01 -3.424627685877083549e-01
-1.786197063040816602e+00 -4.637107374656441738e-01
-3.611527749268326759e-01 -1.718826540356771071e+00
-9.916186023226104540e-01 1.095678474839072436e+00
-6.716621285681066977e-01 -7.854010258397786659e-02
6.587940238535914261e-01 -4.485235565866315666e-01
1.387153493004201987e+00 -6.909365074630740011e-01
-6.203809232647369276e-01 -1.943245798261201418e-01
-2.671211199669944136e+00 1.134614409684412184e+00
-2.444806434104033754e-01 -3.817285332401867404e-01
2.743283676601467741e-02 -8.005497739981964900e-01
2.509991482523263873e-01 1.725913005574703618e+00
-1.422150475772346434e+00 6.013390060517803670e-01
-1.557733980079437953e-02 -8.306903779010619271e-01
-1.924817161703803903e+00 8.095233769306460214e-01
-1.196075935753489583e+00 1.258009824208099758e-01
-3.838995707925315082e-01 1.264713377636616842e+00
1.180021007710118974e+00 -2.068254960097096973e+00
-3.858658435852487245e-01 6.060011385976393772e-01
-1.747130945673498692e+00 -6.116684456685729243e-01
1.828798541555736845e+00 -3.545642423913029223e-02
-7.927368589395981102e-01 -7.569465972340165827e-01
4.021811821339387749e-01 -1.569894970003631318e+00
-2.206755547613144797e-01 1.400202802329389096e+00
6.670185471889746864e-01 1.884441782795921727e-01
-1.764560786620885668e+00 1.092824449304490853e-01
1.616922232470862364e-01 6.108991312941212115e-01
-5.484782495701743255e-01 -7.879618408792182782e-01
-7.391567674056811477e-01 -2.793413751979927917e-01
-6.348743356127750648e-01 8.290630270280098246e-01
1.041153863984213945e+00 -3.935293310623356744e-01
-1.277065200850171778e-01 -1.128978521367219878e+00
-5.427906140712479566e-01 -2.954664163093950191e-01
-1.431690550548814445e+00 -2.614327652531017732e-01
9.480129840279808429e-01 1.223132469485763485e+00
3.226174549133952740e-01 6.306983794852927261e-01
-2.425608367025410828e-01 -4.552611530032954490e-01
1.765590859945222468e-01 -4.498608822897769977e-01
8.730850983308978686e-01 1.785268719949258676e-01
-2.516129442434834051e-01 -2.553227146756809063e-01
9.917715525882590810e-02 6.914565932970094808e-01
-1.156715643337491883e+00 4.487624847507757364e-01
-1.999161747408416956e-01 -1.138795872257976960e+00
7.301933460838649914e-01 2.105122925867405126e+00
-1.636053624250837446e+00 -9.944216001188140863e-01
-9.386065664117886065e-02 1.664449611355644842e+00
-1.500083592829340340e+00 -4.373775362317648407e-01
