6.547935315338744289e-01 1.691897247570457730e-01
6.760936972597698658e-01 7.849218856780569853e-01
-7.071143001420578944e-01 2.386714950226098253e+00
1.068735756509038293e+00 -2.761826915977733110e-01
3.284016241257065594e-01 -9.841865138602466923e-01
-1.451750362493042124e+00 1.194492169149691474e+00
1.247079011380952951e-01 -1.105833801093784929e+00
1.392099818795001331e+00 2.631450673334182477e-01
1.389142201007916855e+00 -1.465092898434998459e+00
1.330914736843372248e+00 1.230557208348777909e+00
-1.755728520545384586e-01 -9.964688795142916389e-01
-8.463229598965643641e-01 -1.349306747540403473e+00
-6.605478701650353557e-01 -4.787619351147155700e-02
-1.444423053674936952e+00 -8.692524500013112387e-01
1.224019432668584706e+00 -1.439446493301176425e-02
-1.480957078192878251e+00 -1.081284373503695218e+00
8.366812096614023586e-01 7.202809988186401613e-01
6.415198883672115771e-02 8.719635522666043803e-01
-9.962585367571614725e-01 5.018530026256536880e-01
5.394389825755439016e-01 -3.958672908295964854e-01
3.143312775894447353e-01 -1.074571288193419516e+00
-3.350212101573448176e-01 9.470896896387533959e-01
1.142539594436095873e+00 -1.303739783105229533e+00
-2.015039848756373431e+00 -1.812677403301862888e+00
2.424423844677268125e-01 -1.218831050593386589e+00
-3.792401916999619815e-01 -8.430226182828072234e-01
3.319788389425481601e+00 -4.608989557802088410e-01
-2.675835120435605674e-01 -6.872916755236242459e-01
-2.245239163967410523e+00 -1.697778354036450499e-01
-5.087855844344770784e-01 -6.759979036495110671e-01
2.105211357157982910e+00 1.720776999367754634e+00
-8.279443453229041738e-01 -6.007207480781977527e-01
-4.573497886049324168e-01 -1.899617140151691252e+00
-1.982437645200352608e-02 4.486724571826327113e-01
2.154565880368144726e-01 6.594453847495070908e-01
-5.841057104967379843e-01 2.603803406996454406e+00
-1.326929824692701043e+00 -4.393275326417588333e-01
-9.294278335731430696e-01 -3.572919344198522973e-01
-1.281100418444770961e+00 -2.210130021761894437e+00
1.741074764120213447e-01 1.647797594763045659e+00
-2.723597677204114831e+00 9.261507580688368435e-01
-4.125119799073531102e-01 1.394474272387441038e+00
-4.765434555507402914e-01 1.563341563124808486e-01
-1.576482843414685808e+00 6.372529094824226359e-01
1.715091535180645610e-01 -1.925593243746915872e+00
-1.090140112441022602e+00 -4.569771372880416793e-01
1.966996073123473243e+00 -8.547951987882297376e-01
-1.754310419993631021e+00 -9.544200177012787667e-02
-6.578202553136454078e-01 1.108862789668596111e-01
-5.711503721912483122e-01 -3.167188490009695823e-01
-5.191318221537754019e-01 -8.967525385907952895e-01
-2.545069668920388217e+00 8.463372580319081795e-01
-7.567028586280445668e-02 -3.492659887300009203e-01
2.368651867665449107e+00 -1.596595608502227315e-01
-6.761064001449346161e-01 -1.135628638861520129e-01
-7.626931106733337851e-01 -1.848928890796477931e-02
