-3.709776943994608445e+00 1.086370217342978783e+00
6.137745600198197815e-01 1.394577249393332830e+00
7.456908028281252765e-01 -2.369426201790027164e+00
-2.063441009588386166e+00 2.516767150795113511e-02
-1.092755641342091355e+00 1.448681363249648246e+00
2.753862294831547763e-01 9.502910454932349538e-01
4.603394564964917723e-01 -2.738794108378726833e+00
3.369278361103668074e-01 -1.237850839166293682e+00
-7.088606405988092662e-01 4.269584379624054987e-02
6.183729253051315489e-01 -9.587301959657867911e-01
7.001756779675089026e-01 2.218990396752297811e-01
-7.329737414548121999e-01 4.497447833818337681e-01
-1.296901879455744311e+00 1.753704151564500768e-01
-7.473481785438019775e-01 -1.831460106804607968e-01
-8.299370169913004025e-01 -3.168675202168430571e-02
-4.496397482475616991e-01 -4.610674421976878601e-01
2.285774278555215311e+00 1.283574881450530336e+00
-1.866368171801013665e+00 1.284748719134724215e+00
-2.850708068147589369e-01 -9.376152665250345741e-01
-6.371269511591522994e-01 -9.010826949887891235e-01
-9.605307420683583119e-01 1.420424899392459528e-01
9.125943961265726712e-01 -1.700634682380868457e+00
-4.571867787942068828e-01 1.333038905464933421e+00
-3.014645065946092828e+00 2.904040247595339741e-01
-9.737019322713734715e-01 6.648488364722477950e-01
6.447903801687097092e-01 -1.306092379048687802e+00
4.384145861243359810e-01 -1.208042279623444681e+00
5.717059575711544994e-01 1.365624923228194731e-01
-4.573531859919431342e-01 -4.487352681090218121e-01
-2.051123817024696816e+00 -1.751192095216268507e+00
7.829564465261072970e-01 1.039591996997521806e+00
4.211872629028110548e-01 -1.199851169493783676e+00
1.635454990372460227e+00 -1.168877273027975283e+00
5.020112261577358570e-02 1.398489580314006941e+00
8.379862762533810683e-01 -2.814859343634109834e+00
1.731845177397919988e+00 1.343276163498879072e-01
1.467236793214869550e+00 -7.199847278971417686e-02
2.798032672053726300e-01 1.110011832441072599e+00
3.949425406796588933e-02 -4.256266045524278452e-01
-1.251428448070332489e-01 3.674953513532322469e-02
1.718956725471285640e+00 1.112857216897374657e-01
5.212087008011683231e-01 8.566115506400152624e-01
2.025467452073827612e+00 -5.243241440553227939e-01
1.750954290510214006e+00 -3.424401886463129263e-01
-5.545038141034424987e-03 2.106098424193736940e-01
7.677047024827396982e-01 1.044011417940382991e+00
-3.821660290664813941e-01 -8.801170590519511450e-01
1.012548241134702265e-01 -2.705703683453747344e-01
-3.731301127055053901e-01 6.124885553427930063e-01
-5.117924265007220974e-01 1.123138004525648173e-02
-1.322269452195803607e+00 7.941030919744919425e-02
-1.294266637606912296e-01 2.238086604472717678e-01
1.080242636293750946e+00 -1.070010445667349819e+00
7.480963731967408270e-01 -3.825879376683324340e-01
-9.365895970372383958e-03 1.499071884874401794e+00
7.845215588219430769e-01 -1.382498516578670511e+00
