1.282727952243194913e+00 -1.062124299350963419e+00
1.090346905736354843e+00 -1.008821682256164642e+00
-3.488246771235147259e-01 -1.320040082034745321e+00
5.779485858269217680e-01 -8.384340283801988702e-02
3.569452006723953241e-01 -1.216825731091116802e+00
-6.038125002205588787e-01 -7.303813526947560142e-01
-1.016902947850286898e+00 5.490142573674924309e-01
2.490941441442198201e-01 7.458823287737702534e-01
-6.863862641691016453e-01 8.295900730155476577e-01
1.691157583584797619e+00 5.756105626166588274e-02
-7.163942604355882926e-01 -7.846701958929290788e-01
1.628574814321859687e+00 -1.064140064227175220e+00
1.718318360624476737e-01 1.337405956827012465e+00
-7.549793711698112864e-01 2.925877397133073154e-01
5.260068612809669641e-01 -2.253682095625232140e+00
1.314666925351079652e+00 -1.650028491521471630e-01
4.892129614455584252e-01 1.938869132295321984e+00
1.360162874963159574e+00 1.522752752587639147e-01
-4.373982859380517452e-01 -4.982814150111607443e-01
1.129609342987799803e+00 -1.741177308328181739e-01
-2.537546925404261522e-01 1.768236736917410568e+00
-5.817251827924140306e-01 5.153710151987396237e-01
-2.513292666350479099e+00 -8.032484909822952268e-01
1.021494635335722101e-01 6.800077708881152420e-03
-2.510273701624664566e-01 1.280702595666251442e+00
2.110092789282739800e-01 7.377838526885489578e-01
3.112144083830505892e-01 -1.500195656048493587e-01
7.514570764988562357e-02 -1.477413308051896523e+00
-1.490128849643623576e+00 6.366196867067921428e-01
6.293882016206591157e-01 6.739416281687652388e-01
1.838793120689943716e+00 9.003881522813935723e-01
7.398747829012780608e-01 -4.470131969158966379e-01
3.838989610992279422e-01 2.929589961920640029e-01
-4.620746035555343134e-01 1.344751574950701301e+00
3.485877841932061294e-01 -8.844884615601502631e-01
-5.241809336507131656e-01 -1.577149165483737958e+00
7.400048145022387613e-01 -5.471017864950324938e-01
-3.424219556763682393e-01 -9.761213762935457838e-01
3.525093994453294410e-01 6.531554002474195507e-03
3.831337067829942988e-01 -1.860014395317302338e-01
4.090807619074435242e-01 -1.170772763670660410e+00
4.155036072315710372e-01 8.321067858050757993e-01
-4.415929693898389408e-01 -1.035329286119523573e+00
-2.807922940534396949e-01 9.734491763191027713e-01
-3.969314189463984954e-01 9.465179359925661451e-02
7.535882757447862623e-01 -1.506896612236280353e+00
2.204821832176264262e+00 5.898227969144111960e-01
-1.911860281419312524e-01 1.688085528700737914e+00
1.269485782238874150e-01 8.869939514653871759e-01
-6.921379448364796128e-01 1.428319103455764738e+00
-4.068263985987810583e-02 1.485785955593899477e+00
4.935511323672736039e-01 -4.110791789247578154e-01
6.377065519469330736e-03 7.734240399404712640e-01
8.192209311522912207e-01 9.963951004165989556e-01
1.648965305635164205e-02 -2.141243239292862088e-01
-4.949410576365291248e-01 2.199103383040378557e+00
