2.602035948762640993e-01 -4.449034931010928395e-01
3.112995376854021501e+00 7.201741304429221113e-01
-2.607530049727837973e+00 7.943682161720597712e-01
1.401858232802852600e+00 -1.120471853449470201e+00
7.320332409091130366e-01 -2.610579753266968339e+00
6.857993005588255975e-02 -1.795134647895900715e+00
-1.335810331045428345e-01 1.690660153107137909e+00
-1.000966192714698666e+00 7.280824179746711589e-02
1.054925593776082415e+00 -1.484405546229802531e-01
-8.147061435650337913e-01 8.262624847000598072e-01
1.581824748128724201e+00 -1.993745367427980364e+00
1.544464780174258145e+00 -1.328801720647821760e+00
-1.440588470567390589e+00 -9.194998498032979084e-01
1.138727403231432761e-01 -1.138710733668627073e+00
1.809188904707603074e+00 5.915385855546184679e-02
1.519989156827480370e-01 -1.240138572994034627e+00
2.138390768451985391e+00 2.989460990630710691e-01
3.719245665648308052e-01 1.208010154042076900e+00
3.538901482462511461e-01 1.106749783057453751e+00
-1.593751025244786179e+00 -9.901683776565461947e-02
-8.057772712478514232e-02 6.534413793776566726e-01
1.166125635015484274e+00 3.896096238245189691e-01
4.702926096594345906e-01 1.877052933390311873e+00
-6.581663311392657034e-01 -9.527633777045707575e-01
-2.082071693137208523e+00 -3.384497759401101646e-01
6.855862192368912256e-01 -1.103513641923254296e+00
5.151313350307160782e-02 -8.317859340896365250e-01
7.001485632745805265e-01 -1.772461980774678425e+00
8.245873301676417966e-02 -8.604260481745202860e-01
-3.859488977444116009e-01 5.956900968086903392e-01
9.338552242797932834e-01 4.888508716639121399e-02
-1.464509695976256243e+00 2.699382536724219683e-01
-1.134064206561649302e+00 7.111146596916331220e-01
-2.337286774955516511e-01 6.716491468588463576e-01
1.340369058315220796e+00 1.490257514482991041e+00
-6.128625925241688588e-01 1.208350566673938170e-01
-4.284419921447744917e-02 -5.610876784896686731e-01
8.067563218647627599e-01 5.482444758948546576e-02
-5.783032668103502139e-02 1.545198431704812414e+00
1.436721902668724793e+00 1.640678773198918083e+00
-7.647716355103971984e-03 4.490505555117498271e-01
5.958850085553073495e-01 -1.214239256521857824e+00
-9.622400241291354517e-01 -3.518744363177210843e-01
4.918261817022503424e-01 1.049625414482352692e+00
8.710456197436735604e-01 6.036629070487039561e-01
8.711837081763117441e-01 1.751705289653205933e+00
6.316078985583225558e-01 -7.079042810672844244e-01
-2.702950059049506581e+00 4.394068251355126020e-01
-6.886842784513204085e-01 -7.550839308416706919e-01
-9.653372117553256082e-01 7.133669416526000617e-02
1.858459061611510865e+00 -2.499774008850840223e-01
-5.368577289179958800e-01 4.482751250538137833e-01
-1.963635536916370716e+00 4.444604758227851948e-01
4.400482515697356489e-01 -1.442667858525155389e-01
7.743130499739642181e-01 -2.956807536663522140e-01
7.520255432986756583e-01 -1.576783472221433113e+00
