-1.419139955191717428e+00 2.525078733053118252e-01
9.099463198037458511e-01 -5.999297523583282388e-01
-9.730298608342524691e-01 -1.905907636882939182e-01
9.259644375244754366e-01 -1.245386962894574179e+00
-8.791270143751914734e-01 -5.957117358405196184e-01
5.339382251488704600e-01 4.637631576895879237e-01
-1.032628255170549014e-01 8.303531085389299626e-01
8.690746251159651159e-01 7.866959612887634012e-01
-1.184357073175700964e-01 -9.660404028806421350e-02
-1.173716234227168309e+00 1.762580615235391113e+00
-8.942511261379522125e-01 3.251633948789072748e-01
-1.106608951237184169e+00 3.347468943482924120e-01
6.365076183198904447e-01 1.206117196391773616e+00
-1.617275536877985642e+00 3.162223797785268520e-01
9.865411679328189853e-01 1.110753219690586713e+00
-2.063608103729084320e+00 -1.266432219555270633e+00
-7.550513012251018896e-01 3.412920199453996495e-01
-5.483458280209185798e-01 -2.017273431727617805e-01
7.007615614520126268e-01 4.669454697140710264e-01
9.402832279020700845e-01 -6.642330509721621201e-01
-9.200011710601271875e-02 9.161736393925427047e-01
-1.220982536323407697e+00 -1.707859300371306621e-01
-3.687410638105445004e-01 -3.884849279716642290e-01
-4.346141830419856245e-01 -3.226688057959979927e-01
-8.282346984289859493e-02 1.328303257392929426e+00
-5.971263610568019464e-01 2.397837425934219002e+00
-1.474545433108737313e+00 -6.813310316512088960e-01
-1.679360501585361876e+00 4.865932401144433816e-01
3.398270069721298636e-01 -3.963910930381529529e-01
6.830313677223558422e-01 -3.377403800614102725e-01
9.571127654040711974e-01 4.845106685566444304e-01
-1.079060623228575322e+00 7.270995533861061011e-01
-7.535905284340491672e-01 2.766733932871097701e-01
9.104696972257908527e-02 -6.788771967036217880e-01
-2.392550227226005077e+00 -8.547157409845619336e-01
-8.241641306987866900e-01 -8.559571599717896717e-01
2.919683093945303898e-01 1.973745956167736737e-01
4.230863144591973657e-01 -3.316728121835214038e-01
3.821367733835422387e-01 -3.843982493421530533e-01
2.094970764970241373e+00 7.933929494302043306e-01
-5.378272666631449539e-01 1.592694202863079278e+00
-5.121839580533005254e-01 1.181561059497437283e+00
-4.541020654400070300e-01 -5.903013505028700258e-01
-4.614827123239629431e-02 -8.034000516570760642e-01
-2.575191260033525831e-01 2.823782651479157524e-01
2.896676325004055030e+00 4.857514517397422682e-01
-6.060415182898045705e-01 -3.072109798857947105e-02
-1.760964234097179282e-01 -5.812996220517286927e-01
-3.303717676545945836e-01 7.753829892996625395e-01
-8.151774697319175145e-01 3.420315765719636469e-01
-1.723632416505216369e+00 -1.247737619040532264e+00
1.285094016751586299e+00 -4.288669432392440695e-01
-1.513130470104091740e+00 7.025930653343291643e-02
2.329741718729907429e+00 1.061257541976387886e+00
-2.199504678553727555e+00 -1.731700775045803553e+00
1.005692066701144860e+00 6.563922513743823961e-01
