1.067042300709867275e+00 -4.851856369820021775e-01
-2.358397018259132949e-01 1.039207586457487897e+00
1.441252176830259746e+00 6.851190131080591161e-01
7.391910367476287602e-01 -1.170796605192049977e+00
-7.999948172476655239e-01 -2.651152285949270659e+00
-3.981774419032058088e-02 8.658011560597115297e-01
5.658412139427241305e-01 1.400783007704636540e-01
-1.627014688230287165e-01 1.262682255907474627e+00
-2.469302581287742271e-01 -4.647365489363380897e-01
-1.219685897111751682e+00 1.113076420787075582e+00
-4.909883817387313693e-02 6.858177514859736812e-01
7.441911554159394981e-01 4.052782359894438469e-01
-1.215986143891665261e-01 7.067932429770944491e-01
-7.766762363565870020e-01 -1.226248146722438460e-02
3.308480721872690267e-01 1.120134476815477509e+00
-1.137021776983695664e+00 -1.281333953021865701e+00
2.484136732276382431e-01 -8.103099816722196813e-01
2.023596070929005730e+00 1.422219325627565922e+00
-4.456776267856685236e-01 -6.388662378486280602e-01
-5.675187003840319599e-01 8.214742246146304883e-01
-1.339198536468135359e+00 -6.418051849506494211e-01
3.495235412075687331e-01 -1.800615599267506653e-02
-2.305726961975516076e+00 -2.571743348206213531e-01
9.027031249216750375e-01 -1.501280257043337008e+00
-2.009844338826508370e+00 1.676651033606066932e+00
-4.142357686844844178e-01 -3.394410608677828622e-01
-4.637062704070090136e-01 -4.021726395705179508e-02
2.040920961155072710e+00 1.190453999105035576e-01
-7.282780614732413671e-01 -9.860491852029458493e-02
7.587069013906317938e-01 -5.661449116363368589e-02
1.172929870059156832e+00 -1.324029143318008472e+00
1.138812857381523713e+00 7.126064454121796565e-01
-1.253514361458581527e+00 9.960577447503814463e-01
-9.718755515802475209e-01 -1.286370914438577373e-01
7.906478552254151415e-01 1.528612806268715207e+00
3.720194580949553464e-01 -7.003353208297200538e-01
8.113594019102499111e-01 -8.818035940940789352e-01
3.292995615969118717e-01 1.655323093528875855e+00
-8.950323990726664902e-02 4.652146223043916451e-01
-6.376943614375268909e-01 1.355209510932529060e+00
-1.793665359397141001e+00 2.566285675699522817e-01
-2.050767936197972208e-01 3.213512143014440881e-02
2.014737460032312910e+00 6.039280067799631668e-01
1.636297540274874729e+00 -3.326378510809276379e-01
2.654187619720776992e-01 5.533855573940393846e-01
1.882442022355047317e+00 -5.537113310653761777e-01
-4.559606879492297260e-01 -1.531709802092188877e+00
1.093784796758133782e-01 1.969222537637304704e+00
-1.987450568449199151e-01 -1.543039430188192673e+00
3.275462137159750320e-01 -8.971226432134098427e-01
-1.962710980331505928e+00 -4.563774821306148533e-01
-1.130519874252144952e+00 -1.826701739558925119e+00
-5.153551012770271056e-01 1.728413233306073549e+00
-1.195456356356631389e+00 -7.254010912651999154e-01
-1.364864963653860785e+00 2.254686523129389997e+00
1.037177536061390848e+00 -2.240420040071094687e-01
