-1.442914147254249269e+00 1.069697056061177820e+00
-7.234186883529856171e-01 7.566098569655507061e-03
-9.441900740502166822e-02 3.332807276241248062e-01
5.031071682082898233e-01 5.454873788480781860e-01
-1.755171607305869852e-01 -6.832918835739680841e-01
-1.044914163944941965e+00 2.365547305314060766e-01
-6.536437908522322315e-01 6.381875685536712028e-01
4.982516431336065921e-01 -5.715512092050746562e-02
-7.606622790788164501e-01 -7.480841837367382396e-01
-1.689868868277266012e+00 -6.540628642861113784e-01
-9.343388731132619140e-01 1.906738543602197522e+00
7.314667718837314370e-01 -1.484001885423327005e+00
5.772644736490881723e-01 1.751435420890786188e-01
-4.175326230600209798e-01 4.921015740040185493e-01
-1.236094560368874995e-01 -1.858508873044408538e-01
-8.884900672820181811e-01 1.348506275186706294e+00
-1.734086550330091181e-01 -5.573771942440961524e-01
-3.660322912067200951e-01 9.800995740572739923e-01
3.060697917814068636e-01 -1.879364905072973935e+00
4.415854453983731470e-02 -1.064702972449854679e+00
6.393340993441122277e-01 -1.037876752984568052e+00
8.648361822593703119e-01 3.033186511410380648e-01
8.197868457860428837e-01 2.857111332589296615e-01
1.053995369764188617e+00 8.132750697637670667e-01
-1.697435268762554239e+00 -2.276416717941383838e-01
-6.833539644111660261e-01 -1.070947961994436898e-01
1.072788975861249661e+00 8.421987172578340730e-02
1.708795282079566824e-01 1.994194850865040669e+00
-1.091482857143096563e+00 3.365006217177162751e-01
-1.129014370348939922e+00 -5.107312165265510684e-01
-7.775265596873208729e-01 -3.111190272597610940e-01
4.551370603557796102e-01 6.665023817620315816e-01
1.524455970745111633e-01 4.194218881502111973e-01
4.437883995062265607e-01 8.443559280043730908e-01
-1.083823157369942364e-01 -1.677984365127194177e+00
5.704714577680060072e-01 -2.016523727214395989e-01
-6.074159810157873096e-01 6.873134372640345990e-01
-3.663485391460680196e-01 2.797243989137733866e+00
-1.050854925724852063e+00 -4.647495075453823010e-01
-1.115238526610271341e+00 -1.335268508962141887e+00
1.830122343090441472e-01 -9.686376606034787784e-01
5.161456654939869937e-01 -2.138979292052684666e+00
1.159166823782447064e+00 -7.557177243635400388e-02
-7.598614525053983826e-01 -9.004627008486550954e-01
1.344203615226893689e+00 5.917275033142225249e-01
1.345443711816309396e+00 5.638853481210057694e-01
2.360296885229169472e+00 5.288402384776740295e-01
5.382554613728145892e-03 -2.359692102369609634e-01
2.834943230695478600e-01 3.366227592850846717e-01
7.318433914681610197e-01 8.040359039273506925e-01
8.598694348622490935e-01 1.172657120447887280e+00
-1.010637036368742692e+00 -5.915413631896352387e-01
-1.084590341757710186e-01 1.098892097823300329e+00
-3.395734340137623319e-01 -2.965536381320468262e-01
7.829975860927261833e-01 -5.514220466907490126e-01
9.224981128352044424e-01 -6.792893419504965058e-01
