5.193977454497862301e-01 6.216431354061170700e-03
1.677419654653785397e+00 -6.837451167718783251e-01
1.062347152735914355e-03 -6.139408201460063719e-01
-1.121918185501381338e+00 1.769597198324248888e+00
-1.660266779370492607e+00 6.255540568114396072e-01
-2.208726834751658430e+00 2.002520699271602478e+00
7.496839781858646301e-01 2.456323199698576820e-01
-8.756132620168823877e-01 -6.234078256491457637e-01
4.752471267136775257e-01 5.060939773729056235e-01
1.193164578193621483e-01 -9.755306573519977043e-02
-1.068966294336987977e+00 1.267979706287911679e-01
-2.189956455845338545e-01 -1.255323567680924679e+00
-2.971708200377611298e-01 4.080253525830321859e-01
-4.460919301365946499e-01 -8.631619253554417837e-01
3.615950261396478349e-01 -1.552647672251846522e+00
4.739273918265122787e-01 -1.007582035471745519e+00
-3.990006099308892051e-01 -1.388593697747613875e+00
4.200325582434935034e-01 -7.985729518607016519e-01
5.358234245836709375e-01 4.115987423395202072e-01
-6.561690993379692971e-01 -1.582011718917008869e+00
2.391852236509298679e-01 -1.280249317846203994e+00
4.965992193640678676e-01 -5.944003454839421607e-01
1.410261655599487907e-01 -1.395322066768917013e+00
9.155624601738769908e-01 2.914541390823643385e-01
2.017109462316906576e+00 9.236827272156199475e-01
-1.513874985052393596e+00 1.125429337194215229e+00
4.012758058036126063e-01 -2.187711486837631558e-01
-7.537136274925397839e-01 -4.904021857664391804e-01
3.783674436656530027e-01 1.506661147354164232e+00
1.663307508944147806e+00 -7.513235849470447647e-01
4.128070138754961760e-01 1.598111439439239556e-01
4.260967003906588890e-01 8.967455444902792949e-02
1.090067815922525218e+00 1.947961445805271419e+00
-7.176455638016330241e-01 -1.256583925887438502e+00
2.208562268951470564e+00 6.863604618833920590e-01
8.636189097333475395e-01 1.350231067350358138e+00
-4.138760370993345705e-01 5.968107470722750635e-02
1.305345145975896459e+00 -1.310253140274983755e-02
-1.437400820870595175e-01 7.949684006275300474e-01
8.185503516661816192e-01 5.981142508515008283e-01
1.411590598998990753e+00 -7.668923609888271820e-01
1.815675680665321812e-01 -1.510538922900584335e+00
-9.614458682479571916e-01 6.555238864332361970e-02
-7.617480531992751880e-01 3.249263869193733112e-01
-1.889109515273200479e+00 1.338378330260445170e-01
-1.229269959008447710e+00 -9.582858598524032212e-01
7.108308604945526854e-01 -4.247522913644974363e-01
1.561934298672177368e+00 -5.270415527946399614e-02
-2.046602324347212565e-01 -1.691108210637174203e+00
2.880936520961253633e-01 1.514675143890741760e+00
3.356414068944441574e-03 -2.654789164179898187e-01
2.115475199790990413e+00 1.684144629906067836e+00
-5.855969312650002312e-01 1.420001357871198133e-01
-7.670559098828388933e-01 -3.365241296188299924e-01
1.210512129589415675e+00 -1.237346598972236755e+00
1.043819370409215574e+00 -7.551584246271901557e-02
