3.749629682405654085e-01 -6.339409148913003333e-01
-1.266392237010657285e+00 -1.346549345927755992e+00
3.350230525513042124e-01 6.897529710991888718e-01
4.711126639070161159e-01 9.289932305427359704e-01
2.385665000682203551e+00 1.661666231878443645e+00
-5.261105134681808293e-01 -2.405695463671545797e-01
-2.199416755707463089e+00 -6.467772321925623347e-01
-1.663024389473858999e+00 7.280184856228475443e-01
-4.185302501713685230e-01 2.616220583722792536e+00
7.440991171303885654e-01 -2.152241989774843045e+00
1.071988980748924680e+00 1.722986813430649633e+00
-1.400970237658904161e+00 -6.331252402441543969e-01
1.557042738729576437e+00 8.240844309391976985e-01
2.159228705266951209e+00 7.845636177723124272e-01
5.771193278914580338e-01 9.563521133221913884e-01
-1.730013227434924916e+00 9.576714429181308885e-01
-2.199929090128255105e+00 -8.604605223005244996e-01
1.409049349649362570e+00 -4.734768536387302107e-01
4.911766561036539636e-01 5.636548511609335010e-01
-1.543230430242259921e+00 3.333180591047139041e-01
-1.433346842941014110e+00 8.305265824408987474e-02
2.256250005203335463e-01 6.376428078707481184e-01
-9.952171257868576426e-03 7.217912001530000232e-01
7.304336974103249336e-01 5.432588523933042923e-01
-8.236938162370940342e-01 3.912910485487919865e-01
1.103217022613163234e+00 -2.284910422177824016e-02
-1.773888447184583050e+00 -2.502303041529965189e-01
1.423965883411427158e-01 1.167670294431361500e+00
-1.348995180509513725e+00 -1.269083696266382622e-01
2.563666806336090676e-01 6.929575864307662147e-01
-6.465707413384695901e-01 -1.283009728895431467e-01
8.139147684551425455e-01 1.565124929764952766e-01
-4.016681449332717979e-01 8.340305320931268307e-01
3.994046739920209532e-01 1.248110670363084540e-01
-1.247896516398523614e+00 3.263252026734812516e-01
-8.074303123048446329e-01 -6.406319809929024167e-01
-3.994658559133144604e-01 -5.686939686702121577e-01
-9.391463084050243326e-01 3.267943800884198224e-01
4.249318260569374256e-02 -1.458268936877030741e+00
4.840702510207762765e-01 7.199049153934656831e-01
-1.007286569830796230e+00 6.185326170874915624e-02
-4.836973678145681799e-01 -7.927965700975713181e-01
-6.135997162825692630e-01 3.065625930262574350e-01
-8.757739972841025455e-01 7.981974200092646632e-02
-3.187068360330614913e-01 -3.980618182812544759e-01
-5.135185829306007088e-01 7.187484501928030900e-01
-1.052342861015240105e+00 1.823825645299923082e+00
-5.375958734500255742e-01 1.823924082939979430e-01
-1.324990273036102284e+00 5.430913150270227918e-01
1.190931408583723039e+00 -1.191104527371684041e+00
3.954923669184333135e-01 1.891157255928668235e+00
-2.403335093210615447e+00 -1.040593339015546404e-01
-9.187332044468059511e-01 1.324595861743121938e+00
1.774800242032692765e-01 -9.651833081192748992e-03
5.348130798786377982e-01 2.932959336630489022e-01
-2.838802905727760284e-01 1.488320168072859273e+00
