-1.382012670574158664e+00 7.003130898923131016e-03
-9.802683885954417697e-02 2.075352998851066832e+00
-1.319963982837672190e-01 -3.916349453231533773e-02
4.299322257886613596e-01 2.541813755272129827e-01
-1.243280500892238294e+00 -3.210995751526193320e-01
-1.152020411656625942e+00 -1.289803139724323255e+00
-1.236605956110064408e+00 6.245335952502224508e-01
-3.283141121381553118e-01 -1.765620409695728421e+00
1.187744349783918629e+00 4.338344002997052695e-01
-3.365644437570746161e-01 1.551376828832524479e+00
-1.953303622517004179e+00 -1.370399595131388093e+00
-6.453075433955711704e-01 -8.684315136025501092e-01
9.103833062540012122e-01 3.663908796208792951e-01
9.500012785824291095e-02 3.158504572035016889e-01
-2.788175584737946910e-01 -1.289934044563567861e+00
2.239541467127063701e+00 -1.360749091531292754e+00
1.749432622392858572e-01 1.043819115879908388e+00
1.171950005191036315e+00 1.305113995597535492e+00
-6.319133801815733920e-01 -1.095527765844346302e+00
1.295575957694503400e+00 -9.846196757321809545e-02
-1.087027728364759360e+00 4.048778675176238351e-01
9.768477038030344284e-01 8.818259586322699795e-01
-1.165693406223841100e-01 -3.816923254004411792e-01
9.164772592501777559e-01 9.974770266542153374e-01
-1.187618942899270946e+00 -4.437344245764409112e-01
1.414888711685514444e+00 6.854816298865982205e-01
-6.524444123487431746e-01 -1.140254982045945942e-01
1.386200458742455011e+00 5.540589608359597351e-01
8.585773531598509534e-01 -3.597877845410159536e-01
8.449130144942761378e-01 -7.452044022129779011e-01
1.678816624978756833e+00 -1.341712788071609319e+00
-5.896563211498943857e-02 6.337730841986394248e-01
8.059928603614333609e-01 3.027583948370764222e-02
-1.624286308825875880e+00 -1.160321361924985029e+00
2.457581505859104398e-01 -5.929083035643870625e-01
-1.287353435140750069e+00 1.119339140934179078e+00
2.183479940684919796e-01 1.420156869855818016e+00
1.728957422439187708e+00 1.386525800277417231e+00
1.657401933079496015e+00 1.225772446326297560e+00
1.459354251546919334e+00 -8.078935502313125405e-02
7.711302885403960305e-02 -4.120777069650192748e-01
-2.851919002678307002e-01 -1.711355599975740438e-01
4.079070415669899807e-01 -6.973691247855277053e-01
6.397047959275424800e-01 -4.537091456371756260e-01
5.466966100563634967e-01 2.244734796722856363e+00
9.213039800736725349e-01 1.042845862750948038e+00
1.887434521670291243e+00 7.992608293632809113e-01
-3.522853065517015381e-01 1.700143419579454585e-01
3.344758190749204663e-01 -1.230798122851826770e+00
3.568103749918256073e-01 -3.268228313408225727e-01
7.812038477979223183e-02 -1.180700424881448996e+00
-7.696949756061932657e-01 -1.723433236656461531e+00
3.810032850380815628e-01 -3.231419669246913262e-01
-8.251334666566476628e-01 1.384619109980612661e-01
9.975673103301915257e-01 -5.332166038624346349e-01
-5.575089969169227944e-01 9.774566437390070917e-01
