-9.299939568664467027e-01 1.151160207217440945e+00
-7.853341324363604103e-01 8.329800895024683793e-01
-1.596167313691782219e+00 1.595286901447519057e+00
1.981966712313856238e+00 2.288194913742788827e+00
-3.193283647341823017e-01 1.330688720645048395e+00
-1.374743959149023143e+00 -2.165843419203111964e+00
-2.700346780371326361e+00 -2.151563788145659517e-01
5.184956119599305469e-01 7.760901564600221070e-01
4.127421925127048308e-01 5.253972960379813539e-01
2.456188364349431441e-01 -1.404399838105961473e+00
-2.017230281787004920e+00 -1.745633585878481497e+00
2.772331675063681722e-01 3.801316735256389245e-01
1.087877839805752700e+00 -1.323321325030144768e+00
-1.785220466026643527e+00 5.745478113135802367e-01
8.860177434567212407e-01 6.928231806537574755e-01
4.110488739056583074e-01 9.129456220104849029e-01
3.092921113782329812e-01 -2.139847264304124419e+00
-5.573338106988191543e-01 1.427847587370203675e+00
-2.456991374517430771e+00 -7.819476985812621184e-01
-1.632289347178318417e+00 -3.310830270628146721e-01
-5.443443445685706150e-01 -2.471651849979741300e-01
-7.052183934096151185e-01 -3.273476860067646155e-01
1.465016747989724422e-01 1.051317560334982248e+00
3.599425654004548836e-01 -2.141149071788492453e+00
1.489563609226106200e+00 -1.506724348689757464e+00
-3.837556087081285816e-01 -1.141809961583962509e-02
-1.176591815715598788e+00 1.464425295791802195e-01
-8.509584823437932322e-01 -1.699787915755775813e+00
1.175755915019834674e+00 -1.670166415994638553e+00
4.633219916266851368e-01 -6.867750224915859514e-01
-2.969125815603903984e+00 -4.327526164590551061e-01
-7.851677651502390054e-01 1.132213627871283324e+00
-1.408349461693041427e+00 9.780594480852923545e-02
1.415221149081249408e-01 -7.671723864712371999e-01
-7.263518530699377695e-01 -4.287747980706402284e-01
-7.229428100316607209e-01 4.866478578292527390e-01
-1.513184745753692217e+00 -2.971811329189262205e-02
1.190080529075987714e+00 1.924994497813578898e+00
-4.321683700135226514e-01 -4.549543288276428621e-01
8.040016364177286767e-02 7.635985529325087229e-02
1.069398356096954217e+00 1.423775166393774494e-01
-1.165546308989657609e+00 5.579309709776161114e-02
4.720416002933909838e-01 -1.352306810731592313e+00
-8.906124349275263974e-01 5.035684533817799124e-01
-3.675762435325997113e-01 -4.739413809312804093e-01
-1.256508455823694748e+00 1.097459559956921460e-01
9.663691209022567952e-01 -6.677448278643113300e-01
-8.731242251121498210e-01 -2.839108591736177467e-01
-4.464730636941772191e-01 9.785461511874293805e-01
1.981975522611351126e+00 3.546917960678514503e-01
4.181407775553497852e-01 6.056651121699775375e-01
-3.855608001384938643e-01 3.310208974144281391e-01
7.639266432247608825e-03 -1.511061290594748696e+00
4.945073865040250372e-01 1.146181969916844068e+00
3.735534857184866220e-01 1.807600677364115949e-01
2.716049287116404365e-01 -3.588559888842687284e-01
