7.532779493874415255e-01 -1.019650657913682812e+00
1.189778038582899544e+00 -1.230486805389360727e+00
6.087509919059763686e-01 1.625802802778151701e+00
-2.431332746987196480e-01 1.035968478239779555e+00
3.825014220582489965e-01 -9.434398298342801248e-02
8.087019961747690111e-01 -3.084816554675969685e-02
1.091124553438171246e-01 1.362159014565250237e+00
1.751322831692339044e+00 -8.361792645489752873e-01
-7.830594727203218364e-01 -1.711914657189552935e+00
-9.317419065844321224e-01 -5.226498126718625015e-01
6.501344622899367653e-01 -1.879027275501979899e+00
1.249596242816912284e+00 -3.252629926632124580e-01
7.744633719030760144e-01 1.287114011917736445e+00
-5.161720104589572200e-01 -8.286732296752028493e-01
1.697181070915158296e-01 -8.537234074589800104e-01
3.122103258453373664e-01 -5.195296444508364433e-03
1.336191129339509898e+00 2.724658686163593524e-01
-7.383380775248303829e-01 8.031070230790378073e-01
4.978766118245767647e-01 -1.405847662085776273e+00
-8.347045010072845495e-01 -9.606366843310826242e-01
1.064460954185852515e+00 4.851872321465074966e-01
-1.718006305361951536e-01 -6.240735062079912771e-02
-3.367410218282647638e-01 -1.305720300089502794e+00
1.900302990987487339e+00 -3.410748584517230841e-01
-8.630362407408479278e-03 2.258835799174826742e-01
-1.549787655037569101e+00 4.826712655789111572e-02
2.001125533459002792e+00 2.966713131173932094e+00
1.167439809839398546e+00 -3.098997448138144928e-01
-6.076979187163399354e-01 -1.115035071498145403e+00
5.360431635209127466e-01 -8.843862363203440768e-01
-1.223614057160123059e+00 -1.051206100036373818e-02
-4.077856115785656876e-01 5.606028873674690632e-02
-3.862442424631684634e-01 -2.508756127002407244e-01
-1.372219062724375327e+00 1.492843068432821774e+00
1.715602848335348943e-02 4.006101160009367668e-01
1.653666692986100584e+00 6.546903216412314208e-01
-5.766278111262692629e-01 -9.912290547515377748e-01
-6.835083816691039926e-01 -1.125997299002976959e+00
5.918712169047544158e-01 1.680181411470026198e+00
3.902844944085588352e-01 7.274193378634594698e-01
4.997541682085177572e-01 5.318161474313215509e-01
-5.669429349617469693e-01 1.218143960890970545e-01
5.802878392468613367e-01 -1.177081853818999768e+00
-6.474675867541853647e-01 9.997585612424139123e-01
-4.563818647064676881e-03 -3.763514453521164121e-02
1.068428981818035917e+00 -9.666563549132516087e-02
-9.558338812466375956e-01 -2.281275909337744934e-01
1.665376027890263622e+00 6.620418521677666757e-01
3.756896074342536140e-01 -1.057060671832119159e+00
1.332224564778204057e+00 -7.050055576161515791e-01
-6.035152114641766374e-01 1.732064723813325768e+00
2.552131808524905399e+00 1.911914992701352567e+00
-1.749119844321680661e+00 1.254326289191282529e+00
4.210886639622545280e-01 4.378185496316327474e-01
9.427102057530628576e-01 1.007145123412762189e+00
4.875938259342522674e-01 -1.500674954067359401e+00
