-9.148259323878232818e-01 -6.324307485385959327e-01
-1.731568353115904957e+00 -2.218356084176294818e+00
-1.952441946820781815e-01 9.443929606967173263e-02
5.746930182746342597e-01 8.179252080821410864e-01
-3.436676936739674892e-01 -1.435488740808340755e-02
2.806862910082303486e+00 -2.350133912653376289e-01
1.652373118236589999e-01 2.821606120118579364e-01
1.393166791035403529e+00 -1.037054288307546424e+00
2.642614734623113915e+00 1.430301192957344369e+00
1.171018964346499436e+00 3.130937359403189735e-01
-9.331938541113244945e-01 -8.754427456096866011e-01
1.540796476312022767e+00 -6.106941061487686923e-02
8.580272757245219761e-01 5.274049897538450882e-01
1.039016752621430006e+00 -2.432305130747186572e-01
9.547891969523992772e-01 1.615185140177263445e+00
4.254486754122870362e-01 7.658301705651434643e-01
-9.494998932593962104e-01 -8.466000652940421922e-01
-9.528532886460824303e-01 -1.969243714141219126e+00
9.986758045724343225e-01 -3.822746868244889518e-01
-1.485254802854140799e+00 8.049367258868718178e-01
8.990349885335597868e-01 -3.895884666814891650e-01
9.047509569417180320e-01 -1.095405638998831477e-01
-1.281848110965624121e+00 -7.850463695924212448e-01
2.420247356136742578e+00 5.494726968157284119e-01
3.725020235447575878e-01 -1.436123533955024900e+00
1.477194340380248772e+00 -1.623236576988313640e-01
-5.642255201203628667e-01 -9.154635443169859554e-01
7.065911120027958958e-01 -5.935208721471693094e-01
-2.492875631082342724e-01 3.418150974911917106e-01
-2.760681520668299971e-01 -5.108990591915690826e-01
-1.082140265064673423e+00 -8.341108215291689332e-01
8.919448405348294751e-01 -3.420804025377328084e-01
-1.098257934812509440e+00 -7.254472666223192867e-01
4.039014083954547973e-01 -8.237181229436295327e-02
-5.455695716239340465e-01 2.476364510253580953e+00
2.262098811582006763e-01 -1.191810645083100528e+00
4.513893744430927391e-02 -1.699183867203788001e+00
1.122201395988883244e-01 -1.645251022775987282e-01
3.283356503153601891e-02 3.314682503469948971e-01
3.969558732552670999e-01 -1.296707064788671815e+00
6.997199156520417240e-01 8.020748814317316677e-01
-8.193405856782840502e-01 -8.606845644404391704e-01
-2.179523517449538927e-01 5.107908058987217226e-01
-1.398771163230192460e+00 -2.614380032244887908e-01
6.110832427095450603e-01 -1.534923658567014071e+00
-2.189558388667247890e-01 1.247402238357536941e+00
-5.468651115211469425e-03 1.380274726122244999e+00
1.170770115411953860e+00 6.485195045571746919e-02
5.203685568316099852e-01 8.610488731426774178e-01
-1.112133419908178711e+00 7.703039335142256583e-01
-9.756328656648833864e-01 1.451442170572452506e+00
2.536559500699027692e-01 -8.464023108728856437e-01
5.318601267644340602e-01 -1.519891994089484610e+00
1.878803586265546333e+00 1.392792085565169868e+00
1.342618179573985993e+00 1.349436099346083440e+00
-9.326657487405287661e-02 7.574314285626529419e-02
