-2.823011595319661060e-01 -9.598018646690745781e-01
-2.526025856310671336e-01 -9.253163774728976332e-01
1.234705209562049905e-01 -1.077380360764242484e+00
-1.688566124753820397e+00 1.914689105586311335e-01
-6.793135913828575179e-01 -1.457808530022980165e+00
-2.810432611215868959e-01 1.616504427121968179e+00
9.214934322241129516e-01 -1.740974239033257764e-01
-1.227019123470280415e-01 2.780002536575438832e-01
1.115505311447858361e+00 -2.781908820181222541e+00
2.021330823607309313e+00 -1.031723631107522188e+00
-2.588172396213983539e-01 -5.310821245763908127e-01
1.165714553920741636e+00 -7.568665300012652475e-01
-3.374292891346796219e-01 -2.430970290866030670e+00
-9.013758889535891106e-01 -6.427884688489143850e-01
-6.574267900955711452e-01 -5.712380577109923419e-01
-4.251672474327908291e-01 -1.364021680637170553e+00
-6.739382137733487266e-01 -2.671114024029688228e-01
-4.902075724354498232e-01 -2.269710665091372037e-01
-1.314395432314716006e+00 1.932696495367113299e-01
1.887874730605282880e-01 1.200751970693187287e+00
5.478645468131785323e-01 3.535718895081782498e-01
-8.708667943395290711e-01 1.189567962274357266e-01
-1.076855422483930402e+00 -2.221284652890893885e-01
2.937071066690643550e-01 7.613714322476416996e-01
-1.726008780820217581e+00 -1.968580980226089627e+00
5.021328445710235844e-01 1.319283824933739968e+00
-1.393236262158021044e-01 -8.281629677664381628e-01
5.876336946959573870e-01 1.063674887007878933e+00
1.855528788345736313e+00 -6.262351219646938860e-02
4.691080939205266587e-02 4.373669280481898292e-01
7.737788238276344099e-01 -3.195627786645454993e+00
2.867807176005992553e-01 1.400848288696052490e+00
-1.975478924103887812e-01 -1.470209518960546857e+00
1.028774546099443965e+00 1.854337453766159369e-02
-4.827060863550733383e-01 9.173131958210463122e-01
1.225282350682847632e+00 3.720518412841307132e-01
9.160104900281101914e-01 1.165116309826603080e+00
6.110626859697839697e-01 -1.256509024132024921e+00
-5.829191121146419796e-01 7.969896119784820598e-01
-5.905324634123910489e-03 3.788959736766804309e-01
3.689886664464545052e-01 -6.869101171368003911e-01
-8.661328783205309856e-01 7.326734894058464231e-01
-4.425177486898222434e-01 -2.727389522906983887e-01
-8.655102766823458138e-01 -3.490740149600339848e-01
3.382699586966803618e-01 -4.127721384416893624e-01
-1.786918377125837676e+00 1.486691850974290352e+00
2.881483516776496834e-01 -6.934212831554164014e-01
4.938176084225687212e-01 -2.510957404904955670e+00
4.095356399805558656e-01 9.340348538003688528e-03
6.507475268868930796e-01 -8.083807620115910364e-01
-4.179992807363946405e-01 -8.233423380516988743e-01
-9.582128313460849811e-02 1.028113275459391796e+00
4.031113655069065160e-01 1.218978753847127061e+00
1.142064470595790082e+00 4.684684242012454591e-01
-1.070494869992753229e+00 1.173674936324383911e+00
-2.402094393371216441e+00 2.130688246133772612e+00
