7.398335300997086472e-01 -3.726059116057389015e-02
-4.786845173927955360e-02 -1.547012723179837179e+00
6.529143913603823179e-01 -4.878574719676908589e-01
-1.748381258362950552e+00 -1.090379800249073217e+00
-3.649414533192488985e+00 -1.730258010553552828e-01
1.808231616863937019e-01 -1.000250805201611692e+00
-1.985862317435173274e+00 -1.287302042105391564e+00
1.122029796707593396e+00 -7.927454365842512285e-01
4.563738724316515616e-02 5.332639586824493572e-01
-7.742472480877102825e-01 -1.072974678750371197e-01
-2.925960382379140801e-01 -9.730633683145806234e-01
-1.837573546349374976e+00 -9.521355810392991836e-01
1.023849542797602430e+00 -1.121344733625084800e+00
-3.229320011506022214e-01 9.727746139780885093e-01
-1.168636492565251900e-01 -1.247465949757820436e+00
9.177749828560451129e-02 1.409878313734048483e+00
-2.120803269097316646e-01 9.871183657601853567e-03
-2.658011784090790197e-01 -2.156512482125374774e-01
-2.163055819472865238e-01 1.055877911771941902e+00
3.635018570322762765e-01 5.783541988387665977e-01
6.974616114625195040e-01 5.073616265239824230e-01
-5.400442356793794946e-02 1.097729832470587086e+00
1.500730617168577030e+00 2.272122969964667227e+00
1.138860900236853491e+00 -1.632084575620774969e-01
-5.490813037211519365e-01 -9.644272026464251191e-01
2.032007067365824426e-01 -3.843180423360789688e-02
-9.273313280364799960e-01 -9.763000929841654241e-01
-8.414856163579244042e-01 7.543030494726034041e-01
-5.395717439991508657e-01 -1.440198102887999099e+00
1.676671482768787025e-01 -2.723874956759879118e-01
-3.006210906222052115e-01 1.131215663167846053e+00
-7.239502156565097435e-01 1.023961801508588287e+00
-1.032812792794167711e-01 5.942617200929586341e-01
-1.045639448502493352e-01 7.739246636105870381e-02
3.342666716108886327e-01 3.381486567482092087e-01
-5.639315356959543335e-01 1.817409828622299939e+00
2.213702721646381433e-01 1.540693075389689137e-01
6.954080107712412584e-01 1.197622913542361056e+00
-1.668953113534259680e+00 1.887112638125834962e+00
1.997098277296547764e+00 -2.866892231097621924e-01
-1.446726938010473251e+00 -2.496507854777582747e+00
1.418871887424152822e+00 5.189823938584925411e-01
4.316744236617572894e-01 -9.187915665447498048e-01
1.558494953628383403e-02 3.346965391885916574e-01
-1.113996503115540104e+00 4.679644383018227716e-02
-1.009636393968422974e+00 1.227114852505792886e+00
1.196323997977013359e-02 -4.507148917550873324e-01
4.869062358696265025e-01 -7.486036959908399790e-01
-3.204484003954884974e-01 -1.750384298808744576e+00
6.311065445443984068e-01 4.144283091002345931e-01
1.125942965189423717e+00 -1.184263400308147363e+00
2.715075697451597048e+00 -4.584150744265534372e-01
-6.500455681776388106e-01 -1.283590054118682433e+00
6.422622288432878745e-01 -1.470387753724826663e+00
-3.256775003147097669e-01 1.759329827636196386e+00
-6.783488901870157184e-01 -3.157731262872686129e-01
