1.760352281306558409e+00 4.203426090763859313e-01
-3.966428216657031380e-01 1.289818815473041946e-01
-2.590637373570113255e-01 -1.938763847236108617e+00
7.788781796302044480e-01 9.819423155959777771e-01
-4.487445204584026293e-01 6.968171409578883813e-01
6.863447579265256060e-01 -6.348095396267724455e-01
-5.023457145959852044e-01 9.864802670796975897e-03
-9.481319882999106330e-02 6.921084024142748481e-01
-1.973421996888845342e+00 6.255303826848013227e-01
2.960499939689323345e-01 -1.179232541571006765e+00
-1.109303463653604549e+00 -4.578987444790869610e-01
-5.588128130752951367e-03 4.555878844111485582e-01
-1.844832940098202423e+00 1.251763994155539628e+00
-5.979482818936874278e-01 -7.476738022450516441e-01
5.204167816989531126e-01 8.301075349406410453e-01
1.975570806195104501e+00 7.290415142703169371e-01
-8.081178773454337216e-01 -6.921862397265274858e-01
9.256966064121096016e-01 -4.233282986620916510e-01
1.074861092645771343e+00 6.194992791173246083e-01
-9.645310669645169588e-01 -6.881495285625878200e-01
-6.489475021794901544e-01 1.100154510046920248e-01
2.265886642168554455e-01 -2.080888504094668967e+00
2.454336096754981433e+00 -1.235531705616542755e-02
-1.963069077621699410e-01 -6.925803359190288999e-01
1.138361445160598784e+00 6.457666881818578952e-01
1.417098901628905117e-01 -1.293429083156838244e+00
1.572706709756334365e-01 2.712122258584394041e-01
1.868302132440892160e+00 9.803330265150629608e-02
-5.281798208192375194e-02 1.214864186463458839e+00
-2.741110563190284899e-01 -2.793372045669352044e+00
-1.003137379072121638e+00 -6.245732242672985546e-01
5.292099525280286043e-01 4.568457830120835339e-02
8.499470492940864874e-01 -1.130438200836100471e+00
-1.591442465578184473e-01 5.521301167760322981e-01
5.997388214273674523e-02 2.800094492671176827e-01
-1.069856285256648443e+00 6.474751862172762884e-01
4.770241884245911002e-01 7.652961119676122692e-01
1.767637569877992254e-01 -5.323129163897194482e-01
1.242468773684410444e+00 -4.324559994380952066e-01
1.522377216108898035e-01 -2.153116554713921660e-01
-8.053488460235821433e-01 -5.645462022541491987e-01
5.053196566237977416e-01 -1.098449481716793796e+00
4.049156011474008277e-01 -2.016333669419923869e+00
9.848833437524840972e-01 -4.990713160186006220e-02
-8.923633329607504328e-01 -1.696660803102403303e-01
2.982959272822384156e-01 9.324601002665360294e-01
7.382673427612423955e-01 -9.772353362862010173e-02
-1.797594428529053046e+00 -2.561729871072282450e-01
2.435878076323152175e-01 1.202371516668925944e+00
8.269171583278520088e-02 -8.371630142954382681e-01
1.148661725918114440e+00 1.567049407466881428e-01
4.775126478317369139e-01 2.803553869342562677e-01
9.525946019562784306e-01 -1.032419517639057427e-01
-1.274300709709070389e+00 -7.986656251891044445e-02
1.745920905442583174e-02 1.295133954071727489e+00
5.909411296439912586e-01 -1.091185548472480560e-01
