-8.081367050786132378e-01 -7.096634091370609410e-01
-1.952689292959338130e-01 4.392791172630062801e-01
-1.417975220252345236e+00 1.237803661686955214e+00
6.908489318145251412e-02 1.713241581024916582e-01
2.508499805805640137e-01 2.915263105471389005e-01
2.571469642890815144e-01 -4.524422146903874231e-01
-1.707012577639330120e+00 4.624119797723727499e-01
-5.968680561852033328e-01 -1.226296183768396775e+00
9.713239854379914773e-01 -5.809315889508025466e-01
-1.043899478078632148e+00 -2.838193663211701967e+00
1.048487560118000594e+00 -2.898352850199512054e-01
-2.645483650925540831e-01 -1.058480235892779175e+00
6.250041806005635081e-02 2.626587346477703977e-01
1.314961154328917692e+00 -3.471876044255444577e-02
-9.719182830111742222e-01 -5.778705321142735274e-01
4.784938341459314681e-02 -6.962632246232978994e-02
1.219258033655470141e+00 1.809811665860928231e+00
-1.213864962405845960e+00 -6.374765575200361800e-01
-1.203394023779063682e+00 1.496056172064340828e+00
-8.344386491784541171e-01 2.190981704133765917e-01
-1.034396270805671980e+00 1.728776610676258985e+00
-1.889682545137579273e-01 4.995528892774747654e-01
-7.650101532502820989e-01 7.946720763971179546e-02
4.518455721111485635e-01 2.900900869241598290e-01
-7.431818466062137252e-02 -5.495453738041136127e-01
-9.439484555684614364e-02 3.800916601964430264e-01
4.036067441720677107e-01 7.015512242740244986e-01
6.189627861087831917e-02 2.746637491418668642e-01
8.479146274737355826e-01 1.810429717066950606e-01
-3.533853426378651408e-01 2.724207776915766321e-01
6.854280182330643179e-01 2.980147200840971289e-01
7.151181053948162392e-01 -2.891213772315943120e-01
1.112167050349353259e+00 1.521006996591903304e+00
-3.371909837702697366e-01 -1.484865572346776741e+00
1.152107176843433001e+00 -1.093457912646986552e+00
9.270305261682014741e-01 -1.417673147407549017e+00
-1.422199165561830458e+00 -7.826528928505902538e-01
-9.969188598479165053e-01 -3.085669436384373410e-01
-6.370928491930062665e-02 -1.314964490762636107e+00
-1.161450521603422326e+00 -3.179622119205625652e-01
2.766319338305836539e-01 8.383527802302097598e-01
-4.097016894532015674e-01 -1.122527645206366387e+00
1.167050536929966187e+00 -1.051932390955552021e+00
-1.522824340958444322e+00 6.436907796644601998e-01
-6.008326876741261202e-01 7.898874983587335086e-01
-1.791016624419926595e-01 -1.423178047328855111e+00
9.967711545733658474e-01 9.360667240579234605e-01
1.015318405616972397e+00 1.228293262250601536e-02
2.776075983330482111e-01 -7.651343949503857100e-01
2.443288196471961271e+00 -2.621908325043652010e-01
1.117347095273959035e+00 1.881588264112305509e-01
-4.722771918946530034e-01 9.094973249581819186e-01
-1.005255469522904344e+00 -1.189815912219962385e-01
1.080595080141199815e-01 -4.917477114991731790e-01
4.035054112316004415e-01 -1.131453737664970483e+00
-1.250993830866460765e+00 -2.506564640651151588e-01
