-1.344685743368706721e+00 -1.115653795923488234e+00
-2.970401267811005885e-01 6.205345783097966361e-01
8.363610256735498627e-01 3.529968695976325455e-01
-8.670160329461713833e-02 1.162784316306985088e+00
-9.926716084591165334e-02 8.487532324664782690e-01
2.602318041919223779e-01 -4.248426510470141304e-01
7.766622636413169634e-01 -1.933000702532894632e-01
-1.184637585351845157e+00 -1.758104255216824674e+00
-3.421557291473090873e-02 2.484263037548154196e-01
-7.131290502945853982e-01 -3.474699450082985308e-01
-1.630341251249428636e+00 1.120219080994376615e+00
7.752824439837052717e-01 1.339483045931128435e+00
1.122270538979433629e+00 6.308296731400168111e-01
-3.280770370142091497e-01 2.434907398674111545e-01
1.143665496253894798e+00 8.375382654461931420e-01
-2.051911013603295419e+00 1.174357100149377331e+00
7.389097835059472708e-01 -9.210376416206486061e-01
-2.835604624776868685e-02 3.576590988760799950e-03
2.220855055310283488e-02 1.098743240323460796e-01
-8.032171582628127027e-01 -2.286293636379671881e-02
-8.561292135586447971e-01 2.110062412216507644e-01
2.818089270337729157e-01 -1.792321554447594556e+00
6.068104574944662710e-01 1.158477049305509654e+00
5.342301554969536292e-01 8.233143946216514575e-01
5.546078281715985936e-01 8.502900537342561460e-02
4.941278327567334427e-01 3.113124913567774099e-01
3.899655820423600927e-01 -2.214369550160777134e-01
-5.080153208796691633e-01 6.059085150299071687e-01
2.195968995133890933e-01 -5.610311091308893827e-01
-8.180672467027972905e-01 1.060772506744559029e+00
3.618022056332664826e-01 1.079647510901379892e+00
3.626394997559410222e-02 1.162660704236265108e+00
-6.743468675520181144e-01 -1.067523506898411911e+00
-5.374155110510656641e-01 -5.325815593471772136e-01
-2.021090982150805182e+00 -2.220250567900255767e+00
7.922899989984099056e-01 -9.769499165566263021e-02
-1.855338022691767286e+00 3.545496307025327032e-01
-1.718985823785269540e+00 -7.658616557717613516e-01
-2.222178539518428142e+00 3.792856035632566902e-01
8.116611312484266483e-01 3.456750023869052946e-01
-1.879041811603385792e+00 -8.127680208810014184e-01
-1.553051004270479041e+00 -4.761613629194362263e-01
1.172627897328192725e+00 4.826607719154465959e-01
3.145444181616983692e-01 -2.295322077100523522e-02
-1.500445103190485074e+00 5.615292508644839087e-01
-7.627563767722127519e-01 3.259044898275041402e-01
-1.712935188503585504e+00 -1.794283040577061339e+00
-6.690260513278406540e-01 -8.926977785606604598e-02
3.603707549022024392e-01 -1.848217350937783332e-01
-1.010392662693927246e+00 1.047609689596160354e-01
4.239550706464716434e-01 -9.784559478707730573e-01
-6.976338073180179955e-02 3.764177126172552623e-01
-1.205096534047656265e+00 -4.801852863745645350e-01
6.546025272421290842e-01 -5.591708509874643296e-01
1.237015323720852267e-01 2.088682965301883687e+00
-4.104178319655111817e-01 -2.460098577311581103e+00
