-1.583743753919709230e+00 -1.891330901759468996e-01
-1.578208643645902520e-01 -7.483834328968022032e-01
-1.830094160093013456e-01 1.586316869952341946e-01
1.027874002991240099e+00 -6.767754697608288628e-02
-7.956860705125898825e-01 -8.654910927386973984e-01
7.301957460280843470e-01 -1.438844970801844037e+00
8.505349817441413274e-01 -4.940951786780512500e-01
3.157951162018100832e-02 -8.954903981868275187e-01
2.483243372384753844e-01 -1.410160100169890685e+00
-3.949894831584169902e-02 5.916884271561104885e-02
1.412775845856205859e+00 -3.282680374760497261e-02
1.705720211946145370e-01 1.653097543035036282e-02
7.913549725464117390e-01 9.091505392757247561e-01
3.630126709436010124e-01 -2.167777136232334811e+00
7.465270802328402011e-01 -8.789937015808494403e-01
-1.600291586611475234e-02 1.122527935277469080e+00
1.854738316660921482e+00 -1.816050287810807295e-01
-2.045519047667988310e+00 9.006175587971029239e-01
-4.128863791070963019e-01 2.989149530816452849e-01
9.271818293169084013e-01 -2.285153019016174181e+00
-1.504095236942015967e+00 -2.796218825483144377e-01
1.078415604074482337e+00 1.440836680003052317e+00
5.499280207203401938e-01 3.476250711339327060e-01
9.962878526586871342e-01 1.390024100440702348e+00
-5.799337835469529079e-01 -5.406947676752912324e-01
-1.402512161060402107e+00 -3.172003073281099983e-01
-9.396364582210010585e-01 -4.983166319573841818e-01
8.018177594433683053e-01 3.993962181327179173e-01
-4.882520937391652271e-01 4.983379329007534553e-01
4.003098135205994390e-02 1.563981674256204046e+00
1.541735264818201223e+00 -5.330691275111438809e-01
-5.683945569864442549e-01 6.980846254258004091e-01
9.120087726839384498e-03 -2.771892897597551197e+00
-1.045975908989083408e-01 -1.974164475805911464e-02
-1.109513607320784079e+00 -1.168118598409325859e+00
-2.452192306220954077e+00 -1.538629799390169417e+00
1.098010117237046668e+00 -1.583455988986532115e-01
-2.110525171627181340e+00 -1.397559159668071427e+00
-7.814797359254375964e-02 8.227760537040798017e-01
8.348757151484204053e-01 -9.011738582310375723e-01
-1.267667950879250716e-01 -6.056259550862264085e-01
1.463085230548296645e+00 -4.866570627989932896e-02
2.274754831673053146e-01 1.770572926848740458e+00
-1.128427864220625798e+00 1.033608181581431029e-01
-1.812900766239051997e-01 -1.575991901308697318e-01
1.597580014387605774e+00 -1.587539403794315795e-01
8.221214942838745987e-01 2.838835838433831915e-01
6.117412456677142618e-01 -5.577479560476921172e-01
-1.030841552786894821e+00 -1.382151314752401605e+00
3.363877262545984098e-02 1.761909545951294787e+00
8.486338884082118561e-01 5.841515496566320603e-02
3.185623523114493594e-01 1.226410877593298698e+00
9.857259732281103970e-01 -6.610529531734921083e-01
3.229494116824752070e-01 -6.753761818924356453e-01
-6.984657276400237924e-01 8.458295428078312916e-01
7.669725394837788590e-01 1.364315691006161124e+00
