-3.191864030616510250e-01 3.009633846083086817e-01
1.132375269045697852e+00 -1.962504499496374955e+00
-1.436632110265095852e+00 4.342091421930641126e-01
-1.876170401188328896e+00 1.430229229517848921e+00
1.214478269804773747e-01 3.273923474302337655e-01
-7.713078120555931783e-01 -7.083063502765384323e-01
1.175085842249442014e-01 3.452490164496782588e-01
1.837418733875502586e+00 5.150520199101312757e-01
-2.727055729230324910e-01 6.917802000692642173e-01
-4.712600869428355127e-02 -1.683920224313995850e-01
-1.908044384872971677e-01 -1.051092582488386828e-01
-4.323879574289455352e-01 4.259362432178197544e-01
-9.177764263247904786e-02 1.939662746432586182e+00
6.369798746211096097e-01 -2.636714512447850822e-01
4.568879110155195378e-02 1.702030838407844415e+00
-8.214293867776136793e-01 -5.594203519258669211e-01
6.391955627921583893e-01 -1.520984898668370944e+00
1.095548376959606829e+00 3.095663038142258960e-01
3.704073179431162655e-01 2.682574747635611434e+00
1.819883332801299103e+00 -1.161452439909729906e+00
1.366270604515883225e+00 6.203682842027830047e-01
-4.556924944357526597e-01 -2.325413348656871770e-01
-7.051158196639303322e-01 -8.588505313795152807e-01
-5.527933653772754141e-01 -1.572320156244622069e+00
-2.432934370853966077e-02 -2.042297803615098939e+00
9.465766890697471792e-02 -8.775872464542471274e-01
-6.491196986239867739e-01 1.063623119100348458e+00
4.510438593056230183e-01 4.936914984000198015e-01
4.025320974280408026e-01 3.614646994675657643e-01
5.663587263501552727e-01 -7.525258226128542782e-01
1.574518224692637025e+00 -5.426919179461781040e-01
-4.126590260814375077e-01 2.989520619079394925e-01
-6.668852256036518489e-02 2.374616044970503381e-01
1.299013160352672891e+00 -1.130309311572636588e+00
-3.960008325038336663e-01 1.112438309883370557e+00
-8.809174237477348512e-01 -1.382550183530808496e+00
-6.210262913362568638e-01 -5.916825398094478494e-01
9.055252755673651732e-01 -1.731071102893625424e-01
-1.025413335951553373e+00 7.478078642687177591e-02
-5.126285584474148393e-01 1.882269879447739103e-01
8.996014013265296594e-01 3.530619390573409150e-02
-7.136474659393734488e-01 2.265324355839122283e+00
-1.249949672095997277e+00 1.016125547004982588e+00
-1.660998400629535854e-01 -6.427171735467129832e-01
-1.441304080050729519e+00 1.959301182948142150e+00
-1.112965219186248911e+00 -2.620480435079064474e+00
-4.218825627168024117e-01 -8.338945359892101505e-01
-5.520299681846689843e-01 -9.432156289050562803e-01
2.716927365064753658e-02 2.420318898443164085e-02
-4.785981503163429518e-01 2.893980314407615384e-01
9.889978233583977818e-02 -2.759498239449257317e-01
-2.161770084506027256e+00 -1.330977714086823083e+00
-4.885336868321944748e-02 3.217221175292669377e-01
2.373316993716214907e-01 -8.353499615024683189e-01
4.950166393040376644e-01 -4.939519383739797154e-01
8.385352540642074803e-01 -7.677981994857328019e-01
