-3.943146104597028412e-01 -4.021942479549204807e-01
1.978478895357451139e-01 1.129521857130328488e+00
2.084572989134717003e-01 9.116601008387387184e-01
-1.388582935757052272e+00 -3.342092877646132831e-02
-3.965149572986587101e-01 -1.493475331206872259e+00
2.394448773000463007e-02 9.934598269651310209e-01
3.683284575573400055e-01 1.284062419231743801e+00
1.782679200086013660e-01 -2.932453966918311949e-01
1.348946070325601099e+00 1.120184348492472948e+00
-2.865343249104542744e-01 -1.064812064928773339e+00
-6.164948062213195801e-01 -3.536781289138973827e-01
9.542607231969311155e-01 1.657226807001944691e-01
-1.245238458526747083e+00 -1.119096161918227361e+00
-1.275850771058580913e+00 4.101669206837758597e-01
-2.752506202636583951e-02 1.236178965718504275e+00
4.918270071753450545e-01 1.040386035578243273e+00
7.385890232729611649e-01 -7.937515218791810767e-01
-9.233633165762190620e-01 3.366000245231479671e-01
1.732734221103164440e+00 -9.002775952704116236e-01
-4.837522648856575902e-01 -3.559264883294594450e-01
-5.729318159322757120e-01 2.879633392777998235e-01
1.462463001058114109e+00 9.373263928471642359e-01
3.254831751499734249e+00 -1.378741450941979751e+00
1.132552816891752023e+00 9.265094678471710310e-01
-4.099965007478808404e-02 -1.830685292689366306e-01
-1.480075156453129592e+00 1.906002407107900254e+00
-9.662348514919344433e-01 -7.876969292967297975e-02
-2.955132507117174123e-01 1.080993247272093782e+00
-2.444463572164240706e+00 -1.627554008417555709e+00
5.208242919021244255e-01 1.077828302189724807e+00
-2.293562896694696929e-01 6.161621082855288645e-01
-6.373868460327458685e-01 -2.509429978640983494e-01
1.254090139316843322e+00 -2.354190571505191121e-01
-3.412413261190644920e-01 -2.398328780051945663e-01
-7.881507743810148292e-02 -7.510886694116760687e-01
1.329279286924140768e+00 4.188902185432918923e-01
1.651523608925676567e-01 -6.745308542536599949e-01
2.316410602466384156e-03 1.800291722851062037e-01
-1.263628485533125678e+00 -2.248944098607979392e+00
5.138495075187793359e-01 -4.236989355939047019e-01
1.131267990991858402e-01 8.585985879231000650e-01
-4.435623009167347780e-02 -6.351354129030758466e-01
5.570028822727501883e-01 -2.905914690784681120e-01
1.446362206317867716e-01 2.052833212199728141e+00
-1.069713527392003982e+00 5.112372792121517434e-02
3.267467417256166018e-02 2.806734357042449446e+00
-9.794077377579625265e-01 -2.075120686679393922e-01
1.456287450589751654e-02 -6.869436491536498046e-01
-2.367902466257808536e-01 -2.738782836585174629e-01
9.320605721792056542e-02 -1.852495979419914729e-01
1.489527551896483726e-01 -2.091917408317290228e+00
1.222968589205933654e+00 -1.801371572759865369e+00
-1.131012383559289347e+00 9.386110985729223533e-01
-3.034957258601321886e-02 -7.196858521985295409e-01
-1.155569884717017271e+00 1.494475964083918362e-01
5.547725665809930540e-01 -8.761723009504452930e-01
