1.801815274881696238e+00 -1.509950932922857980e+00
-1.675967560867681172e+00 2.127292976680654757e+00
-1.256143694164875368e+00 -1.004833382644102491e+00
1.753171038306361451e+00 -1.058231863592546534e-01
-1.531791646200857393e+00 -7.102075085514477637e-01
1.119194286791275639e+00 2.231052631772127981e-01
-2.570339289679451911e-01 -8.605183650584811161e-01
-5.854934134321653216e-01 -1.546571977518827801e+00
-4.753188642302668687e-01 5.072383460121566469e-03
3.629718575213720239e-02 1.824623486700484576e-01
-3.989536968028147695e-02 1.041070133071269721e+00
1.534908125918730715e+00 6.090172567248288704e-01
7.546293884578680888e-01 -1.149934334366321531e+00
7.568843998215469826e-01 2.641859089760758422e-02
-1.496423151631540938e+00 -1.620495510138193929e+00
4.844529022424171744e-02 -1.375128672464998258e+00
7.765554451691315530e-01 -3.162502043326187451e-01
6.486659071304965440e-01 -7.430194479777817440e-01
2.765189639868564364e-01 4.108914867085181055e-01
2.012566478682781546e-01 9.323011695502753104e-01
-2.007330682952979117e-01 -1.438160578273409262e+00
9.214825372127083414e-01 1.447022015208556667e-01
-2.494269857172736193e-01 -3.133064878423316157e-01
1.099721766779990118e+00 7.514120341136941716e-01
1.365876428088022010e+00 -4.055995199572492993e-01
-9.343755269118894091e-01 -1.589144274654038291e+00
1.802463522948526964e-01 1.324156658859892088e+00
1.230067448858287449e+00 1.485819364366489960e-02
9.795741662037903141e-02 -2.559942981824079450e-02
1.075067926809881280e+00 -1.184491986323693347e+00
3.154463500361006090e-01 -5.150575965956540742e-02
1.484809090293344624e+00 1.655214905518501978e-01
5.625289118403177246e-01 1.017937671295199298e+00
-2.689571797956753496e-01 -1.073197225225747564e+00
-2.790510885378197359e-01 8.956334622676656032e-01
-5.473970990901321221e-01 -7.715053349044781461e-01
1.120860801362458109e-01 -5.250438750671124755e-01
7.038322084026357173e-01 8.605648035055177836e-01
4.509157287081917431e-01 -1.725265667883893350e+00
8.524197324575323309e-01 9.254409875669951102e-01
-1.347037673823296311e+00 8.150851105221155191e-01
4.165578402015669979e-01 7.968178012912701114e-01
8.747442776936656950e-01 -1.295888834764325759e-01
-2.596978740725974233e-01 1.149358103576091805e+00
-1.327330663322324300e+00 -2.834682213123129735e-01
-6.953708952566995949e-01 -3.025920803718814334e+00
-5.837701652925866291e-01 -2.681966462675035690e+00
-1.710405102471101557e+00 1.856505629441039806e-01
2.177527147140756181e-01 7.913613437985472787e-01
-3.141970969421934434e-01 1.083100191977040438e+00
-8.864429017187763771e-01 -7.327645662270162452e-01
1.269314859298910303e+00 8.898622055107443529e-01
1.757184295315936895e+00 -1.391427203098412280e+00
1.842684114568021378e-02 2.171482791874456975e-01
-2.015037289496479089e-01 -3.724631813329405405e-01
1.368942731964289394e-01 -5.800135988939135734e-01
