-1.913424023239281402e+00 -1.167234237881062509e+00
2.086772755059000672e-01 1.512488520130846448e+00
1.196902166648576182e+00 7.674483621286979362e-01
2.528512184596974244e+00 -1.963016492908174371e+00
-1.675653850810999490e+00 1.001575052023510742e-01
-3.748918777454577356e-01 4.881309793762125815e-01
-7.837002200548384145e-01 -1.711986311309485309e+00
-5.213296794443335047e-01 2.158418275298082112e-01
-2.580056506857391074e-01 8.451981096052898490e-01
-9.809257789413668993e-01 -1.207378932832369411e+00
-3.050344813866817661e-01 1.818587605493340309e+00
4.260111619161703611e-02 3.568342304275620713e-01
1.885212450380202798e+00 -2.970637797718869710e-01
-8.086591018960270771e-01 -1.963590772554043351e+00
-1.896459577178747913e-01 -1.948868953217227418e+00
4.308398063676942003e-01 -3.646543718293215885e-01
-8.236946679428312768e-02 -3.953678796987900590e-01
-2.037567825847045044e-01 -1.719239958381961475e-01
5.633622824820834207e-01 -9.115901498078913257e-01
-1.806775428508174741e+00 1.011433497627455269e+00
2.162458928543834258e+00 6.191061040527113812e-01
2.686623352424485356e-01 -6.019375553083990971e-01
1.072779889919252660e+00 1.004354494887999660e+00
-4.954113608442485550e-02 1.658147198724354121e+00
7.399691450180845287e-01 2.243544419118551847e+00
5.324031093443718499e-01 -2.257728266520750704e-01
-8.387249882878610174e-01 -4.416872224405682945e-01
4.070577324248374484e-01 1.109913686893029716e+00
3.710263785417635685e-01 1.246512969278299743e-01
1.993481309752770381e-01 -1.366432529658909045e+00
-6.343921548642946773e-01 -1.506768914452387031e+00
4.079540463796103023e-01 1.649808212558493414e+00
-1.350778560521569194e+00 1.757966970400240525e+00
1.024525262904089074e+00 5.405406070135095886e-01
1.087292942918277605e+00 1.131614579398480293e-02
2.369680955563705282e+00 -1.481180326951591741e+00
-6.055299509650043932e-01 -1.958149812969240400e-01
-1.558254390378650323e+00 7.449997887779740147e-01
6.235983624716612272e-01 -1.265628335411012717e+00
8.369906515601571728e-01 1.175830892019632312e+00
-2.640618098102998634e-01 5.734004274450974492e-01
-1.290664684180258925e+00 6.572351209109412729e-01
6.431927552702229045e-01 1.265065254187455857e+00
-2.337299553434055988e-01 -2.979983104833222596e-01
-1.739896537203970972e+00 -3.774637243231494521e-01
4.611123626088847738e-01 5.315578421790329022e-01
-8.041015826443257408e-01 -5.861849619585486337e-01
1.231182392842983031e+00 1.161926258140020402e-01
1.459584554337701068e+00 1.269461025980153923e-01
4.789849633143657415e-01 -3.274825169430365390e-01
2.901168872744439131e+00 -6.144679549273155406e-01
4.773789922536245678e-01 -3.481595417300059059e-01
7.222670254069741835e-01 -4.917294679389032017e-03
5.271986958902588061e-01 -1.843388120727965651e+00
1.052047925933816463e+00 6.537344688871347120e-01
1.933397106206470248e-02 -8.971073440614940608e-01
