1.467460570612848514e-01 5.170423477555404768e-01
-2.209036625758932851e-02 3.016806939861215175e-01
3.871243897906021525e-01 7.862269348497955557e-01
-4.248425686469671780e-01 -4.678827800743253773e-01
-9.543823417036134682e-02 -1.165975495689191899e+00
-2.656856531795961929e-01 1.540338572101012382e-01
1.255239182241100204e-01 -2.713662862651894936e-01
1.871586754745227232e-01 2.238441853005408433e-01
3.990595269191366673e-02 4.643030960247503391e-01
5.092215161241208099e-01 -1.084262087540733832e+00
-2.603225659636426159e-01 -3.453389853503862628e-01
-1.682593620623228647e-01 8.436449947511898140e-01
-8.366630209404135599e-02 1.541160590373812145e+00
-1.836058448711426205e+00 -1.346543996275078259e+00
-6.916433477661801943e-01 5.293262739269540829e-01
-1.970836965777236424e-02 1.171177955881630428e+00
1.628905247747554630e-01 -1.141901962324811670e+00
6.190755348095604571e-01 9.368350595809886716e-01
1.315342281472843933e+00 2.154748647409154561e-01
8.975029696870558960e-01 5.054081194691447676e-01
-1.404029658504196476e+00 -2.604560560538711211e-01
5.146291412225710848e-01 2.135113508921577807e+00
-2.167669362633410035e+00 -3.451088174337776371e-01
9.229107718788595038e-01 -4.492213214871636495e-01
4.329578061790863019e-01 5.958817478900190201e-01
-1.278655819833797613e+00 2.637581764014362284e-01
1.265190894921891518e+00 2.828258332767439320e-01
7.931312835181085763e-01 1.591364941723907078e+00
3.171664616841971540e-01 -6.424404494747625316e-01
6.172475746818464337e-01 -3.923772273500037572e-02
7.076023295339946007e-01 -1.606357628069636556e+00
1.521575599000929646e+00 6.364327810576078104e-01
-3.918558569820465576e-01 -6.435123754995899503e-01
-7.058303610742781842e-02 1.076329077616578367e+00
1.586025123052578589e+00 2.988683843030097154e-01
-6.070934355637513935e-01 2.136510096305227702e+00
5.461152409763510018e-01 2.291966890652611388e-01
9.099708373678281337e-01 -9.393256446653270864e-01
7.550810154596963031e-01 -3.422684790362882090e-01
1.693661441344959939e-01 -3.301961727551396275e-01
3.259355908973675386e-02 -2.960444456936314750e-01
-8.929212716690615448e-01 4.559041626105251460e-02
-1.726222588173478567e-01 -2.581083883135235624e+00
-1.097186880049806496e-01 -2.752702320752974385e-01
2.850594245487338418e-01 4.269690980512506617e-01
6.951911658304350539e-01 -1.768099932511431938e+00
1.183885880142431013e+00 -2.000854453920450915e+00
-7.562709395444047189e-01 -4.446658425826065936e-02
-9.467634242797735578e-01 9.853439299797853712e-01
-3.793263075173218257e-01 -9.839602038406556339e-01
1.285382607524998999e+00 2.717273330928948183e-01
7.664274876276391257e-01 3.193178678503432733e-01
7.239925326018016305e-01 -1.249814834894078741e+00
6.975276102433967118e-01 -1.137979401767011539e-01
-4.809223554742641515e-01 -9.644455937981373239e-01
2.172114572075638794e-01 -5.261844235266394110e-01
