-3.153726948524526730e-01 -4.982959572261732029e-01
1.486116845373645301e+00 -7.466014939682278362e-01
9.672117280818156582e-01 7.903651771328273207e-03
6.962078840722836226e-01 -7.366209937317759193e-01
-5.014790640461648241e-01 -8.644867579438260863e-05
1.273842344810781624e-01 -1.409099066660992605e+00
3.481468357619769693e-01 1.131881611017521383e+00
-5.804035416310423523e-01 1.685561810019490236e-01
-8.506419092819875738e-01 1.274005928445144598e+00
-4.568026782380646411e-01 -7.213878725618786403e-01
-1.368028711255694807e+00 3.552548829359636340e-01
6.158614804520212010e-02 5.246148924055580309e-01
-9.730525465804621410e-01 -7.480464476591041079e-01
-7.197962840269550577e-01 1.665203834889120715e-01
6.144515165843521531e-01 1.307671083299368764e+00
3.109258800035665793e+00 8.861993419016093165e-01
7.201119071226717849e-02 1.477401715414069283e+00
-2.947508730799958676e-01 -4.915904443524382050e-01
-6.183587328270373495e-01 1.640159604643163682e+00
-7.579684538337779776e-01 -3.818364830930027765e-01
-3.072418484349933587e-01 -2.349487744070186124e-01
1.388490955862105025e+00 3.884440516229381579e-01
1.992409408295080731e+00 -9.218553108095690618e-01
-6.491003807939319525e-01 1.015656623434266104e+00
2.188619335168667246e-01 -1.276666213732399191e+00
4.332738319157956042e-01 -6.530462015834764822e-01
-9.902319968819004448e-01 -1.955124335737993935e+00
4.426719640154273550e-01 -1.121159671374544337e-01
-3.370066231848721783e-01 1.796468795581206646e+00
1.357423035106334885e-01 -4.741422246173465638e-01
1.108104869825234484e+00 -4.443981313506716879e-01
-6.005172948941865929e-01 -1.845000417729961040e+00
-4.578390577315666898e-01 -7.389211414683695411e-02
1.805872896685692952e+00 3.084715498841700820e-01
1.979086213150363482e+00 -7.715625079405952214e-01
1.197971308041858807e+00 6.446842678833162310e-01
-2.085896559772695280e-01 -5.708612224220889209e-01
1.362134063430793685e+00 6.465675810453802574e-01
-8.249320430601577714e-01 7.260588396824212143e-02
-9.055475494377526191e-01 -4.972140436430203536e-01
-1.440594685033222744e+00 1.067334942655279617e+00
4.410377602492153715e-01 -6.108298074504372455e-01
3.854334331641772193e-01 1.568882137510447361e+00
4.016737275253578487e-01 -1.307327661688247600e-01
1.077106088028886743e+00 -1.944107735575232865e-01
1.160672800800540250e+00 1.936859323304123692e-01
5.594721323901191701e-01 -9.696952297057407355e-01
-3.633632712117664809e-01 1.751028701780022179e-01
-1.352275204725732261e+00 -7.729406294484354456e-01
1.128478433610849319e+00 1.660197890385486152e+00
8.432737375535780400e-01 -8.226796257511327370e-01
-1.201307173817184049e-01 -6.732487284278819706e-01
9.383360696671786405e-01 1.453041591524155962e-01
2.576955572907438929e-01 -2.136871984626036891e+00
-3.571079559816529858e-02 -3.332536736216729079e-01
2.144141563680206086e-01 -1.639002434792367513e+00
