-6.653519633709018555e-01 -1.731214378573624479e+00
-7.821376840335848568e-01 2.512284261297526911e+00
-7.798816378155527529e-01 8.394398009781579573e-01
-3.955893550735355979e-01 -1.219604865829647250e-01
3.745280181364930572e-01 -1.373886056889988549e-01
-2.166164548664561706e-01 5.739552358744084981e-02
-4.412462945095367295e-01 -3.523444033288073429e-01
4.902830349102614838e-01 1.703360577805956011e-01
-1.791789008150883600e+00 1.851284620071695641e-01
8.572340432420146872e-01 3.144398940907107698e-01
5.370349092631275800e-01 -8.135752709502404034e-01
4.657963075047855811e-02 8.306618553759204104e-01
5.995846695629024614e-01 1.389226234624860723e+00
-1.853176649991119529e+00 8.608119599626039564e-01
8.390396013175905887e-01 1.546182805249552761e+00
-6.901433204329918691e-01 8.904416403790043066e-01
1.433133513765791012e+00 1.336722786164353138e+00
9.114734055390586454e-01 -1.188957593559320403e+00
6.628247552687618338e-01 9.307984849022855611e-01
-1.740185207389797650e+00 -9.514490831216532163e-01
-1.168377609107974363e-01 4.989922055290481606e-01
1.341634707355989775e-01 5.932515144012511232e-01
4.953208274286223789e-01 -1.449107170659905686e+00
1.742567939175315050e+00 2.949955303762957781e-01
-7.933935794110368311e-01 1.215515035543863753e-01
3.706196975852545372e-01 2.233792249993644119e-01
-3.005294241100761043e-01 3.803478330700859611e-01
-4.578119334057595968e-01 -4.422470386516498819e-01
1.338061368025531772e+00 5.029697237114916231e-01
-8.338747432476297794e-01 4.318543018390124666e-01
-1.281557203949017953e+00 -6.189106096183554229e-01
-1.687218883423635907e+00 -3.604000209188950032e-01
-1.182187788078006729e+00 3.284972533023176600e-01
-1.536308025582308057e+00 6.970337359120138965e-01
8.278300898178285738e-01 -7.508458750150028838e-01
1.541106996141844210e+00 -1.526423836726004957e-01
1.007001113633126499e+00 1.857828460203007626e-01
-1.187792763604580859e+00 4.979401744189226320e-01
1.460354674966023669e+00 -7.679919738173796029e-01
-9.664563071739878941e-03 -6.479370057188336141e-01
1.026624112913549824e+00 -1.447371331532680827e+00
6.364420609748223656e-01 -3.593097007160145351e-01
-2.702964026176079421e-02 -7.476882882034380229e-01
-4.004739333251934319e-01 7.862342166025972912e-01
8.680050418185388805e-01 -1.005486595320669529e+00
8.330774833689099657e-01 1.539063681436942055e+00
5.746343512146432353e-01 5.299068702918006135e-01
5.903770295269429313e-01 6.959314154679430153e-01
-7.634680427220186250e-01 6.681341363212108808e-01
4.652794863927011138e-01 2.487599535928874506e+00
1.777774324280701479e-01 -4.370001662168395140e-01
1.058817454363702559e+00 -1.492215999858169440e+00
-6.160090338199903925e-01 -5.369249866977804375e-01
4.101928497745842006e-01 3.477729395467260010e-01
1.287258343921493742e+00 -1.223165484624353594e+00
1.173483742214318282e+00 6.219902262170422524e-01
