-7.439612306299895339e-01 4.464125007021790270e-01
-4.439396593888123577e-01 1.623340704501226028e-01
1.692488835703643391e+00 6.896010781739601025e-01
-3.403915731301983549e-01 4.490929778238669789e-01
-5.458896111345242774e-01 1.724157115316927724e+00
1.923298755751259859e-01 -1.480703318443959970e+00
1.244895693392828129e+00 -7.546839833695853095e-01
-5.136609304545287635e-01 -4.029946119898620421e-02
1.062609441826789070e+00 -2.621724658676402586e-01
-1.549055977835006370e+00 -7.260072577994940435e-01
-2.551531065380950869e-01 -3.479004693700979978e-01
1.951812124095581469e+00 8.005501255999988297e-01
-7.926154483049977495e-01 -6.208441663435053659e-01
-5.411782977233389191e-01 -2.087215767400514732e+00
7.761795439095465765e-01 1.079243181991560885e+00
1.097653772799969119e+00 3.270448406022450905e-01
-1.049860582205857762e+00 6.474148232160921168e-01
-7.682983281628987804e-01 -1.282780808412426143e+00
1.263465653561799407e-01 5.268683123933969314e-01
1.707368585063498534e+00 2.056352946934595360e-01
-1.529861158866637316e+00 3.802146992912518175e-02
-3.612391489318470539e-01 -7.397606098276829911e-01
-7.569291863264676623e-02 -6.624571963457068224e-02
9.418011720720027569e-01 9.016862594689169230e-02
1.475679741115074328e-01 1.898724529259559368e+00
-1.184199521113092457e+00 8.867336740270292950e-01
5.637520045631012611e-01 1.476676012025790685e+00
8.885464132167925078e-01 1.587086824220554249e+00
1.107915159069066791e+00 -1.368537137033761786e+00
-1.107252013484283593e+00 -1.245095021780626476e+00
4.859780363979140372e-01 -7.499331806882794105e-01
3.577412249415294343e-01 -7.272207912333746860e-01
-6.385017409537055433e-02 5.515599447127454980e-01
-2.370846330515576916e+00 5.022095592685492660e-01
-8.627706181711336519e-01 2.856740009507583444e-01
-1.722809986360531509e+00 -8.525691205637442316e-01
-1.443496417322915226e+00 1.964301511704259040e+00
-1.613386884414125477e+00 1.331347418401344296e+00
8.400118324842997808e-01 1.449551944099499501e+00
-1.092619583062969468e+00 2.578040338199483195e-01
1.538554356068952078e+00 -1.285671019268123105e+00
1.051650279252140496e+00 3.747677811393786418e-01
1.882783070125265967e-01 2.510991313438901695e-01
1.109846207735250889e+00 4.036460006125542899e-01
-7.319983281598740898e-01 -9.390001857269945906e-02
5.730949663408721993e-03 1.444006882680584636e-01
-5.822631192294649427e-01 7.414399535894998783e-01
1.573401305359915237e-01 4.358476198939812973e-01
1.998848095258450863e-01 -7.049147413504083248e-01
-1.149469439855129949e+00 5.537326774816331287e-02
8.658739335564654693e-01 4.803108030378172022e-01
8.634038951412791318e-01 2.429737743122000262e-02
-1.477374506397182430e-01 -1.605213327895831654e-01
1.540607901463294072e+00 3.883950559181816864e-01
1.771162885486324168e+00 1.596508638993860696e-01
3.303756259699333619e-02 -9.726475091380136495e-02
