-8.475664339753994359e-01 -5.857014036445002958e-01
-1.518788703644356364e+00 3.801272005305063595e-01
1.163162001686633973e-01 -2.165233247145067708e+00
-7.035269260295746729e-01 -9.842991369809919178e-01
2.134548279360612533e+00 7.489547978554553231e-02
3.502498274350390184e-01 -1.588351550916542232e+00
-4.997862863897556407e-01 -5.402493215463345377e-01
1.620622009972925992e-01 -8.216283256031191584e-01
-9.039689815797183337e-02 1.376618154763602941e+00
1.621220097038847396e-01 -1.276473839287334267e+00
-2.804686702397432008e-01 2.778990184667108121e+00
-1.117151678210839938e+00 1.739908369285965373e+00
-3.639240803723006734e-01 -8.490787840623180704e-01
2.923697440161661665e-01 -7.534283845904553578e-01
1.637681058978675219e+00 -5.626499620463876195e-01
3.334670260188847268e-01 1.308419648908010213e-01
8.163784615606723971e-01 7.383840863877070160e-04
4.733325275404259846e-01 -9.377938795763611779e-01
-2.840256066581859917e-01 4.587737547579398001e-01
1.207290908402866014e+00 -1.322161030717140306e+00
1.055942759955404098e+00 -7.567137743088794277e-01
-5.185236717310366394e-01 1.410379436627088534e+00
3.707906936171930790e-01 -1.868325722063669314e+00
5.284372404452782890e-01 1.556473161544981443e-01
2.922124962749846344e-01 1.067259724588386360e+00
1.799898343864255956e+00 1.638922074697525266e-01
2.451104709863386744e-01 -9.150435343108119512e-02
8.371855278803076728e-02 -3.178264321939994197e-01
-1.750414472665530186e+00 -2.657202353984500220e-01
9.060896325890810399e-01 6.732262257123947657e-01
1.346424235114665746e-01 -1.633769251009428825e+00
2.009949327873282954e+00 -1.102053609572770210e+00
-5.592138538421243671e-02 1.193029313215019371e+00
-1.673857721607013294e-01 2.562502642735717262e-01
-2.901828645025983019e-02 -4.540478363269005446e-01
-2.171706921752250830e-01 -9.161082957670501070e-01
7.767899371521628238e-01 2.506835626247778254e-02
1.967626743427097313e+00 -4.085537130482880253e-02
-5.263601168025033861e-01 -2.001134083956305876e+00
-1.168230401052917866e+00 -4.224250066018335747e-01
2.263740884010058962e-01 -1.030272850677799390e+00
7.015008249145133767e-01 -1.210848471991025355e-01
-9.211991779579139505e-01 -1.313649445235149649e-01
1.710624009320116379e+00 -1.438466727676716461e+00
2.502399257528575838e-01 1.006213670554732209e+00
-2.042370493068458526e+00 9.496650986000415573e-01
-5.672686495407296414e-01 1.248049238753885237e-01
-6.548071909869181972e-01 6.533904014339103616e-01
1.966573485736024807e-01 5.372978503591839816e-01
-4.043805525094170128e-01 -1.699973646093004276e-01
1.178416382766930726e+00 -7.143565435193170998e-01
7.820754261605546154e-02 6.405583158082555073e-01
1.298442360081095703e+00 1.409000648270331890e+00
5.436414680026167012e-01 6.358693707991056598e-01
-1.026024419220338935e+00 -3.601717464836273197e-01
9.729852665408564860e-01 -1.346949360886031455e+00
