-1.118757606049503028e+00 -1.277550983663871431e+00
-2.762005714674770629e-01 -6.588637902454044237e-01
6.041535552607192328e-01 -1.552341361216070803e+00
1.586282115251970715e-01 2.092292795556183749e-01
9.401808891495697651e-01 -4.500885576922333819e-01
8.647131008631538940e-01 2.270888230689361187e+00
1.496623317776171858e+00 -6.082499365003208869e-01
-6.088219228010538497e-01 -2.912629542448454470e-02
-1.152472515772682699e-01 -9.011122143813427021e-01
-4.105519440671143161e-01 1.041631236749764877e+00
8.186623734370345185e-01 8.476181772043473589e-03
-8.493845143379663565e-01 -8.121072505127981955e-01
-7.784902320686439836e-01 -2.236351876020213347e-01
-5.867610914692571455e-01 -4.598531696693559101e-01
1.055592759472407272e+00 1.126844543658906073e+00
-2.257181926684382667e+00 -2.630126418782007258e-01
-1.924197908086382469e+00 6.021776293740983554e-01
3.107123325703665118e-01 1.777055187949637960e-01
1.777885101146450708e+00 2.001060349425960005e+00
5.083032887307090686e-01 -8.833860545460939240e-02
7.807554238854436113e-01 5.906755299251065933e-02
1.617336339910666887e-01 7.916669481036671119e-01
-1.707483349110573700e-01 -1.623020599781430429e+00
1.634985547761871050e-01 9.835210232231332839e-01
2.308634877163716626e-01 -2.424899942595306335e-01
9.894939122836806655e-01 9.059010572504969661e-01
-1.415172596028051899e+00 -1.410721609541943922e+00
7.063095059414885579e-01 -7.460854201391259322e-01
1.500572946549554976e+00 -1.368938192923262021e+00
-2.401158135925226311e+00 -7.344467965353245198e-01
-1.335392358066585627e+00 -5.381013152506703562e-02
-5.283345060765325396e-01 -3.009208220461178154e-02
4.824777526711053754e-01 -4.409805696495504024e-01
6.830216467605585429e-01 4.170610849199884451e-01
2.361742896764601696e+00 2.120246013706820198e-01
7.019808265728590957e-01 -2.064260956939094893e-01
1.087589453309462773e+00 1.582978190260712958e+00
1.335728076167714384e+00 -1.083070969612345946e+00
6.407571326533946232e-01 6.576084969221718257e-01
2.023859112028290497e+00 -1.041109558894232068e+00
-3.578751519068921749e-01 -8.135062870080058683e-01
7.060045410989659320e-01 7.497564162339860339e-01
-1.697764817964618533e+00 6.643289845133579785e-01
-1.274112194112414720e+00 1.080457729478939255e+00
-2.829868177753107616e-01 1.081522191044980430e-01
-2.114486365546560442e+00 -1.688729762873930174e+00
9.070934169888692500e-01 2.256365846559299226e-01
1.572377458375771253e+00 5.873394500404164331e-01
1.011581588523279840e-01 2.781620109860452605e-01
1.206735362941700807e+00 -2.046084541551434377e+00
-4.249749998864051914e-01 -1.171499828138114596e+00
2.533423007907758540e-01 -1.455519653823817094e+00
-1.101553009391294191e+00 5.613158012077195114e-01
-1.634121751631161468e+00 -1.546272819781232100e+00
-2.512591497591807888e-01 3.252371597897777966e-01
2.443405494873176487e-01 -5.933963130099030314e-01
