-5.628494800884952243e-01 1.918722319642237384e+00
1.494566297897285123e+00 -4.758676582770099972e-01
9.973884921603557441e-01 8.173955387005591433e-01
1.454629043462860871e-01 1.011790866330906757e+00
-1.332705065535140898e+00 -7.024801372421606294e-01
1.927041891212328828e+00 -9.732516214485172901e-01
1.923009207567276446e+00 -1.280607020911322946e+00
-1.736518151010952860e+00 1.595858134807980999e+00
7.872518505431470581e-01 3.235597073129903856e-01
-1.335581753969828700e+00 5.114605407227308664e-02
-5.690776517547188051e-01 -1.165253266686455902e+00
-6.671688139819607066e-01 4.242538515426703127e-01
-1.513811969851734718e+00 1.742299644258821001e+00
1.155484753913077756e-01 1.350010317391711512e+00
9.745370878549388660e-01 5.819374540699718823e-01
8.112849356726387073e-01 -7.208410119254009540e-01
-2.255518835121910648e+00 5.194193197550753816e-01
-2.419381746475965045e+00 5.283420308675491617e-01
-1.242655627995980783e-01 -3.801983893390525893e-01
1.560268130820897881e+00 6.615988774757374236e-01
2.273642104739833414e+00 -2.242707688979049596e+00
1.996497967539365426e-01 -1.833288052286937142e-01
1.036671251984621067e+00 -8.474349220666387017e-02
-1.110317740260266195e+00 2.569318746469237968e+00
1.618789194343481785e-01 1.207138912104098294e+00
1.376460008790668432e+00 8.613199194869529396e-02
-8.589893315211647451e-01 -1.017486984545237449e+00
1.720587458801499992e+00 -3.385875909472009782e-01
-3.792790120675691989e-01 1.206434538669977630e-01
-1.933125451105547565e+00 -1.080278853954927065e+00
5.086457690436988477e-01 5.826243684789016442e-01
4.584346298356626326e-01 -1.542487359604622910e+00
-1.095654044164471874e-01 -6.224437837752406777e-01
-2.944182290703172833e-01 9.323614723653904646e-01
-1.575252353869075195e-01 -1.673160044325066487e+00
1.923707132941040454e+00 -7.811718403205323291e-01
-4.834035144095321090e-01 -2.127277279300547441e+00
9.875788343793855395e-01 1.124675776734098021e+00
1.360148042099828425e+00 2.322039921075759739e-01
-1.574631234005817726e-01 8.019318341773589154e-01
4.321944862335516113e-01 1.994526788272064921e-01
4.548342959409007458e-01 -8.803571703055301789e-01
-5.332320859709952510e-01 -7.707531428280379737e-01
6.612187502962881824e-01 5.231913378477496268e-01
6.698623550550046879e-01 9.289528140852204574e-01
-7.374343540348922144e-01 3.252699716668421837e-01
6.725718981492592174e-01 1.721683716794644714e-01
-8.719975425967373406e-01 -1.441902579294624731e+00
7.636318781161108848e-01 1.686830804604623646e+00
2.232637316530391658e+00 -9.113096976688579709e-02
-9.170803527514144182e-01 -1.597556565498375880e-01
-4.601737906536625400e-01 1.584525847289668110e-02
-1.583213537307540109e-01 -2.396822958690766558e+00
9.506081764364869569e-02 -8.950334952065587268e-01
-1.820694222020769137e+00 -2.304659821108890217e-03
-2.324281580749472387e-01 -9.928334575666680761e-01
