4.520104132186796297e-01 5.861792780660594060e-01
1.600783946055258200e+00 -1.491652953349737742e-01
6.823312800150433954e-01 6.674622934404023100e-02
-5.434128198936564180e-01 -1.195759660634401200e+00
-1.178255639387355419e-01 -6.533115298123181036e-01
1.423026790247154116e-01 1.592998805583658584e+00
1.651186233418926230e+00 8.093366786296890547e-02
-6.665804288797726462e-01 9.134158768154191366e-01
-2.912860675614455386e-01 4.110893757769289447e-01
6.874383466507572038e-02 6.505522408553741087e-01
1.809385520707601155e-02 -5.688417812380893723e-01
-7.949490021170049214e-01 6.463380953525812433e-01
9.765627731761586938e-01 -9.757497158121567482e-01
-2.174421094870847337e+00 -3.420463529605045072e-01
-7.409268537533973686e-02 -1.766424426606853615e+00
-3.803165602604535733e-02 -2.673866225433816357e-01
-5.858913601189826847e-01 4.398444282958845486e-01
5.375634722228233020e-01 -1.669502788090582390e+00
8.138853186026499820e-02 4.539323210419571875e-01
-1.948875942145906315e+00 8.363632201150162926e-01
-7.976265589305173709e-01 2.456942775185586014e-01
-1.277945370563265126e-01 1.431571161107907386e+00
-6.989053704335648209e-01 2.998177197925202542e-01
-3.276171184339536913e-01 -6.543548336193047987e-01
-5.873549795261253648e-01 1.266739407964152297e+00
1.121270544868747887e+00 8.327470061620615427e-01
1.425875309319866169e+00 3.487706479709942742e-01
-9.243875097918611283e-01 3.450862508621042601e-01
1.262437742527835249e+00 -2.082831520296553052e-01
3.608644036352993689e-01 -9.653532801822473086e-01
2.221136294119569754e-01 3.513451709598970629e-02
3.474208761840715670e-02 -7.320606561110178934e-01
-1.042461508419527449e+00 -2.188873152829601931e+00
3.345601819442246549e-01 -1.415458310251752616e+00
-6.049505805526773639e-01 5.223359435296239806e-01
-5.603758248650890783e-01 1.323067241124127102e+00
4.651457439645342307e-01 2.963682562240094742e-01
5.949917117648561432e-02 6.749333480543019403e-01
-1.658515241503546733e-01 -1.341209944611167382e+00
1.883993309919618664e+00 1.460311291428383118e+00
5.019255623422776980e-01 1.423794882770694770e+00
-2.517517392424541978e-01 -1.973409848472976180e-01
1.396274147501787688e+00 -1.272983282589596588e+00
-6.509751144779633847e-02 -8.028481750748808210e-01
-1.823167652296961982e+00 1.364563214142531233e-01
1.253231309803453097e+00 1.172870668360904256e+00
9.706949387579044686e-01 1.958260981792707689e-01
-8.282239185856838937e-01 1.348779835825337559e+00
-2.416525371616281559e-01 -1.602677757130260838e-01
-1.473169232680262120e+00 5.118425965295013702e-01
1.878316349326251411e-01 1.013717113600672848e+00
1.786142680994385334e-01 1.787963947113641705e+00
-4.494293214074089882e-01 -1.532557904133858839e+00
1.127594018353738958e+00 -6.645766282147516080e-01
2.376419650375619919e-01 2.149499641064331890e+00
2.253344281787296399e+00 -4.865315418156049981e-02
