8.046409985774668483e-01 8.998304622372148565e-01
-4.795079083140477150e-01 -3.414234872881752314e-02
-5.445735226799713891e-01 7.940544137787919343e-01
1.026657574568350162e+00 2.075228511416829846e+00
1.013329366431739570e-01 4.602010369063228579e-01
1.730927814847100510e-01 2.037256259957674676e+00
9.631466376890862602e-01 -8.429770966371652463e-01
-4.010316654166004025e-01 6.823372626914832040e-01
1.866690693940289858e+00 1.081695767527191210e+00
5.007024484819943000e-01 7.935890837942375375e-01
4.221090882494768493e-01 6.691353472821893744e-01
-2.772686239453985291e-01 -3.220239435676964801e-01
5.720293827465666031e-02 -1.440346219070361422e-01
-1.087668514002619435e+00 -3.753457832352036783e-01
-1.792347087608744616e+00 -4.301784856284944780e-01
7.501263614633649213e-02 -1.384364192244221803e+00
2.664123271932050674e-01 -2.078468192545751825e-01
-1.853090697559150735e-01 3.872109212279379719e-03
-8.851542147040857289e-01 1.147715047832209123e+00
7.745664739877877736e-01 2.405016438759420838e-01
-1.193592571145758591e-01 2.123116109351552705e-01
-9.869056354590611813e-01 -1.382687627030009470e+00
9.614416873638094163e-01 2.050974100033565450e-01
8.500567666194663863e-01 -8.605313431288039716e-01
6.021770148293459357e-01 -7.379346772203888571e-01
1.133617400354854921e+00 3.339382525914967870e-01
-1.895182577122448642e+00 6.505195308544733934e-02
4.262749475288878792e-02 6.974786974971078912e-01
3.191730403478014733e-01 -1.198230615571249436e+00
-1.332550435761172380e+00 -4.145140330125641516e-03
1.930103121709642933e+00 -1.583134368216695842e+00
-5.936471655344516263e-01 -6.395948602199893473e-01
9.040182464572904530e-01 9.273699612585322161e-01
-2.892303771416689373e-01 6.777130773228442484e-01
3.359477559943651603e-01 6.648064638947405181e-01
1.955993317158614353e+00 1.001939567525966135e+00
-9.546052676616301191e-01 8.858404260426786525e-01
-7.852249347237807431e-01 7.544109305203815508e-01
-2.475026295630669559e-02 1.377817922018432784e+00
1.560998656003799834e+00 7.280328312457936546e-01
6.844487043505744772e-01 5.503465265416909169e-01
-2.023052393480422734e-02 1.550507772999713652e+00
4.265343235865208249e-01 -1.615780865792364462e-01
3.947223108523402746e-01 -4.560784123116634059e-01
1.147032214026168395e+00 1.043580119391606803e-01
2.842945167084208746e-01 7.513303239019586410e-01
-1.573157364822556525e+00 2.658084997245270475e+00
-9.597101302954394453e-03 1.747545595353586112e+00
-4.031986693400925192e-01 -6.641460330904882525e-01
-3.369575393770647964e-01 1.337098300153273467e+00
1.138774521807071727e+00 8.014184405691415769e-01
4.571810474073504382e-01 -6.341655744975569498e-01
9.364744896580166067e-01 4.764106393295705066e-01
4.996991823056828874e-01 1.135600106787187924e+00
-4.902871470792841690e-01 4.096571780504443261e-01
1.027749246598133936e+00 9.530857478849554809e-01
