6.430578751266330384e-01 -3.201571404606089466e-01
-3.710410011768423000e-01 1.840360481892406586e-01
1.355709279319741896e-03 8.132893298977877938e-01
-2.564406885219804311e-01 2.025567135088235105e-01
-7.623450842567186525e-01 9.178135522224659670e-01
1.810688239639723029e+00 4.570783935887747229e-01
-7.192586361663976247e-01 -8.423985059901052397e-01
-5.575482844641688196e-02 -1.828808338902853770e+00
4.803838860001091171e-01 -6.292435229640913619e-01
-1.555116706495857093e+00 1.388356696305883820e-01
-4.073564829165433054e-01 -2.807774450928876564e-01
5.368086709341448604e-01 -9.408573566020888013e-01
-9.811613777735442854e-01 -4.787041804865888039e-01
-3.606140661702501582e-01 3.086720613673636926e-01
-1.966989854470094556e+00 -4.461318586551329957e-01
-2.378145603288520427e+00 6.284030416719608991e-02
1.695011354328689879e-01 7.145367302640466545e-02
-1.516635834476732558e+00 1.534831284820392661e-01
-7.228240339906897294e-01 -8.206310858573854228e-01
2.821578025431241143e-01 -6.959782379825359966e-01
-6.693873578430993287e-01 -4.569893512845817768e-02
1.405255754911431121e-01 -1.211801432619497909e+00
2.330215183701059567e-01 -1.058033285022997039e-01
1.591873927955455237e+00 -9.032150150330537919e-01
-7.240942227596709468e-01 -1.204068409678345830e+00
-6.213188504834608050e-01 -9.131347857130442947e-01
8.267506263721992044e-01 -7.788587763502937689e-01
1.604638489857597161e+00 8.192773457927460257e-02
1.203672066553612141e-01 -7.888571987185749590e-01
-3.488074596807217986e-01 -2.130946438630465511e+00
6.010890075262140808e-01 -1.827235772531234703e+00
1.440537516538812124e+00 -6.302975954332129538e-01
1.196709586441437878e+00 -2.131694055791876874e+00
-1.655412398849496647e+00 -3.086374412995926755e-02
4.349016314808566430e-01 2.234714175450202289e-01
-6.472964415234255808e-01 6.144805092570578831e-01
-6.259874004430359129e-01 5.524238155448216725e-01
-5.871521933856359565e-01 2.192010815731159301e+00
1.641826305545306619e+00 9.279768936168440729e-02
-3.844246561587087441e-01 -4.983750717568234956e-01
1.435767404895255783e+00 8.263189521433017548e-01
-5.248374494171339499e-01 -7.699716280881998554e-01
9.187351814276506490e-02 -8.824339831693652769e-01
1.341921236469746370e+00 1.001235034728907403e+00
-3.989154011987103288e-02 9.741433560115285717e-01
-6.963738890815034388e-01 -1.097446558781769443e+00
-1.540705497810989366e-01 1.186273212301526492e+00
-2.182882607713668849e-02 -5.254149962561774911e-01
-2.099827515142229095e-01 3.366951724836629856e-01
-2.658506335831292144e-01 -2.920863729463396563e-01
-9.617382001793383095e-01 2.770126223806487209e-01
-6.203060407757433614e-01 -2.923960655464186154e-01
1.566268803057550563e-01 5.993026996486487956e-01
-7.226030934692651009e-01 -1.129511590889959116e+00
-2.164584607451443266e-01 -4.859487053295233339e-01
9.479137486784436906e-01 -1.068661312629502758e-01
