-1.263172318576790687e+00 4.651155728398325695e-01
2.158545722034635794e+00 9.503799072019886163e-02
5.737025369593490298e-01 -1.069685655376224204e-01
8.001533647052187781e-02 -2.802507587846728154e-01
-1.217393700439603071e-01 3.814683061864326818e-01
4.308282701316252378e-02 1.559925402001347550e-01
-1.890121723218106009e+00 -1.705325176414588695e+00
-6.186074026213048693e-01 2.058331759958360319e-01
1.550769172484788572e-01 3.215701367521072163e-01
4.540669783975395113e-01 7.750274078387580090e-01
-1.214394274584751798e+00 1.131616563490734251e+00
-9.316744334113727932e-01 1.438960301871536673e+00
1.592953735050240294e+00 -9.639174672929384791e-01
-3.601326706397448008e-01 1.447036316370582387e+00
1.587608767095126883e+00 -8.734645010791100006e-01
3.969299621027809755e-01 1.722579611960207702e+00
-1.055949368348363171e+00 -7.218349718088090672e-01
2.646116470539359722e-01 1.271168443574108853e+00
2.235917817594236245e-01 4.656812084669000873e-01
8.006744417021453009e-01 2.163032628306229110e+00
-7.739742439784113026e-01 -3.575290425203931921e-01
2.928667532420022868e-01 -3.425904842699283859e-01
-1.836327365632032693e+00 -4.921133874145658949e-01
9.307380209461599829e-01 4.261743936842149472e-01
-1.186244139215971050e+00 4.025774610760720074e-01
4.543419668525421895e-01 -1.699122983539211040e-01
4.940501642760889434e-01 4.413945625329862565e-01
-2.500198413249509755e-01 -5.574694817812683167e-01
-9.970703227239853250e-01 1.094725661261605865e+00
-7.911452782244511317e-01 2.691450910727994916e-01
8.674241318212982943e-01 -1.389049806593417813e+00
-7.377668986677572427e-01 -7.935167316836755358e-01
-1.568693790897991880e+00 3.668849166405954015e-02
1.203676598763414596e+00 -2.322110388325777097e-01
-1.789572535403684550e-01 5.622860944312532139e-01
-3.903190847135417640e-01 9.350266969272467144e-01
1.504687096701486482e+00 1.823286446493273205e+00
-7.189286416689345538e-01 -6.902931152641892387e-01
8.738372541836446628e-01 1.936994207555797542e+00
-1.383031538962710583e+00 -1.503149216619929618e+00
-1.222841601172268478e+00 1.013383987405621411e+00
1.092496555381316847e+00 -1.241782426469927536e+00
4.177017645361439380e-01 -3.146077994137877476e-01
9.283082582643485958e-01 -7.573121387258113790e-01
2.325034728557797692e+00 6.828358555321173418e-01
-1.155970991754494692e+00 7.773562091155332698e-01
1.204344501615181584e-01 1.022115457410049721e+00
-7.463419717924292263e-01 4.044293527198002391e-01
2.617909727695327815e-01 2.525731033327707764e-01
2.633430585325040665e-02 -1.055713786843375246e+00
2.503564153993895314e+00 -2.064082223190291998e+00
-1.440884888656267737e+00 1.266368885689715729e+00
-1.194744929139007095e+00 -7.575261615792096004e-01
-9.954027677792710582e-01 2.074774127128229395e+00
7.602408431198187655e-01 -1.333291118870930214e+00
-7.297442933920945674e-01 -3.791804117259771623e-01
