5.538187659925436490e-02 -4.050813501347058088e-01
-8.218401451573796868e-01 -1.184236675597293953e+00
8.328819324777964050e-01 9.896556112391547977e-01
5.465095737768317363e-01 -1.534164320949771954e+00
-7.898054586424622103e-01 1.456753131100584797e+00
-4.225390848165478941e-01 -1.733793643532961504e-01
-1.094573981984182931e-01 1.782194185111662596e-02
5.464952223884862459e-01 -9.394630311786934529e-01
5.604532508785974310e-01 -9.959028313390752007e-01
9.740236889581569413e-01 1.743360478995075402e+00
6.939446990212696509e-01 4.185745962137416565e-01
5.664525405234688282e-01 -6.005803253513920525e-01
-8.285353463641782490e-01 -1.141957858816804894e+00
-1.298407211588622712e+00 3.572441362512934759e-01
-8.112698958512565284e-01 -7.520344349764320757e-01
1.119673562911265519e+00 -4.740473957715039544e-01
7.644157627839702762e-01 7.692772367716900483e-02
1.398386126159211207e+00 8.964952027431181136e-01
-1.756689604442611241e+00 3.526693806833943734e-01
-6.330253755389637638e-01 5.014440249696534568e-01
1.222682784036811521e+00 5.063259326846254460e-01
-3.541547988970911720e-01 -8.088104977254645389e-01
-1.435018806967151672e+00 2.275005799229090353e-01
5.272557380218280132e-01 -9.610138406196144789e-01
3.829914046498792968e-01 4.314745441805757364e-01
3.907319065621581711e-01 2.170534449485029826e-01
1.329783854708038282e+00 6.497482511838253982e-01
-2.394301695049186052e-01 -7.397144451743545290e-02
-4.545376535219909919e-01 8.756363444262538209e-01
-1.227744441393679553e+00 1.135338532564496905e+00
-1.698091237816304444e+00 -8.573832104823069233e-01
-1.570985787402997325e+00 2.042946311669359805e+00
-9.952773340475205011e-01 5.235217295243406177e-01
6.285442648535409516e-02 2.567287426090295033e-01
3.077267055476123891e-02 -1.976917849170745978e+00
-1.103468877647299617e+00 5.764835266055007290e-01
-4.699192587546890953e-02 -1.476332219805455814e+00
1.412807431940500624e+00 -2.096255730113746607e-01
1.237982189909056618e+00 1.621196039988732851e+00
5.861962611211030127e-01 1.298384589162181468e+00
3.003037214221553342e-01 1.061602272133932851e-01
6.972247032826804913e-01 1.340258736642616855e+00
1.979091246629760992e+00 -4.112664863007122751e-01
1.449947770521553769e+00 7.074506937883344726e-01
5.768998737110789810e-01 -2.737953314923197823e+00
7.286257244670812927e-01 -4.873301376056068390e-01
-1.064411783549520596e+00 1.200673041766840532e+00
-1.436222543852063716e+00 5.926803004203025083e-01
6.746335434867877234e-01 -1.051719160018865340e+00
-1.356958845402987057e+00 -9.175684144633385886e-01
3.106694186150410139e-02 8.584443539617538088e-02
4.697562415175330908e-01 1.231942517213105770e+00
-5.557453588783547449e-01 4.757762360969498561e-01
2.475632343961836276e-02 2.165875451840939547e+00
-1.441389682590524579e+00 5.784442739003399225e-01
4.718835895913935374e-01 6.694983661394089403e-01
