3.442764706513224415e-01 -3.931551481804441694e-01
-1.088017362546274347e+00 -3.831819638155065655e-01
-4.971573080930860034e-01 2.869288111563991217e-01
-7.831183915477032409e-01 -1.685391870059507413e+00
-1.917740486528917987e-01 -2.012425656917643302e+00
-6.578700185490493624e-02 -2.354816915258030885e-01
-1.535773240040341436e+00 7.179566136358302153e-02
3.579047595151951255e-01 3.019839619585600321e-01
1.098170689880514805e+00 -6.791580416771116901e-01
-6.865126553539941945e-01 6.943201717343318036e-01
-3.593990767626353278e-01 1.254935859406642873e-01
-6.149877544008720831e-02 -1.438469061727981613e-01
-7.695506976473747152e-01 1.687428883944404712e+00
-4.450453960534127562e-01 -1.055025766370609297e+00
-6.388390102131000781e-01 -3.857422718299883813e-01
8.674078872725071720e-01 -1.338210192772204543e-01
-3.587059602421118210e-01 -1.350126660269887591e+00
-1.372639271790904447e-01 -3.222114021780341231e-01
2.425928293025205740e+00 -5.088855329656379878e-01
-1.324996525537159409e+00 -8.020612583740069357e-02
-9.252744181366620024e-01 7.879644527276579158e-01
-4.385372756166693864e-01 -4.373683266589925567e-01
-1.161249322467182932e+00 2.215938229892429612e-01
5.572454859095583579e-01 7.418800912348926246e-01
-1.481735049558764006e+00 -4.271643188505417910e-01
-3.967235589815879537e-01 -1.074625938052121477e+00
5.396804352852198061e-01 -1.877993086566193792e+00
1.365217311573492021e+00 4.882703865168340207e-01
-6.571989577096133406e-01 1.519525651448378811e+00
-2.916109094100455962e-02 1.055721593931543190e+00
-1.629846376425107879e+00 3.206504713012650609e-01
3.087243039177045567e-01 8.431602292786235520e-01
-3.564445914163156259e-01 -4.764317455273712199e-01
-2.682804829798263180e-01 3.980306625327036107e-02
-4.423749062557588707e-01 -3.273868616677414467e-01
5.386959309248670058e-01 -7.145034563834015140e-01
1.698889164231523474e-01 1.546398912653492441e-01
-1.529057711065509917e+00 -5.278307599885533330e-01
1.095918113201141741e+00 6.019859229320864147e-01
-5.089263941755526321e-01 6.543691960474512515e-01
-1.205572033669668475e+00 2.145254291262829183e-01
-3.419537595177313261e-02 -4.735428888967403993e-01
-9.170189406793810560e-01 -4.138298898012518490e-01
5.622726357426600652e-01 -1.538275458995820300e+00
9.867111196294713338e-01 1.544102843801026248e+00
-1.376512354316605347e+00 -2.175085114972142297e-01
2.555830610515602008e-01 -3.668942394329788997e-02
-7.182430961414507653e-01 -9.141765851902544648e-01
6.592283286467827130e-01 1.796742726405090307e-01
-3.073746764888337424e+00 1.989786692314894634e-01
6.844964609162610403e-01 -5.074285147629689074e-01
3.439044680095522666e-01 -7.549482599391214854e-02
-1.236206212231262480e+00 9.739623750339315711e-02
1.229017290894078435e-01 1.818314123470087251e-01
1.065135170989618685e-01 -9.480982844498571094e-01
-1.151852123598002375e+00 7.756410967381158761e-01
