4.904424325084414948e-01 -8.243463457920957582e-01
-1.612508976752186629e-01 8.138228350000972222e-01
3.795871832481262365e-01 -1.079712961627220108e-01
2.619567060436424066e-01 -1.424328490962639249e+00
1.365356025811958474e-01 1.852601888298280874e+00
6.110579017380929345e-02 2.306574755825216427e-01
-4.348459619787557462e-01 6.215745736813015343e-01
3.376277569267640555e-01 6.185386487761180829e-01
8.453165583112860482e-01 -1.320899795869541204e-01
-8.134127372523461963e-01 -4.042766490626888420e-01
3.038770011468027721e-01 1.281707675081044384e-01
-8.117750771535823251e-01 -1.319563833355231086e+00
7.907964821964195146e-01 2.093744504046963772e+00
8.470355544620751242e-01 1.566842447931397597e+00
-3.874797087410501994e-01 -1.057631733862884893e+00
6.994784931909452386e-01 8.571095311410527051e-01
4.825368031319952622e-01 -6.803865840722396197e-01
-4.496691155766960879e-01 7.116962442083898388e-01
-1.032108434510884132e-01 -8.332797217656238153e-01
9.416125177856229378e-01 7.076046876284622887e-03
1.091730696439360548e-01 -3.657963730497120758e-01
-1.119784795337989622e-02 -1.119797831773435393e+00
7.924446471340609310e-01 1.142165851149848921e+00
1.179640236056396008e+00 -1.890759361451155585e-01
5.412359704446720841e-03 -1.086675273090559113e+00
-1.546407597648045695e-01 -5.912411648742887244e-02
-5.541598215812274519e-01 1.724105485559793483e+00
8.157287418349898900e-01 -1.037992547718744163e+00
1.085238161552252834e+00 6.843169458801467986e-01
-7.361571464793541519e-01 1.140592268953747546e+00
-1.979542561399726119e-01 -1.092106136309985098e+00
8.826184829653468400e-01 1.511740306096252817e-01
1.090232896365709525e+00 -6.902033685525185147e-01
-3.146464868280463567e-01 6.392561529380275109e-01
-9.551561453648279576e-01 -8.347640697638725182e-02
-4.179135256664445741e-01 1.556530370875420122e+00
-3.650689707641259218e-01 -6.641084705632436247e-01
5.181828660963244682e-01 -7.152091901890209394e-03
4.762960588532360595e-01 5.083885562871116870e-02
8.518370391817584042e-02 -8.038644472270122243e-01
8.811599480608811596e-01 4.641063022224676260e-01
3.626474069770482811e-01 1.574959715843104568e+00
-6.879002466142767336e-01 1.097709189598529589e+00
-1.535889453113659320e+00 -4.154468199893885938e-01
-3.042776048613713979e-01 -2.107134656479343893e-01
-1.530686532599031813e-01 1.551895273083527149e+00
1.159352863421634572e+00 9.473083429951083545e-01
1.420897324565199682e+00 -1.552712158039790680e+00
-7.509548187069882141e-01 6.037527941239920759e-01
4.376526773935869863e-01 1.395018750596155321e-01
4.485625821014506687e-01 3.002725261095294806e-01
2.664864460126563195e+00 -5.450128613047934278e-01
-9.835780247698732159e-01 -2.550873690195676335e-01
9.592110338857785801e-02 7.549443213366626715e-01
6.653999818619888984e-01 -1.505743276398929520e-01
5.879483831144330930e-01 1.066557380352146644e+00
