6.319877822238179066e-01 -5.869968096923828815e-01
6.580029858640731311e-01 -6.039743875175449528e-01
-1.579907263209161750e+00 -1.587053124646645053e+00
8.658858356772802800e-01 9.107908422648812452e-02
-7.169906888375845999e-02 9.952338814301717879e-04
-1.838068346192999858e+00 1.153230390540069372e+00
1.353638992448978340e-01 -1.297812831663359479e+00
1.104857169463705047e+00 -8.672476349206110768e-01
-1.462023415620058346e-03 -3.901506180810236923e-01
-1.822601937637873704e+00 1.106579099441096892e+00
1.365503796713570139e+00 -5.830353611747050024e-01
-1.196918895938989369e+00 -3.831899058537709957e-01
7.142151158795982946e-01 -6.640288817367284713e-01
-3.099551368558121633e-01 6.250857673887729726e-01
1.020015913060293572e-01 -6.612073259138703807e-02
-7.446250504894368349e-01 2.963151459159501511e-01
-4.892290896180866988e-01 1.924231259945095918e+00
-1.805004973361756582e+00 -3.100021387247118079e-02
4.770724065198835295e-01 -1.113408522372762333e+00
-4.203842698272365341e-01 8.164388048325410541e-01
-1.041977169814361170e+00 -6.501213664174358975e-01
-7.224084210553146645e-01 -2.072078543101570691e+00
-1.966965913363652174e-01 7.241553432363853071e-01
-4.249602364766008611e-01 -4.481482027968171633e-01
1.967899558340303612e-01 -8.744438491385534418e-01
1.844829628212167616e-01 -8.570596480556641472e-01
-1.605049139376333311e+00 -8.625380550669592417e-01
3.998104108118791244e-01 -5.045643187682954389e-01
1.549349388639049474e+00 4.710214705715132233e-01
2.151399304440252680e-01 -1.014431114252458022e+00
-1.280287427909466702e-01 -1.010849751554564246e+00
6.475882848305611894e-01 7.647933248638858483e-01
3.569426665020115075e-01 -4.037673855743277307e-01
1.008739196108550257e-01 -9.384299085942990892e-01
-8.170295441257267033e-01 -7.590202014710795142e-01
8.193034949550082047e-01 -6.407521624993497422e-01
-8.430660681877323315e-01 -3.635906178102238928e-01
-1.593883299828605798e-02 -1.264955207612601384e+00
-4.164087474080317430e-01 -8.944313032509896289e-01
1.638930278160456444e-01 -1.904915017032098035e-01
9.708412258040262088e-01 4.577709643779920845e-01
-4.047717344245001514e-01 3.956363877808590779e-01
-1.439770880709633882e+00 -2.641194530786953459e-02
-5.464972839983279762e-01 8.029301213698818163e-02
-1.343233828508594963e+00 1.462596903749050492e-01
1.915143533145576560e-01 1.507785039642016156e-01
-1.811713099022739470e+00 -2.883652206851715638e-01
-1.248073062260786514e+00 -1.095922524106280438e+00
-8.872687924202640186e-01 1.986959213876387381e-02
-9.085454850521085257e-01 -3.626814257003394548e-01
1.488231559650646352e+00 4.662060532120521628e-01
-7.896372882574810292e-01 -4.879995798233665583e-01
-5.588465589805831080e-01 -4.359105167857591501e-01
-9.239013110099088266e-02 1.423222636944527553e+00
-2.668160714400389377e-01 -1.082964782707634299e+00
-1.181910070508257332e-01 -5.712480491045288655e-01
