-1.237991878400918067e-01 -1.103859312151353800e+00
-6.767053156188809204e-01 1.071845210601994225e+00
1.533912595414713476e+00 1.489105884971583249e+00
-1.165022148374905031e+00 8.428932324131206411e-01
2.044556413369839287e+00 -1.819361184195144698e+00
4.264372708408173951e-01 -6.166953279085393147e-01
-2.354929706288523827e-01 -9.806035315718240886e-02
9.757870524943194068e-01 -6.100323409660783902e-01
-1.771121856940247374e+00 5.281752553113419069e-01
-1.220805680345137256e+00 1.478108892082901304e+00
-1.012407985040088221e+00 -1.559243689929155519e+00
7.765780953475253101e-01 1.391133193806413759e+00
7.614871933222361333e-01 3.885837188481782167e-01
-2.223270678051086913e-01 6.228738946215441885e-01
1.994024179945800002e-01 -9.098867501704749339e-01
1.564758786270787461e+00 -1.633498106228832736e+00
-3.054522729881555265e-01 -3.154547454358818670e-01
-2.673722328392813281e-03 1.300079901983427266e+00
-3.034236453563128322e-01 -1.098401584801952158e+00
-1.793460802694145206e+00 -2.361802249833215572e-01
3.267066290349883717e-01 6.680029469666495245e-01
-1.069096113062640629e+00 5.474400507370980051e-01
1.816657319391499437e+00 -6.203831424278868356e-01
2.497389029381178738e-01 -6.976376361182996810e-02
4.333497060654296074e-01 2.467168757616853725e+00
-3.477041676065043552e-01 1.294722940001943323e-01
-6.422068376347143115e-01 3.848550213591671043e-01
1.290131735038297367e-01 9.865955201447941247e-01
8.532446830907702839e-02 9.689586287902186568e-01
1.991851010241146414e+00 1.441435717781536674e+00
-7.855463429463915848e-01 -1.292044722337903018e+00
-1.898439900628493104e+00 1.708928876445253431e-01
-1.888674206332100480e-01 -6.465649611087183057e-01
1.490334705389228631e+00 9.314832507238803849e-01
-8.598201599106799486e-01 -7.737915101039893884e-02
1.428189512473296618e+00 5.988550817279375549e-01
-1.006657243923684497e+00 -4.242230676081961693e-01
1.757672664872426682e-01 -5.903959191002768891e-01
-9.364544526455181872e-01 1.208414732047690343e+00
-6.349108933361340412e-01 6.087449803335568399e-01
-1.991219926608095658e+00 5.307870635866738240e-01
-1.238655697819495582e+00 2.519248022866547587e-01
2.188871897358327379e-01 -4.855718875527273437e-01
-3.602681846711949798e-02 -1.171149965067391552e+00
9.052709778068777080e-01 -1.206173344202865261e+00
1.087994754931375097e+00 2.798764760766739301e-01
2.887915908949696409e+00 1.234063743793313739e+00
4.029310862935758797e-01 1.604893428768796371e+00
-4.004521890436593679e-01 1.311073929280584860e+00
3.294347834881399262e-01 -1.210485311918974016e+00
1.210265080681372840e+00 -3.427801048000226891e-01
-2.881631748771711077e-02 1.118299700638629934e+00
1.686454607647360548e+00 1.163740350447218797e+00
9.663602384914041776e-01 7.325198990470025429e-01
2.728324229063591733e-01 -1.316517675599268855e-01
1.051023646210391016e+00 4.350562305981469646e-01
