-1.486241478818136841e+00 -5.986773707223043139e-01
-5.340579023185392238e-01 1.325969961770191885e+00
3.544616635638243585e-01 1.332100300748873534e-01
2.283582577360843135e-02 -2.402378204154749508e-01
2.967315969601027614e-01 5.253279639015624447e-01
-2.353222635388191875e-01 7.315889170421046028e-01
-1.681048154873733269e-01 -1.719831570090575745e+00
1.186807028665269881e+00 2.104354093709436269e-01
2.371791282232276643e+00 8.231029458641472840e-02
-3.453611567443672370e-01 4.933582034801424765e-01
-1.431499885448323850e+00 -3.391506228296056052e-02
-1.602719312175644173e-01 -8.448783816426161941e-01
5.826720098825876465e-02 -7.295853057478840498e-01
-1.615726342120871739e-01 6.621232762268783878e-01
-2.780003914142893162e+00 -4.298292453874051344e-01
-1.899930920710227455e-01 3.191595000883762009e-03
3.911463941315790338e-01 -3.502917546769723223e-01
-8.380555870398632701e-01 1.188854912427843802e+00
-1.242758124561100130e+00 -4.714438199361263848e-01
3.805360753905549509e-01 -1.046643205756740080e+00
-8.540223349731838054e-01 4.519286555716515719e-01
1.638041730905587690e+00 1.151289886471459800e+00
-2.910400554120546324e-01 -8.639750613646097754e-01
-1.294306224397671068e+00 9.474241353491890116e-01
8.641935108897486062e-02 8.319709302808795393e-01
-5.566709929447368616e-02 1.272893514075833288e+00
-1.090907272441449694e+00 1.738542793431273825e+00
-2.435003613054067984e+00 -1.854468521066259701e+00
-1.649169405635151908e-01 1.020658301519282274e+00
-4.449955941886042932e-01 1.578387397317087437e+00
-9.475704693966130465e-01 3.123720948419888566e-01
1.667032791969893957e+00 -2.119641207024592633e-01
-9.415837078070230515e-01 -1.375752293105791946e+00
3.247897895089193465e-01 1.141816593814160230e+00
-2.452193438927063873e+00 5.760364236425419282e-01
-8.616925399465581448e-01 1.692721482206535066e+00
-4.124515629069585576e-01 -4.698059918217649678e-01
-7.975772021626501562e-01 1.682349872097525789e-01
-1.133983529473492069e-01 7.173700013010630983e-01
-5.103207483941653022e-01 -3.757213887620702852e-01
-1.329335660262184859e+00 -3.479401990866285432e-01
-1.345753289351948379e+00 1.268530588695369943e+00
6.195033722453050506e-01 -8.159737940834747016e-01
1.363279813234568261e+00 1.171785306091333245e+00
-4.796921894887530291e-01 -7.885050305918986369e-02
-6.374106639494540039e-01 -8.010138525736786308e-01
-9.510240674892636026e-01 1.394226809418782076e-01
5.594158276469762825e-01 1.708761098510518384e-01
1.638303050891592783e+00 -1.539490028561866675e+00
5.437384350037216540e-01 -3.935636157653428224e-01
1.938164712792450395e+00 -5.958910749415956554e-01
1.619192734604728345e+00 -7.162610891263119228e-01
2.500713205258277561e-01 2.104504886791694340e-01
1.041506014535435121e+00 5.075694739547746970e-01
-1.811472678875759135e+00 6.327499031254188999e-01
1.808320339276053401e+00 3.031095302215515153e-01
