-1.739717955709180863e+00 -1.031618629608526960e-01
1.167570093801171938e+00 1.752276048393500429e-01
1.150934273705237265e+00 -4.166170570091604075e-01
4.822428076352142101e-01 7.993345388602463020e-01
1.137928178101318633e+00 6.189542767138137558e-01
-6.133337518312134140e-01 5.597657554101953536e-01
4.838493986241368949e-01 1.311742012643614397e-01
9.893388191627437989e-01 3.483492213842833696e-01
-2.629449709714530847e-01 2.041144546474847221e+00
6.857119076276944059e-01 6.628992447921223663e-01
-5.395084525767461781e-01 -4.385401480477034708e-01
9.117921693234166680e-01 5.277772620747066545e-01
-5.057007441421728089e-01 -2.819408947066553983e-01
-1.027208159381767461e+00 -1.851684512144684547e-01
3.363112799442994350e-01 -6.545282056650691960e-01
-4.477529749342729626e-01 -1.829818572519092745e+00
-1.740592164573964373e+00 -1.342420587837163559e+00
8.591284754075229069e-01 -2.774095863468719614e-01
9.620031621161081459e-01 7.204745063140581829e-01
9.778054460210873211e-01 -7.807017921956945772e-01
6.872640725429493003e-01 -1.151436000098776391e-01
-4.501869783634054323e-01 -2.052299002549343443e-01
4.513617052129609286e-01 -3.978895179014289574e-01
8.905119767269718822e-02 4.603203891994864794e-01
5.236882237986558580e-02 4.589968984281667663e-01
-2.800866750079109013e-01 -9.968324438362761164e-01
-1.916313125070407963e+00 -1.753977256024143783e+00
8.095530793920466817e-01 1.018523690217503885e+00
-9.733521800259897772e-01 -1.658928202085117265e+00
-7.713189345821257481e-01 -2.216556661038288079e-01
1.078599841956670469e+00 3.139824909004167441e+00
7.063267057408222360e-01 1.044155108752753636e+00
1.819893388536931500e+00 -4.326491753823149544e-01
9.749441155796259029e-01 -4.553747652171780680e-01
-5.353984369277458022e-01 7.369123829359822686e-01
-4.076849936906916105e-01 2.317487424129503759e-01
-1.455639418055775236e+00 1.217858410635271005e+00
2.934021752411906103e-01 -7.595632042977492615e-01
1.171226733054136604e+00 -6.806920228291907238e-01
-1.157359438914857153e+00 2.563163171346848901e-01
3.028114945512317968e-01 -9.967003349777074916e-01
1.402525633987486087e+00 7.322465664288699827e-01
1.242046848047823060e+00 6.393549105674940780e-02
4.057128413018475932e-01 -3.460572354711810572e+00
4.102560428089173095e-01 -3.175673991060063428e-01
3.762049340645489126e-01 -7.638697901850729499e-01
4.513361180970691389e-01 -1.911621246636049654e-01
1.155635943774238505e+00 -4.803714058702002188e-01
-5.209544896936833119e-02 4.467379220451394017e-01
1.755602536744133912e+00 1.806112188391768847e-01
1.095065197386682065e+00 -7.613356626714976594e-01
1.355424731918147385e+00 -6.103425389126985179e-01
2.363801589943375636e-01 -4.162448850013987234e-01
-6.287806358594918432e-01 -6.369897776050293947e-01
5.298465330608062018e-01 1.919636077572363098e+00
8.388828550233756731e-01 2.059534377742859579e-01
