2.785684842904814079e-02 -6.325482329883123089e-01
-1.030518572973700309e+00 1.492866577412756968e-01
1.711408672328007752e+00 -8.627157492690330498e-01
-1.235630398442603584e+00 -8.000222776471440506e-03
9.676773145839124846e-01 1.037354389851836700e+00
8.843259230304925111e-01 -2.414162011295639676e-01
-2.180148474066330722e-01 -1.376509396892949377e+00
4.338886901414598651e-01 -2.873564456766007358e-01
1.691640321699716010e+00 -1.096894050480458210e-01
-1.380542466809926427e-01 4.152972033880479863e-01
1.299871882258295752e+00 -9.287716062480706469e-01
-1.117063393013153050e+00 -3.543775196874435207e-01
-9.771319591033130747e-01 -5.662873578426402821e-01
8.922816638237085485e-01 -7.596314379860239496e-01
-1.021090823136468595e+00 -9.052451823836878964e-01
-6.403413636303909029e-02 -9.233168123585034914e-01
6.475944224168492802e-01 8.140542361521019288e-01
-8.976482042936250183e-01 8.287077795684181236e-01
7.038434946205980314e-01 -8.018383526249821536e-01
-1.206880080493431207e+00 4.487952012740998309e-01
7.337871488604633674e-01 -8.724625350101639087e-01
3.536195282256361372e-01 -9.110081974546889449e-02
-8.581432454100881291e-01 -8.013868089394847738e-01
-2.044622834851421711e+00 -3.836284434041464797e-01
8.393890606894719442e-01 -3.801809303424877884e-01
-1.609542532051066566e+00 -3.888475638419853220e-01
-4.627781548911125142e-01 -1.448150269503489573e+00
-3.294437578824710444e-01 -7.856194017240408778e-02
1.959987210844293393e-01 1.835083615654551359e+00
-3.387621031859137655e-01 1.002807820012495910e+00
-4.614949634229855158e-01 3.732403050785932930e-01
2.219244183212716048e-01 -3.593110661050496479e-01
5.963149619543396396e-01 7.703397748380889087e-01
3.453986785096107237e+00 9.881697558649739366e-02
6.841212415325897966e-02 -2.706064406612309070e-01
-1.667089244119204783e-01 -2.139292407228479131e+00
-2.066399204382209920e+00 7.980829332401124798e-01
-1.875614986067318801e+00 -6.688319711885225560e-01
-1.313257604299400860e+00 7.635483443015710359e-01
-7.128518538720111097e-01 9.356007715020677740e-01
1.096996682500938070e+00 7.160617006438456666e-01
2.808423755451843640e+00 6.244965838108109679e-01
-5.711342974844727527e-01 -5.623263228743650144e-01
1.419634544203650650e+00 6.460056519500912975e-01
-1.401719802332766163e+00 2.567497102731841063e-01
-1.648149331643887994e+00 -1.092793156837101182e-02
9.473253349927235334e-01 -5.039393182675085958e-01
2.297761574201706014e-01 -6.367128031640258978e-01
-5.674476658599111323e-01 -7.268866542650824769e-01
-1.877028415330021405e+00 -1.688685921905909160e+00
1.543059710410536356e+00 -3.068879336155677096e-01
-5.562497940365036531e-01 -7.067096091242931477e-01
1.839446726334468707e+00 -2.605583899487954103e+00
-4.152618440745608486e-01 -8.938676672972551973e-01
-1.375176148447409652e+00 -4.758925820771761628e-01
-1.000993737520162741e+00 -6.703560125314887985e-01
