7.488091264042019413e-01 1.174776836261680169e+00
-9.512493110474575797e-01 8.437572798119591377e-02
5.062834002250387044e-01 1.352552242918359626e+00
7.277496189591290410e-01 -5.036389551196573944e-01
9.815826321641496488e-01 1.070789784447532034e+00
-1.473213718769080582e+00 1.099732338800361919e+00
-1.188072946465654756e+00 7.585253178933214491e-01
-4.394636557781415043e-01 3.111612459811412101e+00
2.117200754698415621e-01 -1.820157274135800973e+00
5.149994564130955244e-01 1.430790497226136715e+00
5.172131770402145223e-01 -2.926217906781458100e-01
2.070282190537227618e-01 8.719311141490483363e-01
-1.117573835488640643e+00 -6.863243591959875545e-01
-3.328011707888290371e-01 1.072575996263883891e+00
-1.058385308887475729e+00 -1.215522175580280528e+00
-3.392461346235956521e-01 -1.550313288650407850e+00
-4.052915048690854394e-01 -8.360895236355079252e-01
-7.402509992574793363e-02 5.133307513477876061e-01
-6.980806883012330433e-01 8.716148080810603993e-02
9.091349014565686115e-01 -1.473171345749711536e+00
-3.083861196514675052e-01 -5.000052711462948940e-01
3.170957558230975276e-02 1.116540084247955367e+00
4.590403991310665899e-01 1.263254874544655626e-01
1.151811955991498104e+00 9.495100061468599861e-01
-6.621459971114784793e-01 1.182339246072768635e+00
-1.024382394189900375e-01 -6.612466024523063757e-01
2.359493086647897753e-01 2.573379611397883515e+00
1.182710188888845826e-01 1.304139019434564117e+00
-1.243523112612871628e+00 7.129825014284154605e-01
6.773223435644365464e-01 2.508537022334830779e-01
3.646009311923440466e-01 -2.183961465809160507e-01
1.085063062579162629e+00 3.941844868992414042e-01
6.947331932222906570e-01 3.023496219947752195e-01
-2.410684803894154737e-01 3.373306482933721151e-01
-1.193981009977772983e-01 6.903657127684960093e-01
8.257756340229442937e-01 8.239291375467852063e-01
-6.928625340317551284e-01 -4.202648127272318179e-01
1.047609372035642528e+00 1.563801514803238923e+00
4.181559425597205504e-01 -2.192336035518266169e+00
3.188733091461637970e-01 2.385478985453239886e-01
7.937168721718517173e-01 1.022160997090373780e+00
-1.283710963206232458e+00 8.193778933458528702e-02
-4.603577705804002274e-01 -1.543004021623387567e+00
2.446982004842002123e-02 1.015638223002018892e+00
-6.649942896214441346e-01 -5.795657550314957662e-01
-1.044677869008131976e+00 5.207771909160610613e-02
7.892943330900638321e-02 9.092618362509542473e-01
-2.740526322562442663e-01 -3.161350438357451997e-01
8.855008313972240197e-01 1.221532167339616226e+00
1.697347865945944889e+00 -1.185637686901580556e+00
-1.747758569882658097e+00 5.119922296808496753e-01
1.671002886646212104e+00 1.551791692754597607e+00
-1.411275105279450326e-01 -9.844193071359653713e-01
1.008205841944510350e+00 -3.922300813894114557e-01
-7.394062243925532130e-01 -2.402195681874575328e+00
-1.115238302292981265e-01 -6.916244317819412180e-01
