4.533326858395228531e-01 5.857534810568513217e-01
3.434346260667296979e-01 -2.384126174787336294e-01
2.558350067784212478e-01 -1.241395989599758526e-01
8.815273465677818665e-01 -5.782449782204454047e-01
-4.990078109026420128e-01 2.532027511093057903e-01
6.237613549673377555e-01 1.018566680276716374e+00
-2.298936543994972159e-01 8.337019335851599822e-01
4.817057755522354684e-02 6.031147059443126013e-01
-2.609279614246646228e-01 2.513411128793466842e-01
-2.004307698507236113e-01 1.276548039751244312e+00
6.422652874493224306e-01 -1.520809757001896634e-01
-4.109446666066858822e-01 -8.655799680238422944e-01
-3.422763568738566020e-01 1.982038378733791129e-01
-1.580374121245299524e+00 4.497978447049287287e-01
-8.992846297663563415e-02 -1.146547722456997320e+00
1.512330814237353271e+00 1.054592703983800783e+00
-1.346342090521924550e+00 2.761517530247837443e-02
-2.518805420612137969e-01 3.776681560115677239e-01
2.018336137725851298e-01 -8.952355259220554640e-01
-1.356125360600016760e+00 2.267188821727719183e+00
-5.877232011912393583e-02 1.204422560031055411e+00
-7.084567066867414331e-01 -2.129300513421287511e-01
3.413304323716725430e-01 -1.666095618688578361e-01
1.385923564536491126e+00 -1.075743531420145338e+00
-1.026229044937794876e+00 4.607571563590312502e-02
-9.176657426200821588e-01 4.503691213974477803e-01
-5.154479618782594752e-01 5.591109288269910937e-01
4.537885867652522998e-01 1.229165050046026275e+00
1.751525587296925313e+00 -3.445076813688529582e-01
-1.456147552748540575e+00 -1.509818275588560854e-01
1.222322715724753817e+00 -1.064763353489082548e-01
-1.136151327901516961e+00 1.118611228761220211e+00
-5.103130097423173861e-02 -1.583471807509279961e+00
4.328196721095133315e-01 1.644548785869653029e+00
1.573018988218127578e+00 -4.413537097558332123e-01
-2.069151042888595082e+00 -8.498576154700051566e-01
-1.978324993864818970e-01 1.681558847498543008e+00
3.734446358110190545e-01 -1.179896909825539630e+00
-1.324243717706623080e+00 9.190537309624384754e-01
7.122948461836864364e-02 -4.421724819844989884e-01
3.033563661813259427e-01 -1.205877397033381232e-01
-1.294482608880386139e-02 1.289079230016731796e-02
5.572212179657842768e-01 -3.127114040160149933e-01
-2.548587369189853624e-01 2.791090478815328457e-01
-2.001318643338604042e-01 -6.464598296739354488e-02
-5.414096930585623468e-01 -5.422480225461841913e-02
1.080408796801793025e+00 -2.487749709808729559e+00
-1.184261475010510267e+00 1.055498515720947189e-01
2.184449278843943743e-01 -1.352949905325516178e-01
-9.843540474573152510e-01 1.201777739789868571e+00
2.209082755853877256e-01 -1.798638340804128988e-01
2.765407538274190502e-01 -9.246169434402090603e-01
-2.665157980782034697e-02 -5.823602111065149245e-01
-5.513068802107282673e-01 -2.126666686334144796e+00
-8.195166139293277863e-02 1.602913719741115406e+00
6.575906637075747962e-01 -1.280272549558531425e+00
