-1.338965164447745826e+00 1.736968688596796984e+00
-1.243736571229695276e+00 8.014934587079194928e-02
-4.613873194754161688e-01 9.275946524028524376e-01
-2.385212099108114658e-01 6.706129735713577400e-01
1.942419137800940193e-02 9.169107733056987009e-01
-8.690611253542640524e-01 4.453800349814932003e-01
7.241868274956965168e-01 -3.614338045140667033e-01
2.422716686932995245e-01 -6.044415555110765198e-02
3.141893197820421757e-01 -2.495209055221614680e-01
2.665221484093212467e+00 -4.599036157748636056e-01
1.966045923608191082e+00 8.671689981633161626e-01
4.110335364471431885e-02 6.818110013666648372e-01
-2.322725095503595849e+00 1.236285796180734531e+00
-5.334808112567753779e-01 1.220132922268339692e+00
-1.042781370645969874e+00 6.120754152510645696e-01
-2.907441045289961834e-01 1.192560492241255821e+00
-2.155277168985364755e-01 1.928157472427863631e-02
5.697034329776213823e-01 -5.447955519178138140e-01
9.147925541910485459e-01 2.323229532694348065e-01
5.284588382210431146e-01 4.664654052845049748e-01
6.626789196647027147e-01 -3.201746916958508882e-01
-1.154199460686552881e+00 1.724959778713365033e+00
2.912946868101618514e-01 7.185165850976736879e-01
4.809233224597293521e-01 3.710908003296077284e-01
7.043795944066848502e-01 3.344873688727367789e-01
1.421499611435262045e+00 1.526483833926178146e+00
-1.626808206479152030e+00 -4.638366404282660560e-01
-1.073362725572914123e+00 -3.500972295653957955e-01
-4.096749989316059160e-01 6.266021063178012218e-01
8.635600533164425885e-01 -1.977259453563987579e-01
8.746076279040195800e-01 -1.202922477440111271e+00
1.738433381664515609e-01 1.227241869000754493e+00
7.592485299559097456e-01 -4.507142714318655430e-01
-9.130423025678881255e-02 5.113505226544708959e-01
1.772373440748344076e-01 5.184706174184920968e-01
5.931431984916254452e-01 -1.255077532798940521e-01
-3.711365811258133807e-01 -1.255889524765200882e+00
6.361697023724636191e-01 2.102384182252444722e-01
8.582846128714012590e-02 1.151649791004270451e+00
6.137888321960834892e-01 -1.376263164864838517e-01
9.270623600929646102e-01 4.272648988751169274e-01
-3.415548127437891268e-01 1.585298894329816521e+00
-3.114261637824275453e-01 -1.560654278212030510e+00
-2.134087260444268441e-01 -3.849978727264029565e-01
1.582282773634083428e+00 8.074653192260117240e-01
1.766473754371603588e+00 -4.593666352599261038e-01
-1.232928656157778358e+00 -2.440637661090733435e+00
2.984695879787855124e-02 -5.978713006591588330e-01
-1.815884104443835856e+00 1.701116249119084323e+00
7.331490363096397900e-01 1.164897878989979318e+00
-2.438111879349026123e-01 -1.162909284773890439e+00
-8.132343448612250336e-01 2.530863690814818545e-01
-1.079588394455540445e+00 5.853543884442347078e-01
-2.342400695644507314e-02 -1.225859731333481806e+00
-1.868649632118045245e+00 5.731748264506502100e-01
5.552612847031326293e-01 -1.212080660597251169e+00
