4.720933863357358595e-02 1.676096670243448994e+00
-1.942346620725157735e-01 -1.026204934471277586e+00
-6.521551113480924533e-01 -1.186615122757110008e+00
-7.887462686268092993e-01 7.898699103531627852e-01
8.392082686732735275e-02 1.536287222671399999e-01
4.543455304479493972e-01 -6.834332937633008642e-01
-6.933633216631690521e-01 -5.075771576038632382e-01
1.097239406643885307e+00 -8.466112495175239783e-01
-3.143193587521099230e-01 1.635246777940602803e+00
-1.506062378601626506e+00 4.811195062854243809e-01
1.169681046235400590e+00 -7.863558016444838206e-01
4.724185239318364760e-01 -7.333866161523399096e-01
-1.310884038393985263e+00 -1.469858274120769082e+00
1.514299274775799953e-01 -1.036952493073986181e+00
-5.352398775625936134e-01 -3.733670310436627005e-01
1.208241100363281612e-01 -2.016216635896214804e+00
-4.492453385861946424e-01 2.961549640315587761e-01
7.825507127146221764e-01 5.840049057620425033e-02
-1.954595628949726827e+00 6.949914455257649726e-02
9.853658377351852682e-01 5.607862533060579135e-01
1.200199060071033053e+00 -7.534315659192640791e-01
-8.245285429531836741e-01 8.657282125520103788e-01
-1.063189494876637942e-01 1.932398172837335837e+00
-6.733858509189168950e-01 3.129013088127743925e-01
2.764846064914124879e-01 1.460340942656864760e+00
-3.381829066853578869e-01 9.782472685973864213e-02
7.256616342039680090e-01 -3.298576872734747534e-01
2.824126603155575621e-01 5.465264182035421969e-01
1.356214792062511609e+00 5.485150325430142582e-01
1.573167465301356371e-01 -6.417504841903313162e-01
-6.488820307780659435e-01 -1.924199271005815337e+00
7.115000134815943067e-01 -9.785162600364667451e-01
-8.387002031204368047e-01 3.875865341723104263e-01
-7.730718894720748358e-01 -2.516503296598397998e-01
1.097448879174427683e+00 6.808528393133841394e-01
-2.842313859104605989e+00 -7.752727409038596695e-01
1.159671530006302520e+00 2.139927113588545815e+00
-1.198563386270178555e+00 6.305100708982721569e-01
5.454812990201951539e-01 5.342087799710605323e-01
-2.650101857368217240e-01 6.624736883484638739e-01
8.695493696029782393e-01 -6.744970302316525279e-01
-9.678713809910496901e-02 3.620715825133401927e-02
-5.162561246955580385e-01 3.428371734787173941e-01
8.978641716483722057e-02 -8.788148773535705560e-01
-9.573124078221951772e-01 7.140992437854356556e-01
-1.281325623191048146e+00 1.116929315512880105e+00
9.827337345312997519e-01 -2.169016358102214603e+00
-2.360883988108484655e+00 -1.726222636328857307e+00
9.149403748631214084e-01 1.262578878356066525e-01
1.720171104706071485e+00 -1.040318202765700729e-02
3.901427175523431434e-01 -3.624724763499730940e-01
-7.366486125552912378e-01 -1.184843556052697089e+00
2.551310565708750033e+00 1.960717659855482520e+00
-3.360906700898496080e-01 1.828003230798468381e-01
1.072643573676963058e+00 1.124063683958926446e-01
-1.272204411620154740e+00 -1.713924022928462187e-01
