-1.554448721976788184e+00 1.133089177761480659e+00
5.772860546455467201e-01 2.570838253345983371e-02
-8.366895195451879985e-01 1.452138727386772521e+00
1.061688383492446208e-01 -6.741501499235299510e-01
1.090880089806484377e-01 -4.574551323582242701e-01
6.622688018759687045e-01 -9.329838319915361167e-01
1.862175368668623987e+00 4.339672778028713651e-01
8.118062626420815553e-01 -1.334379047066652557e+00
-3.394814614672318764e-02 -1.261581098771510367e-01
-2.089163641454035325e+00 -2.009186205650507429e+00
1.221311200186665724e+00 -1.455966380602807253e-01
3.019208224769847071e+00 1.762074376804776688e-01
6.259083086495383919e-01 7.084804690930607274e-01
7.022655284023211486e-01 1.214041829095283465e+00
1.310189284693752843e+00 6.636350946605880097e-01
-7.451011576304846784e-01 -2.351867431505294814e-01
-1.263139552832560075e-01 -1.335840394819296950e+00
-8.973373214617698101e-01 1.095279226854600330e+00
-1.171594349109269961e+00 -1.106524563267019090e+00
4.552302930716420337e-01 1.061277543317146632e+00
1.035655778080572409e+00 -9.833004148936252964e-01
3.614345423064670992e+00 2.712429316062554552e+00
7.339603560783299063e-02 -1.313525715677973105e-01
-9.510130221373153114e-01 5.611004165239186214e-01
-5.907632693483785280e-01 5.384524327846809122e-01
-3.069490125407363101e-01 1.256972392043163245e+00
1.284306160199071511e+00 1.655607382601006261e+00
-6.046192454389944793e-01 -1.173915686127934566e-01
-1.495479215841409859e-01 -9.194450771811422118e-01
-9.199828540065213556e-01 4.873605231703112550e-02
-2.165237662876988156e-01 7.935643876946927300e-01
-7.445232861796218238e-01 -2.070399785521887637e+00
4.154611812561959105e-01 1.259371298443647813e+00
-5.027387085916639187e-01 -1.165207685663746523e-01
1.325734672767451716e+00 -8.496214541173270351e-01
1.454314742191672893e+00 1.131554010052143289e+00
-1.048520806258286031e+00 -9.038162038311583490e-01
1.097183321153693436e+00 -1.350921207541512514e-01
-1.651559478556214877e-01 1.103268346106054176e+00
-8.615101664504808410e-01 -8.844194380708781944e-01
-7.675285636366121489e-01 1.231709268095440679e+00
8.402674786803953078e-01 -2.400137082865078930e-01
1.175605737354574076e+00 9.307728642865318314e-01
1.335857261599636137e-01 -6.317823099482502425e-01
-1.027351974227989490e-01 4.531265533065367279e-01
-7.967768872784626311e-01 -2.787139987958433096e+00
-1.208241262494445190e+00 -6.507165592013182120e-01
1.783932793129814065e-01 1.260444553409209578e-01
8.733942586126829388e-01 5.399068883238312688e-01
-1.426393630407553959e+00 -4.094742675112316155e-01
-5.359755929628504667e-01 -4.640802994078833260e-02
2.292575725383115604e+00 1.071075740988988390e+00
-1.579630205176654478e-01 1.984205783406635781e+00
4.357682853174578153e-01 -8.870132214863106768e-01
1.538829635079615565e+00 -1.183854455868416089e+00
4.568191171837412412e-01 1.044719234333856273e+00
