-1.370745954528760802e+00 1.789954294751234729e-02
-4.877708120394456670e-01 -1.593582812286316874e-01
-1.785158084851646010e-01 -1.743204251646196523e+00
7.076299290359656657e-01 5.869815424502835555e-01
7.810346560986115572e-01 8.255631968750708483e-01
-3.714667833669554331e-01 -2.132512684215802923e-01
-1.752115794473920740e+00 9.123437438611436967e-01
-8.908815969766041842e-01 -1.623858624773233117e-01
-1.318622087786199604e+00 1.037753806528341594e+00
9.165841556553980807e-01 2.051088954646545837e+00
-1.949930052542798498e+00 7.451639268068577238e-01
1.107957102093541923e+00 -4.684179690563802789e-01
-2.708479665988067442e+00 2.609035286159675504e-01
-1.287967880961075062e-01 -7.818079886001649825e-01
8.884428157931009151e-01 7.465859266112405690e-01
5.285590857788567964e-01 9.419000874484400043e-01
-1.312101578081937392e+00 2.061614199288456462e+00
-6.214823820855003289e-01 9.620004546958628167e-01
3.089977152858449164e-02 -8.586219194952811051e-01
1.265114683989519984e-01 -2.001081113850365245e+00
2.488436671729162275e-01 1.062464010249167590e+00
8.295405082813114284e-01 2.172805743519816146e-01
1.215191243376405744e-01 -3.260979530416624472e-01
5.461569612542195307e-01 1.250622918942366768e+00
-5.562389886693973606e-01 8.373970466080844499e-01
2.010994264750686211e-01 7.402819581905147883e-01
2.663573962090790559e-01 6.440961448633641950e-01
-3.810996355670520641e-01 -7.846694106870608643e-01
2.796137559638594006e-01 -9.786980279733615840e-01
1.588959192376623974e+00 -1.919475809542873501e-01
-1.326102109112692329e+00 -3.284768152826503806e-01
6.453767045184222173e-01 4.527834171164032417e-01
-2.484278800211502936e-01 8.638419672696455442e-02
4.154721116605701869e-01 1.156044687247117952e+00
-6.730012315326767691e-01 -1.778543284175618244e-01
1.020380399396191295e+00 -1.456861000008746077e+00
-1.876668902200691269e+00 2.553964017691766619e-01
-1.925417490122416142e+00 -7.354945253790747817e-01
-6.648432524757026396e-01 -6.213181760625533512e-01
8.763584151232294284e-01 8.069867375790055197e-01
-2.068477933160658200e+00 7.305313982979012577e-01
-7.293048461649763725e-01 -1.166835828357738913e+00
2.119922644706868226e-02 6.047272586441492237e-01
1.838691780651556140e+00 1.337609685943010218e+00
1.456234575550926946e+00 -8.675243020536506089e-01
-3.483462002587292550e-01 -1.224590977326720065e+00
1.515672860471758421e+00 -6.385248392057701894e-01
3.004141039047181216e-01 -3.903474794136351789e-01
5.973979516032152937e-01 -9.049490543506454321e-01
6.947198796612622518e-01 -3.011281342201760136e+00
1.222407815008882181e+00 5.741030182144015725e-01
2.461777715972877978e+00 -5.217006465109663704e-01
1.775771236426491928e+00 7.995059849831618326e-01
1.197489893248290027e+00 -4.451178934891104055e-01
5.596008040469400147e-01 -1.121395391289853771e+00
-7.714135798193335614e-01 1.756743050344296453e+00
