-3.054416846171190691e-01 -4.333511779355510019e-01
5.309812997993104133e-01 3.788370535100993863e-01
-1.528443023686008873e-01 -1.235178784139624675e+00
5.354638803703384298e-01 7.191681928439652705e-01
2.694391933233025033e-02 -6.216107099943135594e-02
-5.520626864728712668e-01 -8.090006219685244027e-01
1.839813946760896213e-01 -5.587940203217911517e-01
-2.880420913806689895e-02 4.428475855459211297e-01
4.210960402252509893e-01 -1.207444098006292377e+00
1.658753694973558734e-01 -1.008837142338990356e+00
3.638978677376313864e-01 4.416113907017075735e-01
-1.759886627438233542e-01 -4.031591158761102522e-01
1.321435704855205895e+00 2.862448064336416964e-01
1.328068724599779926e-01 1.496343231172698962e+00
4.363471576749539671e-01 1.755616441910683667e+00
-2.172951748632368507e-01 5.944412363804221222e-01
-1.047359568427953663e-01 7.368637434221747551e-01
1.384679180767526274e+00 6.587364357617571109e-01
1.603550154979230258e-01 9.053642299182379505e-01
-2.087372621721300447e+00 5.185031478870185673e-01
-1.305954280623430774e+00 1.119585599485207750e+00
-8.533581602651529874e-01 -5.537227226784782186e-01
-1.414821603112651482e+00 7.318854117906742340e-01
1.776938166856492640e-01 5.254133358085564254e-01
4.371500856315317374e-01 1.522522849480152596e+00
6.656683306403279321e-01 -1.148806989564278513e+00
-4.448004977252474901e-01 2.148342876593649198e+00
6.976623393895641234e-01 1.771089771415917669e-01
-1.232282671454611567e+00 1.058903902862587953e+00
7.952983481806217281e-01 -1.940375375275395609e+00
-6.320471220758655528e-01 9.229537666572652510e-01
9.412152057117270099e-01 2.135474291574546157e-01
-3.820461184082820094e-01 3.991740750448025676e-01
1.335862978791032551e-01 2.159566591569777871e-01
1.532970603687579203e+00 3.967500986397077822e-01
-7.941260355404268223e-01 1.826415078874028319e+00
-9.208280093233448538e-01 3.134399471980183621e-02
-2.683234560742438490e-01 4.932656582524669875e-01
8.564014928228567969e-02 1.101651856126669493e+00
-6.491768339397842036e-01 -7.755877189423394935e-02
3.875258939042323658e-01 -5.986657638251975388e-01
-1.422407768314830623e+00 -1.777107686711925094e+00
-1.359132588320356660e+00 -1.339013794371763044e+00
8.900596995687244384e-01 -1.939821859452318886e+00
-1.000735634766432680e+00 -4.686587747628396805e-01
-1.025242881728024580e+00 3.834477882408665605e-01
1.142990174481322674e+00 4.612271045220225907e-01
6.418444331341314202e-01 -1.191112824858988617e+00
1.104255414442118360e-01 1.044111849724018271e+00
-2.614783858698366270e+00 -1.312745049396911501e+00
1.461601005027059197e-01 -1.375775607451952931e+00
-1.714252922440273386e+00 -6.307374815424790504e-02
1.499215942344649166e+00 -1.270391618345625417e-01
-2.333315581164627575e-02 -2.724478719852415076e-01
-5.350523985790801573e-01 8.480022402319340458e-01
-4.435368058932908086e-01 1.099789871562338650e+00
