-6.057836547000226002e-01 -1.302692814038177938e+00
-6.569161260328665319e-01 8.642493312707627551e-01
1.772311345711872876e+00 -6.935456378894290230e-01
9.916924667831275020e-01 1.357945209690733401e+00
-3.078515508597902128e-01 -9.019706479275682032e-01
4.567313260125572816e-01 1.612577965097946597e+00
8.482733785854380537e-01 -1.976022757925511852e+00
-4.571125772809237486e-01 -8.110598624102209886e-01
-6.128882514040068230e-02 -8.565640402555176891e-01
2.945602830760893909e-01 3.781475359469538833e-01
5.046806818958216034e-01 9.933145949822458354e-01
2.250865835211539323e-01 -4.747321615837055836e-02
-1.423691836759551632e-01 1.969768580309615852e-02
1.358005924565764133e-01 3.660726321336759126e-01
-1.397822536020278283e+00 1.505864600555703925e+00
-3.748861093278463286e-01 1.098986689427636998e+00
-4.329679142450140045e-02 -3.264519876939395715e-01
-1.843494250642211674e-01 -5.493424875123804618e-01
6.205521459190611600e-01 -9.146535228484780067e-01
1.409468977089714192e+00 1.170027329477085209e-01
-6.264294792485810559e-01 3.737852725684313870e-02
6.030817980511390397e-01 5.509097381534616700e-01
-2.525711299148191813e+00 2.288317486070375884e-01
1.477002766075135254e+00 -1.004321009403067899e+00
7.234517556264467020e-01 -4.723055364946092682e-01
-1.574290906094761411e+00 7.475593412472174293e-02
-2.058424499841188027e+00 6.606912458422510293e-01
-4.975949302153497844e-01 -1.016801777420112574e+00
-1.750298737899308676e+00 -8.994195636971512586e-01
1.004238775299350905e+00 1.704230176064064350e-02
4.142488443071006277e-01 2.981267375330315383e-01
-2.834428579753335287e-01 -2.264306349977016186e+00
3.178726391505542481e-01 -3.516978493920855375e-01
6.743079539721088533e-01 -7.847782434889311043e-01
-3.646393169780922650e-01 9.244667781812193619e-01
-1.378200506218675736e+00 6.012898082846972470e-01
-5.037406029047152289e-01 3.165868247601142382e-01
-2.297748222092299911e-02 4.678160519329112588e-01
9.628210074087788228e-02 1.079328600423766549e+00
-8.695261432330778639e-01 -1.208211259105631576e-02
-6.103936435556821527e-01 -9.369947352659390161e-01
-7.787584541316191489e-01 -1.405685433769348958e+00
-3.322288286573840677e-01 -3.146433002699493553e-01
2.586011749636297541e+00 -2.606870913917507249e-01
-2.901376393210262639e-01 1.082313637834173115e+00
7.623418280058617824e-02 -3.744672612688141472e-02
7.199421654378187485e-01 3.826907083814281574e-01
-9.797828223929360147e-01 -5.690961161282050984e-01
-2.863161662435305677e-01 -4.793274618714885027e-01
-1.521870959552380775e-01 -1.461551221605695172e+00
1.410662882489918335e+00 -1.389619499634908939e+00
9.021078989605646470e-01 5.515687237678176258e-01
-3.784950941577447381e-01 -4.502073928759147137e-01
-7.918220510836536663e-01 -4.122753647809781347e-02
-4.854968460279308617e-01 -1.406874094009460952e-01
-1.703495643592666919e+00 1.743722536584630500e+00
