1.611529100526280178e+00 -1.395145377111914609e-01
-8.699069953045527326e-01 3.718557119496669894e-01
8.239504649487348065e-01 2.542043841690458938e-01
-6.278513746509574167e-01 -9.472691781631573660e-01
1.904659719559443465e+00 1.093520786358817887e+00
-7.510373143447238720e-01 -2.189345702746306799e+00
-5.492889541298681122e-01 -8.652527170435858617e-01
-2.203742308837585151e-01 -1.237563347936804004e+00
1.658399725032106309e+00 -3.323392134517067498e-01
-3.960172305022032768e-01 4.550602975937658168e-01
-1.365389456906762833e+00 1.149784008551191006e+00
2.712610212191837178e-01 -1.078717752337810198e+00
-6.279361720166181104e-01 1.131623800215553866e+00
-3.804799754016838231e-01 -3.627568964713055455e-01
1.176489340767968850e+00 -1.445069764445268801e+00
-2.791537825662334660e-01 -1.618769104125698521e-01
-6.932103033938741277e-02 -1.636473571917602232e+00
-3.246135070307509807e-01 -1.819263214070123147e-01
9.480245743527649926e-01 -6.495452482744722422e-01
-4.700780031690289518e-02 -4.246927229332442266e-01
-1.153998613638105852e-01 1.361002935422247928e+00
-1.690495392009532916e+00 8.258906413376674305e-01
1.122016368998887959e-01 -1.292048665190008785e-02
-4.685350617436127019e-01 2.223778644376030122e+00
1.189975709394137215e+00 -6.892426231113540913e-01
1.367485092484178155e+00 -9.730403270062089049e-01
1.703475509904610607e+00 -1.005433956275320506e+00
-2.032277352537977144e+00 5.557578507746274710e-01
-1.036893564730608341e+00 -2.577962027091694752e-01
-2.020981966268065033e+00 -5.646633723163020369e-01
1.326635010550557547e+00 6.147173646960853999e-01
-1.822402439750732128e+00 -4.511831958279709509e-01
-1.933562677237719851e-01 -1.138463738880047149e+00
-1.659898448062991250e+00 2.596270126242777310e-01
-4.007011784635628460e-01 -1.267800410479989370e+00
-3.091020867977724990e-02 -8.146805576122604364e-01
1.076449415548705213e+00 3.996053030617781054e-01
1.503532332678529260e+00 -8.242691180538512796e-01
-1.076480021890413807e+00 7.300491378894055083e-01
1.842095645112380720e-01 1.165739940563689458e+00
1.091385946429592302e+00 1.919919689851749656e+00
-2.644359735793996857e-01 -2.168716394612054010e+00
7.372709921286735302e-01 -7.818639951938395338e-01
-5.777705903048763192e-01 -7.473494608225534908e-01
2.141318101659745732e-01 -2.141215118412213236e+00
4.682837406916900980e-01 -1.293441881344805200e+00
7.264707375936579892e-02 2.846898509833244439e-01
1.208766649922010661e+00 -1.527198919734452931e-01
-1.262095107384604065e+00 -8.682563039667572369e-01
-1.138499654105574965e+00 1.192454532073740081e-01
-4.406801281398624592e-01 7.505677033526597652e-01
5.239406176059950848e-01 1.347404329223100605e+00
6.845058421887577349e-02 6.542558043005539670e-01
-7.156366913765705995e-01 2.242276596737625138e-01
-5.585869367634044291e-01 8.501815563870104842e-02
1.344730295631705541e+00 -7.833281523998660845e-01
