-1.873165107086622871e+00 -1.069599552208903681e+00
7.056782225990241297e-01 1.404460231479492505e+00
-7.660132018421702549e-01 -8.271409937085598685e-01
-1.043932784491147014e+00 -3.873068667008531807e-01
-6.194345456313602449e-01 8.431193788169237813e-01
-5.080727587814044544e-01 1.030987794025770787e+00
-2.069821630577503568e-01 2.420257416975943432e+00
7.649862166796825846e-01 -1.583367964101627168e+00
-7.346451585834978815e-01 6.136592946778620661e-01
2.538299594231177569e-01 -1.114679654624257665e+00
1.068658066465950407e+00 -1.667069322420653199e+00
-5.417687579194261360e-01 -3.622750431771475932e-01
-3.254637246955922047e-01 -1.594864482906665382e+00
1.071823760238416190e-02 -1.230476972480128328e+00
1.026187446457460073e+00 5.864450490741771604e-01
6.279627473963340645e-01 -6.457388441166120874e-01
1.240577783662590416e+00 -1.608791838967789101e+00
6.254666689927369794e-02 -1.322475900337734267e-01
-6.196861554046698695e-01 2.223904960964686595e+00
9.414684792509708799e-02 2.346291807790375827e+00
1.899826019399276367e-01 -7.908311142531213589e-01
-9.213666358024734659e-01 2.902849345546769100e-01
5.599909927664710185e-01 -2.731602719364111254e-01
1.520458984105683697e-01 5.122794892523104826e-01
-1.476660599767752657e+00 -4.064884277152303604e-01
-4.096406928390567415e-01 6.117893562839645805e-01
2.517924735651914658e-01 9.115756378275131633e-01
-1.301907008147311418e+00 7.218285719326403838e-01
-2.450769279398849754e-01 -1.267943942907946431e+00
4.492358918949223012e-01 1.191236242808507484e+00
-2.363990310265850214e-01 -9.540891926903027898e-01
-3.747872538646072060e-01 4.053361275365108263e-01
2.078134099148049696e+00 -1.646958771558393320e+00
-9.867066793287211368e-01 -7.489880022757332556e-01
-1.961124529336567279e-01 -2.924565973087949189e-01
7.776270054238848539e-01 -1.075666140759611311e+00
1.341914876193067041e+00 3.944835857445953137e-02
2.040642319113999126e-01 2.178288020861903207e-01
-5.679290244853688607e-01 -5.731332884102541270e-01
2.850410757799106687e-01 -9.148510233818413218e-01
-7.860943999654960157e-01 4.673996208961974097e-01
-4.438197440381119740e-01 -3.801335052117409824e-02
1.351252670764413688e+00 -4.813243552097771771e-01
-1.144461932258956427e+00 -2.630902549754401409e-01
1.073740091924798135e+00 -3.245203770620789241e-01
3.767812259222586557e-01 -2.152860836543909473e-01
-1.170973310793591016e-01 -2.764629826025559178e-01
-8.176092127971315016e-01 3.343138172874607350e-02
-6.754114902301658896e-01 2.439157199561520772e-01
-2.509211201020341564e-01 1.214105277347224066e+00
-1.926447207577456910e-01 5.272218437479843367e-02
-3.530662220357563830e-01 -7.595535450566041902e-02
-2.439943162948204680e+00 9.285327555893649887e-01
-8.472618900354157434e-01 -2.665181315641874660e-01
4.139062229002968274e-01 1.517534966827013720e+00
-1.828303132317949387e-01 -6.543307590072713342e-01
