1.514057847111306865e+00 5.267986239694937289e-01
-5.381681485859325653e-02 1.632148061245753123e-01
5.524630612879071201e-01 9.443416746476224199e-01
-5.302322432097852367e-01 -1.206264598047301684e+00
6.632505982654390841e-02 2.059331201138642209e-01
-3.447504455119229649e-01 -5.186120850942272514e-02
4.088242827883877828e-01 -8.652278454871780156e-01
1.581450813325941396e-01 -1.658932359723714001e+00
1.650958080558187380e+00 1.883881319935557797e-01
2.485262377733714612e+00 3.092903411191567087e-01
-1.982790498391889811e+00 6.919196505379522355e-01
-1.610847059725716512e+00 -5.757314191403485326e-01
7.296632348658312062e-02 -3.944020083836415336e-01
8.357938037195085101e-01 8.018943882001505763e-01
-9.538429463988289392e-01 -1.263030015472295986e+00
9.515917282358480334e-01 1.051079731617972080e+00
-7.136915271138368766e-01 6.733950490146340950e-01
-1.003455426059094435e+00 1.038253540370693617e+00
-6.311216509612382897e-01 -7.620235418829027219e-02
6.994172328366652369e-01 8.049450644791827925e-01
1.387905943750169513e-01 -4.589052600295982776e-02
-6.370923638375625142e-01 2.198033798967005126e+00
-9.157851110944295048e-01 -4.508110846748158429e-01
1.455939094263734468e+00 1.207805995289309209e+00
1.534022547258387936e-01 2.594969256589617412e+00
-3.532161220824125425e-01 5.726968811771816770e-02
1.554284715800484662e+00 6.122931144740868525e-01
-3.296358503273027485e-01 -3.614333755251367464e+00
-3.289560885930979950e-01 5.495413982921435458e-01
-1.111044318784667750e-01 6.115244021939339469e-02
1.076233548356249070e-01 -2.952210888024652813e-01
-1.081220690983165866e+00 1.499860722422435622e+00
1.173572434213519644e+00 1.155671232318776109e+00
-7.484164096265236710e-01 1.744517167803300239e+00
-1.886233898380636154e+00 -2.234078740982999189e+00
-1.553240456179241225e+00 -1.318033929635902712e+00
-7.807328939909689014e-01 2.384879521006608993e-01
1.106046117495544046e+00 -1.937043542239289262e-01
-4.537095916849034904e-01 -4.586388861040152642e-01
-3.616942439721458902e-01 4.404638436725353268e-01
3.618350423729277954e-01 -1.702948621851280153e+00
1.077582072443402095e-01 1.504228359538290205e-01
6.942960560249102908e-01 1.101368504035332929e+00
2.451717686735177537e-01 -3.158338407439702511e-01
8.885612941858045746e-03 -4.722864521009214056e-01
4.602451033865801455e-01 -3.193726007544033241e-01
1.124169737232306288e+00 5.206876213926340258e-01
2.383224401920442936e+00 -8.038817425596776756e-02
1.416201879906816563e+00 -1.607553371521206476e+00
-1.319192069825107616e+00 1.943675467128286038e-01
-1.015736868808559019e-02 -1.191512506301882102e+00
-6.324416470239018206e-01 -5.929437605400724731e-01
-1.068002075258391415e+00 -6.037104617291788600e-01
1.065600147326490749e-01 -8.908964632023896879e-01
3.303722490258009237e-01 4.160102584860862485e-01
-3.314496601458166714e-01 -4.936532515215187877e-01
