-8.050392515126850723e-01 -3.641664990684797543e-01
2.578951940488875549e-01 9.823973459383266160e-01
9.734835519019857664e-01 1.742796242092978343e+00
2.241644052348536587e+00 2.051448835064590692e-01
1.811878248973459948e+00 4.451289548952334640e-01
1.822592058110225288e+00 -8.263700522991480613e-01
-9.885063816257441127e-01 -1.754582502494134999e-01
1.948211342146915215e-01 5.413387323199907453e-01
5.684700384297898257e-01 8.124679811666683793e-02
8.451511588246295170e-02 2.557543279397380201e-02
3.777988951957086394e-01 -1.077093276424904378e+00
-6.313014164321800736e-01 -1.049534384880678850e+00
9.552337726494920522e-01 1.331844062538300733e-01
-8.744477105566418329e-01 5.444360601410673794e-01
-1.003764952733603222e+00 -1.237951979107275502e+00
1.394902299930767808e-01 8.938731656907396017e-01
-3.393841205263028460e-01 -2.994994928669323167e-02
-3.873028546040577225e-01 5.793702573741389694e-02
-1.219155834625240548e-01 1.811356568159874447e+00
1.543801241607486663e+00 1.174279987819956128e+00
-4.363083135863852768e-01 4.301891707361135686e-01
-2.506438882854607475e-01 1.780116708411600746e+00
8.914025573218860299e-03 1.405996384822248702e-01
5.330531248708653136e-01 1.505998805409074270e+00
1.446778050370212787e+00 2.671424451534052391e-01
6.071130481536286538e-01 -1.225946623101592747e+00
-2.807089767947417158e-01 -8.941709401953892855e-02
-5.457558573416271264e-02 -1.896395003296168502e+00
1.095216424328476545e+00 2.479761118346003601e-01
-5.959121178723736367e-01 1.151138358863437183e-01
5.338605931554890605e-01 -3.794801592982129934e-01
-1.218313309315731119e-01 7.942773177301580834e-01
-5.048210636028888088e-01 2.074210054095041444e-01
-4.220003577215566404e-01 1.820272509383705495e-01
2.624028437436304872e-01 1.384643117268249402e+00
2.814692323379509170e-02 -2.394295868559091378e+00
-1.207631913833305259e-01 1.051323264334283886e-01
-1.587420862269005140e+00 4.018843608515026977e-01
1.110122346526782183e-01 7.278215947574452338e-01
7.538951950185736051e-01 -1.216947047657004122e+00
1.244548445169537110e-01 6.302327849348849931e-01
-3.013171605249048146e-01 -1.141695196129210776e+00
2.632406525423344745e-01 2.990659342311806634e-01
1.969875197149456025e-01 -8.433261746991602137e-02
1.471938738219973786e+00 -9.974211171955227329e-01
-2.038355800024002740e+00 1.402335468199986224e+00
8.925617285405206269e-01 1.388211961454399512e+00
9.516954757406835830e-01 -7.326412953347721801e-02
1.341466886072724962e-01 -6.508525815648538160e-01
2.474213543833470377e-02 7.314462491222104568e-01
-8.503001981336473225e-01 -1.466641313981004391e+00
4.106088741156468380e-01 3.404636671474321474e-01
5.344408896854352387e-01 3.465053492562482629e-01
-1.033924089885139397e+00 -5.734993852030755290e-01
-6.764784027513316700e-02 2.593726396597167416e-01
-7.881219300145508866e-01 -1.489835229652268334e+00
