6.829594168880404048e-01 3.830974877023659020e-01
-7.823873023937810700e-01 -1.135462812765430263e+00
-1.702087166990356781e+00 3.891495192676205916e-01
1.277391664441875019e+00 -1.805612287903705759e+00
1.076318656666448215e+00 1.049286404090524316e+00
8.999960013997308078e-03 1.731025768201649440e+00
-2.016178858861723988e+00 -3.791193514853894442e-01
-8.319358513735793936e-01 -1.187566846933277631e+00
9.870748588938734747e-01 1.015183132895394413e+00
5.722096469538469066e-01 1.510919634663956124e-01
-1.711098304164065942e-01 8.799280640774792203e-03
-3.051452366213047718e-01 -1.987322647195495451e+00
2.956517811733169743e-01 1.179674472904684412e+00
-4.234698775250424485e-01 -6.026382125677004487e-01
-8.394859779831900792e-02 3.444800144316591262e-02
9.892249663355874301e-01 -5.470111190897012365e-01
1.302051904209887923e+00 1.286051015544274367e+00
-6.538977729817641027e-01 -5.762274421502503463e-01
9.993101978420952658e-02 1.886925057832224306e+00
2.582903047495435089e-01 1.000411142874281678e+00
-1.234030141638630340e+00 9.449732258410926677e-01
2.850681005153956060e-01 1.708834876908046141e+00
-2.162020442749456040e-01 4.434837019195317920e-01
-6.365335308737348763e-01 -2.685108882314749534e-01
1.731066643112562642e-01 8.134330580870254845e-01
-1.057305678178169117e+00 -8.531083641064205469e-01
1.063895248391767856e+00 3.526310838038750894e-01
-3.245692734957565662e-02 -2.417566805232669314e-01
3.553208089202585240e-01 8.777345949760559929e-01
-2.043128792946416361e+00 -8.544511441188040735e-02
2.647603342678352956e+00 -9.207695410756234766e-01
-3.152242807174065464e-01 1.577505371829912573e+00
4.188105713861748347e-01 -7.693101174725415214e-01
-2.380857700631219265e-01 -7.917198841587907987e-01
1.990503762175661051e-01 1.110209464016359115e+00
-1.210103747880381997e+00 -1.842787065336564112e+00
5.421335197957173335e-01 -1.506986583172475469e-01
1.310482065101867821e-01 -4.850685550848463645e-01
-3.380625902132912697e-01 -1.798766590391615017e+00
-5.394809643861172566e-01 -7.657113439596868742e-01
-5.261851138540402095e-01 2.837861760214296578e-02
-3.941761391902480205e-01 -6.163437401962675866e-01
2.914967763059297945e-01 -7.291061476567946009e-01
-2.223550704568615810e+00 -1.218942095696838646e+00
1.216087919217204938e+00 1.343997901161939401e+00
-4.847457803991371272e-01 4.754619093391623807e-01
7.805673846629724855e-01 6.929436583750818723e-01
-1.699672253525706722e+00 2.412073164730912239e-02
-1.619522535258931251e-01 1.142945449270537317e+00
7.963951354420166773e-01 2.187277376392855910e+00
-5.753559313651964713e-01 -4.687550573695446476e-01
3.691211342282738755e-02 1.153216883862955511e+00
-3.682979830773683294e-01 1.691006782276257420e-02
5.437909183177556116e-01 -2.378099944720066805e-01
-1.169220458272951069e+00 -1.930518834179753909e-02
-4.150663932777232806e-02 -1.217249488711468208e+00
