-8.900676355664529638e-01 4.791485802570561447e-01
-3.514645367581470392e-02 -2.251670036028723842e+00
-1.740440713873441680e+00 -8.674006195430501442e-01
-4.513330026473360013e-01 -3.040229998068231798e-01
-4.116842474622756098e-01 -4.592916019377723535e-01
-4.074622764767786287e-01 -1.314296227145206553e+00
2.000931149622492189e+00 1.659766193157716341e+00
-1.304401441714021059e+00 9.203732097335891593e-01
6.781306734528157465e-01 -7.394545662339373493e-01
-6.021249444904562820e-01 -1.363142478616501639e-02
7.826930952702829680e-01 -2.726742529153117212e-01
-1.200502072835627709e+00 1.012593839425452114e+00
-1.099329270924252366e+00 7.416545998884528368e-01
-1.311668373085848938e+00 6.816048039433085515e-02
6.115755853708624290e-01 6.168476171508939787e-01
1.234635148963743490e+00 -1.105912296698993158e+00
-1.878262738852041480e-01 -2.643298802625803148e-02
-4.999341078154753149e-01 -7.060002037314384582e-01
-1.165641967658540556e+00 -8.796187079600743530e-01
1.802145976382897308e+00 4.550883847553415240e-01
-1.333163191112137103e+00 -1.560619691025563860e+00
-9.612354250674014500e-01 -2.007623166170002804e+00
-1.006564223125646196e+00 1.232670284767170887e+00
-6.881582610783338882e-01 -1.438010374029379479e+00
8.339645962228113829e-01 -1.312969685137052256e+00
8.980632741163101507e-01 1.943327721765452543e+00
-2.881433295307081366e+00 -1.311927430182087129e+00
-6.471985945625753356e-01 6.267820129723361555e-01
2.556965593782594692e-01 -5.851973926422239514e-02
-1.705360165130789252e+00 6.834728314262584759e-01
-3.536239189696652185e-01 6.751176080642065647e-02
1.753325721244220592e+00 6.365785098627042560e-01
3.400998052801964405e-02 1.316684188709722036e+00
-2.411563926627613430e+00 -7.085550557444132425e-01
1.968251270474751392e-03 -1.218771227600200929e-01
2.314260289451622876e-01 4.547841595145317717e-01
-1.690493832722202994e+00 -1.710372363875730883e+00
-8.396665007722632357e-01 1.234419646743218246e+00
5.151285407026914287e-01 -1.107770979291492708e+00
6.036398108748984859e-01 4.828651366171047288e-01
6.354352508073847217e-01 -1.849011571472189086e+00
5.225475898118869811e-01 2.023442221561486232e+00
1.170901847323921663e+00 -7.597854658162925823e-01
3.538896523976833297e-01 1.096981468701394125e+00
-2.892697650147337818e-01 5.295816159421236069e-01
-7.477579664982431096e-01 3.520811112172224089e-01
1.441249484293278260e-01 8.058626777090628357e-01
-2.438494881248776391e-01 9.223134044903380513e-01
3.646101132554543378e-01 -9.330332059310145754e-01
-2.608346007579162573e-01 8.800462971708893078e-02
-3.204805501371535414e-01 -7.093957606659870851e-01
-4.409708333490978682e-01 -3.369537486406593563e-01
-1.091108199981937421e+00 -5.272195540123477686e-01
1.465429265922314928e+00 -8.178252664954003270e-01
-7.511897745704846363e-01 -6.788624725578775720e-01
-3.604796622647700177e-01 -2.944570116862097603e-02
