-1.134958434528573035e+00 1.165388852396338715e+00
9.729015187687041211e-01 3.589157155327614701e-01
-6.778222419804135201e-01 -8.846597482327921425e-01
1.238847224527519775e-01 4.577291373234719241e-01
3.488192880284051722e-01 -1.799130601566508725e+00
-5.233521311556363909e-01 -4.240341132129514246e-01
-1.376581384382828510e+00 5.739022968420931514e-01
-1.298103631824691684e+00 4.028311041824569338e-01
1.160410888075729396e-01 5.898427148861232761e-01
5.791286263165008608e-01 6.108533793121492250e-01
-3.416158166602367152e-01 2.669398286025144798e-02
-5.461525655656840339e-01 1.292132492567892088e+00
-4.764888625584676740e-01 -1.175909578573825914e-01
-1.127087221346375401e+00 -1.383026762662890485e+00
9.475432994528218411e-02 -1.839451154622969931e+00
-2.291684714742852902e-01 -2.410977054630498440e-01
-5.638647202512756668e-02 -1.413766251360914827e+00
2.871946375051580014e-01 -9.053664696984493609e-01
-1.795561569716578321e+00 -3.765542184659333436e-01
6.677395334465818788e-01 -4.324956877793351695e-01
-5.988137455029310940e-01 -5.873176265326129908e-01
3.729033210376093699e-01 -1.030784058707338025e+00
7.768353227002318118e-01 4.791457058739677088e-01
6.247474520773170503e-03 5.520521026956514143e-01
8.760796658925792402e-01 -1.490837051938999624e-01
-3.934604629275009202e-01 -1.075260874803036226e-01
4.244795263930258855e-01 -4.797619980257059602e-01
-7.708900553668599498e-01 -5.703423264390934389e-01
9.736858744714205205e-02 1.105311874859828070e+00
2.770728748037210032e+00 -4.877500814380703598e-01
-2.066809048494554268e+00 1.824261441535225181e+00
1.017307081588965323e+00 5.363271816633993216e-01
1.037053326855662760e+00 -1.374443143084170815e-01
2.244328783827251039e-01 5.580998820939715444e-01
7.083628131301404618e-02 3.833778241932530029e-01
4.235110181909422233e-01 4.323514123894031669e-01
9.339584304328054642e-01 -6.145695700967752917e-02
-4.048000727201141458e-01 2.790617100862027300e-01
-1.321766802966258814e-01 -2.209907886048165793e-01
-1.546387710556592632e-01 9.809685608349638652e-01
-3.626260220104940979e-01 -1.155965730247462186e+00
1.257577687954436696e+00 7.960055348942349784e-01
1.686932934209581569e+00 -4.498808060177572621e-01
1.489683020004489711e-01 1.882249469534053588e-01
-3.693571697869290071e-01 -1.694779359233605565e+00
-1.644343429446744498e+00 -2.111936111560753560e+00
3.122867918257652975e-01 3.646466238475287169e-01
-1.277130459112421901e-01 -5.365561708121781015e-01
2.269163180687857384e+00 5.603005225530111044e-01
1.660994300759208175e-01 1.244676517867083110e+00
2.253239446909970911e-01 1.420197359130823456e+00
1.885523755711448368e+00 -8.024363863953832832e-01
6.961284600998178806e-01 1.175404961699456075e-01
6.198840239977999600e-01 1.153704010559406745e+00
1.908185483126825011e+00 2.411037482451548197e-01
8.690606957686303202e-02 -2.368809801173341612e+00
