-1.529595727629856183e+00 -1.254818838192264696e+00
-8.753839068077147179e-01 -1.055947236148044421e+00
-1.680073679113632257e-01 -2.129909093331237152e-02
1.049131062695061400e+00 1.168925950138253844e+00
-9.355570519764336845e-01 -1.608815812497264019e+00
-1.464428922317268622e+00 1.183297872158831643e+00
-1.668775236664320039e+00 1.034822118684609465e-01
8.890206191040216366e-01 -1.274923374386963681e+00
-8.820175992659270436e-01 -2.950196367789872376e-01
7.161374221274658947e-01 1.508349466106799097e+00
-1.363725378023481705e+00 8.153291394474900811e-01
-6.435711088240458899e-01 8.093400369397469873e-01
-1.062515609424265817e+00 5.519883527095459375e-01
2.442118882703440685e-01 1.144944276711913567e+00
3.850263987315403202e-01 1.207612797288596607e+00
4.121653485178549681e-01 4.983666366835378669e-01
3.990477723196773074e-01 8.548619390677628105e-02
1.462367723138008335e-01 1.984217064963236465e+00
5.878808209956251085e-01 -7.736630772121730892e-01
3.029101508306144552e-01 -1.197898494114784329e+00
-1.305874775843637980e+00 -7.764629696595304331e-01
3.953148504505676897e-01 -7.606707262420085991e-01
2.351940547576704343e+00 -1.312996957803103104e+00
-1.014820621444871618e+00 -3.556048597967965130e-01
8.299152822193278656e-01 1.580145017090299975e+00
8.447627855326900193e-01 1.497641991305988629e+00
-9.965367915555461975e-01 9.796344201911564298e-01
-9.195489349675475266e-01 1.432358059567074848e+00
-2.173565467199102819e-01 2.584960486760261578e-01
-3.009240099775930544e-01 -8.894189538927276262e-01
1.974917072075015045e-01 -2.355151519959563233e-01
-3.035691374441013002e-01 -1.246250857544797919e+00
-2.095595845525687118e+00 4.952581794369976809e-01
8.156449087115851260e-01 5.804949861709264303e-01
-7.080053924922553588e-01 6.141383759782869101e-01
-6.270752963710671812e-01 -1.089294453470497803e+00
-1.756367848857645519e+00 -9.540242567592853717e-01
7.391209532701179530e-01 1.390085128946529254e-02
-8.991319539605555633e-01 2.901156654735875806e-01
7.385439531520801015e-01 8.074194894236511599e-01
-8.360234635145710191e-01 6.487845971260320921e-01
2.101471647904062101e-01 -9.301383313388162932e-01
1.813423354034108814e-01 5.222139686727855779e-01
-1.494922615678268230e+00 -4.914686446388891183e-01
8.928531322632533573e-01 1.395907826367363214e+00
-1.412646492174208124e+00 9.531066043803756993e-02
7.295980985242671579e-01 -1.093926446066357250e-01
-1.931811226786384061e+00 -1.087884367712288913e+00
-4.945441646767471666e-01 3.951722400007290914e-01
4.756108282945356591e-01 1.031770914437287301e+00
-8.912575475172671569e-01 -1.879753959161566179e+00
2.145485963461747289e-02 1.063028530777101910e+00
-3.088997167170576819e-01 -3.340880438541886654e-01
-9.383775787199930551e-01 -1.198227435228068849e+00
5.208474837446577244e-01 1.536601826877112220e+00
-8.124789746333699325e-01 -1.244245218667493491e+00
