1.035297125451384970e+00 -7.043652873657748614e-01
5.345340093523204966e-02 -1.680494266904533962e+00
1.915669610719848537e+00 -5.582873051528522979e-01
-1.179782733782721804e+00 3.418285225087339119e-01
1.466326952073143230e+00 -6.723035996782941170e-01
-2.388468144116986824e+00 -1.959128305974402462e+00
-6.940526582486998830e-01 -1.279250497812008502e+00
1.729881054324046152e-01 -1.907889057008878897e+00
-4.620915590462948419e-01 9.370951734538681688e-01
-9.666012150462253150e-01 -1.103212787148187601e+00
1.091232070376843000e-01 1.571478769543299125e-01
-1.463280456050369160e+00 -1.298118267230879086e+00
-1.512270450184359571e+00 3.958876926017050324e-01
-3.840209101648193735e-01 -1.185873996711775957e+00
1.134936922862910480e+00 -8.783019635410722614e-01
1.145888161687833362e+00 -5.505666053051355702e-01
1.759730833165709329e+00 -6.749314936333002946e-01
1.481202068207334577e+00 -3.308390135366647833e-01
-6.717255958743926225e-01 -3.585320111676392751e-01
6.934667091067474309e-02 -1.689664527088548418e+00
-3.530666493570736031e-01 1.803443156591462593e+00
-1.666789168312084179e-01 -1.415879462797685340e-01
1.119653062138533217e+00 -2.680945107460404597e-01
1.249636552768808695e+00 -3.541828677055845753e-02
-1.043362949515067167e-01 -1.058745516776426143e+00
-8.494684648944283989e-01 -2.510129059866402779e-01
-2.801636102732696365e-02 -1.245142236619383613e+00
1.460287947542207698e+00 -6.460840750833171109e-01
-1.253374814812740157e+00 -1.859305231570730799e+00
4.332444402621585811e-01 1.046541999143254742e+00
-4.853005536847364021e-01 1.132214924732246608e+00
-1.177001227412815210e+00 2.718966550748926903e-01
-9.771606808909137909e-01 -1.270123778804268966e+00
-4.556212031072280344e-01 1.504042081981675771e+00
-3.544237888850040874e-01 -1.508642697937250671e-02
2.022099339158678899e-01 -8.210676433737489344e-01
2.561677896846029645e-01 4.025913804056862055e-01
7.155378051579291965e-01 5.650306346546302150e-01
-9.923366436996339246e-01 4.583949018995285285e-01
1.361399098992742696e+00 -2.440266299577744380e-01
4.494141384693507990e-01 -3.974404028450914672e-01
1.720630630104270864e+00 3.800849589514903593e-01
-3.732518246498339187e-01 -4.343016954314335779e-03
1.005079160783089121e+00 1.992793088507730237e-01
-5.381508967803622090e-01 -1.544813645633486832e-01
9.312607523317771585e-02 3.063439063112492811e+00
-9.016999316209962645e-01 6.251450181708263498e-01
-4.084626503321116542e-01 1.965734290998622402e+00
2.363222967710300049e-01 4.681405726082317198e-01
1.920812298918863625e-01 1.307032600394946176e+00
6.072395839966474584e-01 -2.198863693022952592e+00
2.644501203960178404e-01 -9.691592191388211930e-01
-5.229530054343302092e-01 -4.749730775772694757e-01
-7.712974048913157077e-02 -6.466732666415803132e-01
6.187898423522566471e-01 -1.267031531943024758e+00
-1.159710715101439860e+00 7.546271704207792030e-01
