-5.022186138798606647e-01 1.568753354525537658e+00
4.622056598521504522e-01 8.238052887452298467e-01
1.020240102045547159e+00 1.472857119970496509e-01
-1.455536699022824954e-01 3.607812896373690514e-01
-2.584093006097305523e-01 1.423204373255188449e+00
-2.458436878912721169e-01 4.639344733970797163e-01
-9.304281840168405759e-01 7.615145414562404236e-01
2.365121625457608234e-01 -2.891618895736933204e-01
1.757282656881084648e+00 -1.062606630472041624e+00
-5.672793004665422911e-01 9.556594128532174270e-01
-1.470783752712555348e+00 3.807188009686987562e-01
-3.404816664950442440e-01 3.751949784086712203e-01
1.551581701362092947e+00 1.444897382474290781e+00
3.131239349064610655e-01 1.132193860453555079e+00
7.465350524372043051e-01 -6.362789701177016255e-01
-3.165989797167292341e-01 -2.418549624424093381e+00
-1.653544869519260496e+00 2.391029677723907731e+00
-1.128827659919423798e+00 -2.809643194226945084e-01
-2.631437359776825913e-01 -1.836146755623265570e+00
-8.714059665412704492e-02 -1.279981072076437520e+00
-2.131941085805962727e-02 7.384114878258454251e-01
1.042087058791622667e+00 1.689485790060983039e-01
-7.722763878993527120e-01 -2.784668552884994042e-01
1.111829887470341616e+00 9.244220601314401264e-01
1.041622446859263723e-01 -9.854673219930751848e-01
1.581420503153188495e+00 2.289314777738642170e-02
-1.119422271726755902e+00 4.817275027232333362e-01
-3.413352265584162493e-01 2.521867835742923059e-01
-4.401634524046925678e-01 5.225567464192846373e-02
1.266721901326780975e+00 1.142119577415595444e+00
3.325674753014669083e-01 1.766651999213828539e+00
-3.310672626335973701e-01 8.870489102201996046e-01
-2.031747409329166254e-01 -1.129203688802958294e-01
-3.824317436385817337e-01 8.146081332133682518e-02
-5.094724682459876863e-01 -1.340569857133042886e+00
6.404632157559868588e-01 1.164795986999126454e-01
6.445020516594428539e-01 -2.131683240043737548e+00
-1.990111986801797739e-01 -1.621579667193767671e-01
3.035174567768335607e-01 5.900027632910903597e-01
-1.059581447908199525e+00 1.309690109029558069e+00
-8.209818765634959714e-01 -7.125995662347212045e-01
-1.983542785344419579e-01 -1.134466627397528571e+00
2.001681421661707927e-01 8.897074442674040018e-01
4.274888607406070462e-01 3.735187126360628440e-01
3.764240243803572694e-01 8.512550985463146480e-01
1.156081630497262314e+00 6.472929256529346143e-01
7.251359991062723553e-01 1.146532115094165860e+00
-9.089274293394867810e-01 3.055747463743234138e-01
1.462559580410022875e+00 -7.234099408031815504e-01
5.460466773537743235e-01 -1.542446093565668530e+00
5.284166374171628267e-01 -1.390662514957190510e+00
7.047762135463160327e-01 1.846223413105421707e-01
-3.249610283014507384e-01 1.200514060286029361e+00
3.224472844992216647e-01 3.691219015782440938e-01
7.551568173748857138e-03 -2.501949457444728520e+00
5.988163908447492467e-01 1.532159919712837159e-01
