-1.072570611007082064e+00 -3.790757093605599537e-01
-7.300640135276563990e-03 -8.406992562976948191e-01
-9.509213294283210827e-01 -7.429120251865468649e-01
-8.717656895296930220e-01 -5.090590900017774034e-01
7.474984979891806658e-01 -1.187111621465103406e+00
-2.335216528353414756e+00 4.618933618540636138e-02
1.441052351833314038e+00 -1.334978499144400699e+00
-5.232105246249656449e-01 -8.107460909853442255e-01
1.098644810946115769e+00 -3.869932585596477237e-01
-1.839747216845657007e+00 -4.043978524193224122e-01
-7.549661039757339376e-01 -1.150256423435830566e+00
-7.715795492547685708e-01 -1.554818857043722913e+00
-6.696107149138336156e-01 -1.236396137441891252e+00
1.191905368946559962e+00 1.854013152562328237e+00
-7.635201792820509037e-02 1.332228443951898100e+00
-8.772450461842598579e-02 6.881706174687020061e-01
-3.829990056831405476e-01 -2.817117635714596058e-01
1.501723723059043891e+00 1.785986865743980079e-01
-7.824149702132817685e-01 1.211472297949472421e-01
1.270390449141929112e+00 9.661895314535081658e-01
-2.394048579404057353e+00 -1.449856576996747082e+00
3.867338664461741904e-02 -1.009010589248005241e+00
-1.467720074349433856e+00 -1.414738625067873290e+00
-2.800553032732296388e-01 5.932452009915533120e-01
1.029008909658596593e+00 1.682343690773211442e+00
-1.252412157123169445e+00 4.393235590825809722e-01
2.120935183800635171e-01 8.154646095763382618e-01
8.483367515807799242e-02 -7.600525273760664335e-01
2.288870900040038681e+00 1.511761460136302304e+00
-1.005511957005637225e+00 -9.103365432422583226e-01
5.066471011128270696e-01 1.825007813412022672e+00
-4.071552757944518208e-01 -3.833350796985937441e-03
-1.813860040762146353e+00 5.489050739445698879e-01
-1.281316402985838432e-01 -8.418527606206089864e-01
6.599912991444588650e-01 1.044888535917668948e+00
8.520012680692578000e-01 1.621100103026754391e-01
-3.554112285551302985e-01 -6.480268241967885867e-01
-4.817439622198072535e-01 -7.482435034976013810e-01
1.413494068058145370e+00 1.232083172659131032e+00
2.315084849162393876e+00 3.410320839558909911e-02
-6.836730212547041663e-02 -3.360760516945395793e-01
-1.166530847991903430e+00 1.960045232408833327e+00
-4.625224109569201492e-01 6.062858208378523184e-01
1.653990923735294993e+00 4.420591483049048920e-01
-3.221441604162717520e-01 1.389289250180488988e+00
1.927260437049665320e+00 -2.494436199407842336e-01
-1.279427130550296221e+00 7.701283713797327790e-01
1.501808438554110836e+00 7.118046702525689107e-02
2.618559275349829352e-01 -5.287205904983914850e-01
-4.509339775700466069e-01 1.146308753794288648e+00
2.166388108374509569e-01 -1.336328559621399847e+00
-1.632805420405495145e+00 1.689335991162117967e+00
-7.395624926297850177e-01 -5.648070923967447587e-01
-7.038906902924126907e-01 7.751396626249204003e-01
2.719528343408416093e-01 7.060370319141646700e-01
5.155802196781074376e-02 -2.565675379197253747e+00
