3.982368460062492566e-01 -2.306796153009615102e-01
-5.661518155950964193e-01 1.896893466404121487e+00
-1.137039762431657497e+00 -1.007156204868446592e+00
-4.646234633873092545e-01 1.508309409790593303e-01
1.836640141430325238e-02 4.189905780469021374e-02
8.439723982941153002e-01 -1.291741693382336242e+00
6.040155021747060093e-01 -8.355568930522246085e-02
-1.581915151036553224e+00 -9.984497356349020247e-02
-5.913152061078895683e-01 -4.942745741612309396e-01
-1.072745965247853261e+00 1.699274192577830134e-01
-8.410161539889590143e-01 1.757421175364256793e+00
8.149978632864839367e-01 -1.077577990728954216e+00
6.974889968683758990e-02 3.981619941975160226e-01
-1.277684871452950732e+00 1.042257524049048589e+00
-4.301328634618851177e-01 1.679922495213112821e-01
1.297899348899354210e+00 -3.119148425595965057e-01
8.300280044818397762e-02 -2.333192294124284694e-01
7.349669480132380306e-01 5.433929970241819785e-01
-8.488029466766351394e-01 4.185112039820394064e-02
-2.022300920455625928e+00 2.159185920550722226e+00
2.456077483136586415e-01 -6.791383703851574527e-01
5.851779533785713694e-01 1.709702867481795729e-01
-1.090851848746675401e+00 -4.958706422867373287e-02
-3.782230625582871930e-01 2.658848290347752386e+00
2.439003930001222731e+00 -1.359519352225180278e-02
3.688812247905688957e-01 -6.566163141594147934e-01
1.575948017405507384e+00 -8.827118555251048937e-01
3.720822706518326362e-01 6.535348669947970146e-01
3.258897128408419497e-01 -2.310178169452653807e-01
-7.841861533604843615e-01 1.039988040081077258e+00
-9.271679370194672032e-01 7.956025960905142025e-01
8.557381818057187006e-01 -3.434996647005956194e-01
-4.931089951167022534e-01 1.194010680203906605e-01
6.642091610997541418e-01 1.176283232378541266e+00
1.327103144846841554e+00 -4.599069256563989572e-02
-1.085154052035476602e-01 -2.920073062841482159e+00
-2.935359069633784457e-01 -3.919873414564209457e-01
2.925030865923718970e-01 8.080987605662638407e-01
2.612873573358993062e-01 -1.291143699237414233e-01
-1.803832672927641267e+00 -2.089310620195852675e+00
-2.560563549893515867e-01 1.318328959731414285e+00
-2.649419730537993511e-01 -3.739379684528523762e-02
6.353368280230174969e-01 8.454474004818125082e-03
9.517681964725213106e-01 -9.284287134433252264e-01
-1.049326316456950625e+00 1.448440893009813601e-01
-7.424511062433609698e-01 7.042732248117004046e-01
5.247578495730831349e-01 -2.317243115483284210e+00
-7.148089535732482513e-01 8.090528488803149232e-01
-3.169249390421252088e-01 -2.367385452138160429e-01
1.354992500028720626e+00 -4.343773452763848852e-01
-3.284542013535456939e-01 -4.944016360854753822e-01
1.109256292660537602e+00 -1.990936500789867836e+00
-5.571425845355471029e-01 4.083061553164096247e-01
-2.069303705331184129e-01 -5.000801123501531498e-01
4.843860771286048750e-01 -8.706987484252484144e-01
1.965938992967574572e+00 5.909877738578668271e-01
