-1.349646816270670513e+00 4.720717739389747036e-01
3.706814971122863178e-01 -6.360999519160362992e-01
-3.398868705506360999e-01 1.270594026122036757e+00
2.274595813294818733e-02 1.802517140385620220e-01
-6.670933182511088466e-01 8.519362034038772125e-01
1.301931715256068323e+00 -8.812284645460662924e-01
-1.004316624758289311e+00 1.228357341194397795e-01
-1.215163877804536385e+00 -5.982635380120727708e-01
-4.777024107735770020e-01 -1.063738298897395795e+00
-6.144140474184887069e-01 1.653646349209389799e+00
7.429157832014146035e-01 6.150200194595530911e-01
1.428324823409963217e-02 5.882615624391137610e-01
-1.446778192320223200e+00 6.235272793614187181e-01
-2.270320002300735940e+00 3.881782065626719347e-01
7.881593690891693926e-01 1.087959305150445033e+00
-4.300254247941973085e-01 -6.849876970544719335e-01
1.201863754864194833e+00 1.288079479905273050e-01
6.957805039384694634e-01 8.281020547340501858e-01
2.876394986553960087e-01 -1.668635081961507227e+00
1.481606756570718497e+00 -1.620166634545044948e-01
1.169204661327147399e+00 -2.905908208205523202e-01
-3.192772274812934186e-02 -2.416389844277724852e-02
1.202663721532472030e+00 5.221689312102425484e-01
-6.396527233482859343e-01 -1.133785040691620338e+00
1.381763389228948258e+00 -3.445299260697864518e+00
-1.271137988513098893e+00 9.011477711724983353e-01
-1.168070334678830369e+00 -2.635805199545937158e-02
-1.000201450570792350e+00 6.950620449921497690e-02
-5.255006972921566488e-01 2.844252690834109809e-01
-7.745066958587528902e-03 1.580637375424860658e-01
4.927081249260442108e-01 -1.188796331636325698e+00
-4.269314099921479033e-01 -1.867253259609868765e+00
-9.898103273669056623e-02 4.740214981932360239e-01
-1.741888474899264405e-01 1.642625588024139993e-01
-1.258777244419020391e-01 -2.118030142541071914e+00
-3.624785292342725396e-01 1.695418733550599466e+00
8.275675708025120869e-01 2.123619559761716236e+00
-6.904264423005064266e-01 6.872300610132593413e-01
-4.954262390538944905e-01 3.249562292138861719e-01
7.667552407609742326e-01 -7.268369286474410940e-01
3.096035639828420005e-01 1.694744112683161053e+00
1.763556934367347173e+00 -5.461376571646383571e-01
4.913655097029868135e-01 4.637005817551806963e-01
3.534717315746119803e-01 -4.392655339371330236e-01
-7.798338039888090822e-01 -2.398709873680042737e+00
1.490598694532378143e+00 -1.823116959131267478e+00
2.222937148106700345e-01 -2.350332986982489603e-01
7.592601454532857952e-01 8.653763990058865874e-01
-1.391253073377988481e-01 9.407116123553999065e-02
1.595389411306201932e+00 -9.517298893507161184e-01
-3.390200737352600524e-01 3.758489498804856027e-02
-1.349119492880057170e+00 -6.924688169897942336e-01
-2.287818111251894493e+00 2.777008140789508084e-01
-7.429080966999211944e-01 1.722509255524655947e+00
1.244681401033958634e+00 -1.190333611450835605e+00
4.821728636512583321e-01 8.132980419440178910e-01
