-1.657592455678106313e+00 -1.688773607508973207e+00
7.103995662362420083e-01 8.424203259645559605e-01
-5.088003692452910398e-01 -9.077835341447973994e-01
-3.203070491176204793e-01 -1.585958546846142625e-01
1.158821467835560837e+00 4.240192321362523109e-01
-2.351302414029936283e-01 -2.474092317496629778e-01
1.446324888730576852e+00 9.330071867501397165e-01
5.913913959912665552e-01 2.470619416417897396e-01
-9.374074513537582476e-01 -6.244683054643224152e-01
-5.679673154477253849e-01 2.784561672116846465e-01
-1.540672846907620075e+00 -9.668465605674855246e-01
7.614108114730562260e-01 -3.979675542459049087e-01
-5.557480043860218988e-01 -7.573715698796552598e-01
2.964308300307441080e-01 -1.037589950885412282e+00
4.308431908521032638e-01 -1.144770217321920081e+00
-5.423079445216932859e-01 -2.546261385178380188e+00
-5.764076938031067465e-01 2.608280325474262584e-01
-1.185853592120380107e+00 8.048371471066899374e-02
1.511701775462495068e+00 -1.449876734258573330e-01
-4.793240408154491594e-01 7.486979822912672722e-01
3.926252969345259136e-01 3.165707043838971724e-01
-1.557978780386349849e-01 -2.756123165724550517e-01
1.303024297334492765e+00 -6.447304050313183710e-02
5.729455192933969876e-01 -3.323474741628179019e-01
-6.930094007276995649e-01 1.365277285605456248e+00
1.134172250579779329e+00 2.100544127770243907e+00
-2.009975138641079129e-01 1.504340421132893679e+00
-1.422687338370575816e+00 3.673530478037528857e-02
3.791816663047882230e-01 -1.724005065921063062e+00
1.021237343591728353e+00 2.343674510486528084e-01
-7.454135772199469434e-01 8.862716701224380156e-01
-5.587784857600993638e-01 -1.720049917297741038e+00
-2.063661303625675902e+00 -6.398817914688174902e-02
-2.799790025793869597e-01 1.527429305213712896e+00
-1.685325558814210201e+00 -1.615346663590550680e+00
1.201925510676413067e+00 7.979200278919654776e-01
6.764661375289446887e-01 9.730648973280865421e-01
-9.144015289783579137e-01 -1.595545622253635276e+00
1.990631983646970138e+00 1.538413085947184789e-01
-1.166781872936148545e+00 2.093187732158303394e-01
-1.491628859905423488e+00 -1.270641928680805943e+00
-1.750837760841785995e+00 1.929917312337274371e+00
-7.237280685081191045e-01 -8.880585259144202492e-01
-2.209278429105806241e-01 5.549672858738821102e-01
6.457928844452365258e-01 3.356854714460603684e-01
9.160093608889972872e-02 -9.511286855889414804e-01
-2.720392220784003667e-01 -4.524064417340136202e-01
-4.833336688181762431e-01 1.042939207334330876e+00
-1.697838976369347108e+00 6.834827642014384974e-01
1.550096742759614621e-01 -1.649984036328801251e-02
-5.848112252940163014e-01 1.314395198889612759e+00
8.676532485855723009e-02 2.983225088252710600e-01
-6.153584292479413742e-01 1.194807118365754373e-01
-9.062439527800221217e-01 -1.372782690150305740e+00
-6.445077747253534495e-02 9.159944051067969717e-01
-1.665810548312028627e-01 -1.266488995588815003e+00
