-2.592522363577398625e-01 -1.574736398417690975e-01
1.013421594345925714e+00 -8.048190286861904852e-01
1.001280485840339907e+00 9.021745871756090551e-01
1.471091032509358021e+00 7.556386833812009929e-01
-3.541079277216963028e-01 -3.788229492401071208e-02
8.863597189419849531e-01 -7.333512092065758159e-01
8.955337039554995826e-01 -5.262499899201341647e-01
-1.251748013925648162e-01 -4.748989907245730613e-02
1.258521174381038721e+00 -6.034073122468032180e-01
-9.335263813027666613e-01 -6.100383723290953020e-01
-5.691919074073039653e-01 9.751733769941749452e-01
-1.116047393658693432e+00 -1.898970393016044811e-01
3.860844452060192555e-01 8.185452775958957927e-01
2.929375191999054051e-01 -1.132080830925371595e+00
-1.971660612350166542e+00 6.680679195299527029e-02
2.126132373683080057e-01 -1.225927492373803496e+00
-5.732094752478406052e-01 1.110663379319515753e+00
2.674736446358109809e+00 1.189186238460302469e+00
-6.975422464048067761e-01 -1.302238749257094375e+00
1.957119384411615926e+00 6.793329592817302087e-01
1.067756421930668109e+00 -3.673832013467439594e-01
-2.033206976589495840e-01 -5.614454851202479446e-01
2.192080065879005168e+00 1.218431726387502190e+00
1.009232808454531893e+00 -4.922714856756315038e-01
3.931779213204105727e-01 -5.656091277688197749e-01
1.611471610262205756e+00 8.944927203968822127e-02
6.135422469946933965e-01 6.376541203560055771e-02
-1.045050881388261965e-01 1.820527098824519019e+00
-6.744787028221316261e-01 -2.250658941626428433e+00
4.506621053161065649e-01 -7.480332562178321210e-01
1.712463188036651651e+00 -4.873395299987599572e-01
-1.089491405496232357e+00 3.358834860890104190e-01
1.197891107142264211e+00 -2.393762508198117311e-01
-1.704510509567099374e+00 1.295398434187176135e-03
1.342959869098542258e+00 -1.801542570555054512e+00
-5.040988315545914533e-01 -1.497456796039088545e+00
8.778121810983724460e-01 4.023470553954337503e-01
-7.453607393681146998e-02 -3.592205213879691161e-01
5.014462868246594845e-02 -7.283627503491494348e-01
-1.392370630183209945e+00 -1.127158296765226275e+00
6.319515468398567704e-01 4.965350471203252014e-01
-1.034443216867748871e+00 -9.476712277589336431e-01
-1.172906524481476254e+00 -5.451933945181842711e-01
-1.996699454868204437e+00 9.661769589480859732e-01
-7.037516359029302171e-01 5.932546655878512265e-01
-3.293580369641564976e-01 1.573056891739147978e-01
5.771605119790618188e-01 4.943984153577802854e-01
1.461190173608044152e+00 -6.798718170711662845e-01
1.430328954592561930e+00 -3.835765153666139682e-01
8.771696101351911246e-01 -5.275098252559110579e-01
-8.543931586026697333e-01 -1.244818727168304773e-01
8.513471054081986900e-01 4.115815804243462273e-01
4.031215379758431028e-01 5.042235345976304323e-02
-2.882262097286668046e-01 7.908863179473584193e-01
1.570112939111163231e+00 1.610669443522415589e+00
-5.059218911067389080e-01 -1.408752773732226293e+00
